0  1.6017126602712808  0.8008563301356404  2.4016177152431664
1  0.8900452244253491  0.44502261221267453  1.7788557741129802
2  -0.007436117344896211  -0.0037180586724481057  0.9934928442149741
3  0.05274203179208203  0.026371015896041013  1.046153200840143
4  -0.12240979332143058  -0.06120489666071529  0.8928823258414448
5  -0.14602045771630986  -0.07301022885815493  0.8722212383034846
6  -0.17131219170637588  -0.08565609585318794  0.8500890898295566
7  0.8586013775948849  0.42930068879744243  1.751340069301415
8  -0.20643362810469867  -0.10321681405234934  0.8193552206021398
9  0.21154202347662904  0.10577101173831452  1.1851150053175024
10  -0.24283805376276285  -0.12141902688138143  0.7874986403420117
11  -0.29406336130189054  -0.14703168065094527  0.742672686039159
12  -0.3814107469864228  -0.1907053734932114  0.6662372265511369
13  -0.4434707827133978  -0.2217353913566989  0.6119300791825074
14  -0.4787510368409161  -0.23937551842045804  0.5810572326289719
15  -0.5172438603660655  -0.25862193018303276  0.547373148897349
16  -0.5625414594937506  -0.2812707297468753  0.5077343803652993
17  -0.5992797425233548  -0.2996398712616774  0.4755856500723207
18  -0.6330790495269687  -0.31653952476348435  0.446008742407007
19  -0.618681820829942  -0.309340910414971  0.45860738840181486
20  -0.7063139076282728  -0.3531569538141364  0.3819227942627736
21  -0.744737739997674  -0.372368869998837  0.3482990829240838
22  -0.7904983121919489  -0.39524915609597444  0.3082551785222191
23  -0.8145428008662532  -0.4072714004331266  0.2872144624713385
24  -0.8117824481299746  -0.4058912240649873  0.28962997643426913
25  -0.8291324071420714  -0.4145662035710357  0.2744474717857893
26  -0.8437494580179911  -0.42187472900899553  0.2616564650337857
27  -0.8694756244009694  -0.4347378122004847  0.2391441559024035
28  -0.885934937080375  -0.4429674685401875  0.22474103304248053
29  -0.9116428317805779  -0.45582141589028896  0.2022447129925987
30  -0.8693090514746123  -0.4346545257373062  0.23928991960288043
31  -0.9210375800226261  -0.4605187900113131  0.19402360948700853
32  -0.9278152456808583  -0.46390762284042913  0.18809264790432087
33  -0.9313406886875726  -0.4656703443437863  0.18500762304633292
34  -0.9342865436676531  -0.46714327183382653  0.18242978082217345
35  -0.9366253965691405  -0.46831269828457023  0.18038311056640025
36  -0.9380649148188831  -0.46903245740944155  0.17912342502460438
37  -0.9394990871901465  -0.46974954359507326  0.17786841752411134
38  -0.9405694596319311  -0.47028472981596553  0.17693176202183217
39  -0.941156822818622  -0.470578411409311  0.17641777554462704
40  -0.9419480503730534  -0.4709740251865267  0.17572539258194775
41  -0.943158976083582  -0.471579488041791  0.17466574251497952
42  -0.9443182333207191  -0.47215911666035953  0.17365130620539826
43  -0.9453494394393197  -0.47267471971965985  0.17274892414914794
44  -0.9470012056415409  -0.47350060282077044  0.17130350586164997
45  -0.9475660046135002  -0.4737830023067501  0.17080926475069116
46  -0.9484627520134008  -0.4742313760067004  0.17002454407452064
47  -0.9498150811653535  -0.47490754058267676  0.16884115547853135
48  -0.9514443198229375  -0.47572215991146877  0.16741545046821946
49  -0.9551372099138673  -0.47756860495693365  0.16418389695660743
50  -0.9455482644932226  -0.4727741322466113  0.17257493743811247
51  -0.9569236011714375  -0.47846180058571874  0.1626206717320894
52  -0.9594922146055072  -0.4797461073027536  0.16037294392041448
53  -0.9626547293908465  -0.48132736469542325  0.15760550825121067
54  -0.9660357648797598  -0.4830178824398799  0.1546468507125207
55  -0.9726033885059135  -0.4863016942529568  0.1488996915311058
56  -0.9756889497137987  -0.48784447485689936  0.14619959596608323
57  -0.9814264094619487  -0.49071320473097435  0.14117889192660865
58  -0.9878369339524319  -0.49391846697621594  0.1355692061741469
59  -0.9916148579735125  -0.4958074289867562  0.13226324164871675
60  -0.9953527601010581  -0.49767638005052905  0.128992299257011
61  -0.9991276704267998  -0.4995638352133999  0.12568897193916498
62  -1.006171913827988  -0.503085956913994  0.11952473500298567
63  -1.0108303860916816  -0.5054151930458408  0.11544822526892642
64  -1.0138672763596854  -0.5069336381798427  0.11279072039650895
65  -1.0170036377195106  -0.5085018188597553  0.11004617091995639
66  -1.0191061527958307  -0.5095530763979154  0.10820631384032454
67  -1.0211031865168514  -0.5105515932584257  0.10645876079242239
68  -1.0243164886708034  -0.5121582443354017  0.10364688239805088
69  -1.0275455145976489  -0.5137727572988244  0.10082124453284252
70  -1.031447436484726  -0.515723718242363  0.0974067726515402
71  -1.039444045504433  -0.5197220227522165  0.09040914496094288
72  -1.047551132047421  -0.5237755660237104  0.08331484122001041
73  -1.0528740687613767  -0.5264370343806883  0.0786568756682272
74  -1.0586055240164036  -0.5293027620082018  0.07364142600685741
75  -1.0642990408760462  -0.5321495204380231  0.06865917526335695
76  -1.0675401199156664  -0.5337700599578332  0.06582299002794424
77  -1.0687432894229825  -0.5343716447114912  0.06477012721570367
78  -1.071404363295112  -0.535702181647556  0.06244148964339667
79  -1.0759432071029258  -0.5379716035514629  0.05846966370635497
80  -1.0797524349184606  -0.5398762174592303  0.0551363060323597
81  -1.0808410803626485  -0.5404205401813242  0.054183660293807556
82  -1.0832669271478588  -0.5416334635739294  0.05206086391905669
83  -1.0847546428418275  -0.5423773214209138  0.05075900202857333
84  -1.085817420365376  -0.542908710182688  0.04982899264467071
85  -1.0864509977357746  -0.5432254988678873  0.049274565319249376
86  -1.0869494631481378  -0.5434747315740689  0.04883837100691502
87  -1.0875245260701334  -0.5437622630350667  0.04833514817622826
88  -1.0879368065220008  -0.5439684032610004  0.0479743721148791
89  -1.0883487716809077  -0.5441743858404539  0.04761387195832221
90  -1.088951092879653  -0.5444755464398265  0.04708679610797273
91  -1.089799408908099  -0.5448997044540494  0.04634445648421462
92  -1.0908089058525103  -0.5454044529262552  0.045461071570136916
93  -1.0916469695839703  -0.5458234847919852  0.0447277034688208
94  -1.0925958836183345  -0.5462979418091672  0.043897333107271445
95  -1.0935937674280414  -0.5467968837140207  0.043024110549860536
96  -1.0945982267852044  -0.5472991133926022  0.042145133899327634
97  -1.0935872306789138  -0.5467936153394569  0.043029830691559176
98  -1.094984399545945  -0.5474921997729725  0.041807204009638985
99  -1.0955385352868257  -0.5477692676434128  0.04132229401901917
100  -1.095810558905165  -0.5479052794525825  0.04108425311949579
101  -1.0959688356457542  -0.5479844178228771  0.04094574919864696
102  -1.0961977113148587  -0.5480988556574293  0.04074546596410562
103  -1.0962914088716846  -0.5481457044358423  0.040663473632534704
104  -1.0964537733537214  -0.5482268866768607  0.04052139263386765
105  -1.0965107384857424  -0.5482553692428712  0.0404715439062074
106  -1.0966227796544048  -0.5483113898272024  0.040373499549857535
107  -1.0968101829580763  -0.5484050914790382  0.040209507719839416
108  -1.0970028536105398  -0.5485014268052699  0.040040906567835904
109  -1.0970949296672023  -0.5485474648336012  0.03996033316951735
110  -1.0972737086608704  -0.5486368543304352  0.039803888252239863
111  -1.0973152339864938  -0.5486576169932469  0.03976755050361075
112  -1.097352290871829  -0.5486761454359145  0.03973512297260234
113  -1.0973839548451607  -0.5486919774225804  0.039707414640728834
114  -1.0974297648663867  -0.5487148824331933  0.039667327464746174
115  -1.0975196092901491  -0.5487598046450746  0.03958870691120696
116  -1.097593593253364  -0.548796796626682  0.0395239654403689
117  -1.0976790702327068  -0.5488395351163534  0.039449166725553195
118  -1.097727383583722  -0.548863691791861  0.039406888949803966
119  -1.0977643379374709  -0.5488821689687354  0.03937455114156003
120  -1.097792998109467  -0.5488964990547335  0.03934947135928195
121  -1.0978359104352944  -0.5489179552176472  0.03931191988230741
122  -1.0979150227406318  -0.5489575113703159  0.03924269073065928
123  -1.0980325749559312  -0.5490162874779656  0.03913982379858307
124  -1.098174426340646  -0.549087213170323  0.039015693285863955
125  -1.0984658737743578  -0.5492329368871789  0.038760655103120704
126  -1.0985837666280445  -0.5492918833140222  0.038657490087118496
127  -1.0987474569227609  -0.5493737284613804  0.03851424890374105
128  -1.0989014286568504  -0.5494507143284252  0.03837951218379155
129  -1.0989739705244492  -0.5494869852622246  0.038316032653882504
130  -1.0991147312356513  -0.5495573656178256  0.03819285656161286
131  -1.099242802505467  -0.5496214012527335  0.03808078467441368
132  -1.0993484392887511  -0.5496742196443756  0.03798834463163644
133  -1.0992943896337828  -0.5496471948168914  0.038035642100018564
134  -1.099399882743674  -0.549699941371837  0.03794332778214678
135  -1.0994359025153062  -0.5497179512576531  0.0379118078027703
136  -1.0994163394649392  -0.5497081697324696  0.03792892692696698
137  -1.0994697648666087  -0.5497348824333044  0.03788217572665411
138  -1.0994962857292974  -0.5497481428646487  0.03785896799914473
139  -1.0995279706309922  -0.5497639853154961  0.03783124135339689
140  -1.0995571756478337  -0.5497785878239169  0.03780568479135275
141  -1.099586791590713  -0.5497933957953565  0.037779768638460456
142  -1.0996125530406178  -0.5498062765203089  0.037757225453623
143  -1.0996416579992372  -0.5498208289996186  0.03773175644996571
144  -1.0996377614144763  -0.5498188807072382  0.03773516625146458
145  -1.0996497205487954  -0.5498248602743977  0.03772470111939918
146  -1.0996545610545512  -0.5498272805272756  0.037720465316819655
147  -1.0996593761434201  -0.5498296880717101  0.037716251755906635
148  -1.0996583577707784  -0.5498291788853892  0.03771714290771609
149  -1.0996618168380892  -0.5498309084190446  0.037714115966529134
150  -1.0996645421493418  -0.5498322710746709  0.03771173111647079
151  -1.099667815358736  -0.549833907679368  0.037708866814785226
152  -1.0996709465778545  -0.5498354732889272  0.03770612676515238
153  -1.0996763085139667  -0.5498381542569833  0.03770143467222628
154  -1.0996819358441425  -0.5498409679220713  0.03769651033975416
155  -1.09969061265948  -0.54984530632974  0.037688917480940796
156  -1.0996953337005821  -0.5498476668502911  0.037684786218819225
157  -1.0997044774201588  -0.5498522387100794  0.03767678478406773
158  -1.0997067428710168  -0.5498533714355084  0.03767480234605974
159  -1.099717367374214  -0.549858683687107  0.03766550511549757
160  -1.0997203648835312  -0.5498601824417656  0.03766288207188631
161  -1.099722700472979  -0.5498613502364895  0.03766083825739522
162  -1.099724424277817  -0.5498622121389085  0.037659329799943096
163  -1.0997260785911567  -0.5498630392955783  0.03765788215272089
164  -1.09972702719888  -0.54986351359944  0.03765705205040434
165  -1.0997282540423006  -0.5498641270211503  0.03765597847115705
166  -1.0997297148897265  -0.5498648574448632  0.03765470012099961
167  -1.0997330928013396  -0.5498665464006698  0.03765174419708462
168  -1.099736985301871  -0.5498684926509355  0.037648337969590266
169  -1.0997391501964486  -0.5498695750982243  0.037646443525807136
170  -1.0997427334085115  -0.5498713667042557  0.0376433079487281
171  -1.0997473053817959  -0.5498736526908979  0.037639307132034824
172  -1.099753516513356  -0.549876758256678  0.03763387192992748
173  -1.0997574348367984  -0.5498787174183992  0.037630443105465324
174  -1.099761324618378  -0.549880662309189  0.03762703925725616
175  -1.0997642314363891  -0.5498821157181946  0.03762449557528341
176  -1.0997669271096564  -0.5498834635548282  0.037622136660666806
177  -1.0997701087928093  -0.5498850543964047  0.03761935245125018
178  -1.0997733585369118  -0.5498866792684559  0.03761650868344024
179  -1.0997750764472258  -0.5498875382236129  0.03761500538413505
180  -1.0997772259169623  -0.5498886129584811  0.03761312443823528
181  -1.0997796922834113  -0.5498898461417057  0.03761096618414074
182  -1.0997794729167762  -0.5498897364583881  0.037611158146263216
183  -1.099780898692738  -0.549890449346369  0.037609910486245596
184  -1.0997822031001818  -0.5498911015500909  0.03760876903270868
185  -1.0997832917987704  -0.5498916458993852  0.037607816340464804
186  -1.099784735959183  -0.5498923679795915  0.03760655259268523
187  -1.0997866365608813  -0.5498933182804406  0.03760488942483
188  -1.0997857293388555  -0.5498928646694278  0.03760568331158288
189  -1.099787181783689  -0.5498935908918445  0.03760441231431879
190  -1.0997880287653325  -0.5498940143826663  0.03760367114238112
191  -1.0997882101671022  -0.5498941050835511  0.03760351240233981
192  -1.0997883115616178  -0.5498941557808089  0.03760342367459674
193  -1.0997883671028443  -0.5498941835514222  0.03760337507189232
194  -1.099788423359457  -0.5498942116797285  0.03760332584317176
195  -1.099788452741667  -0.5498942263708335  0.037603300131552525
196  -1.099788482321625  -0.5498942411608125  0.03760327424688904
197  -1.0997884831150722  -0.5498942415575361  0.03760327355256383
198  -1.099788497866539  -0.5498942489332695  0.037603260643933024
199  -1.09978852012949  -0.549894260064745  0.037603241162195114
200  -1.0997885315467546  -0.5498942657733773  0.03760323117123928
201  -1.0997885620763643  -0.5498942810381822  0.03760320445555993
202  -1.0997885980340936  -0.5498942990170468  0.037603172989872265
203  -1.0997886423612042  -0.5498943211806021  0.03760313420035334
204  -1.0997887109895488  -0.5498943554947744  0.03760307414544718
205  -1.0997887602337628  -0.5498943801168814  0.03760303105309704
206  -1.0997888052772389  -0.5498944026386194  0.0376029916367051
207  -1.0997888356630057  -0.5498944178315028  0.03760296504689902
208  -1.0997888770452917  -0.5498944385226459  0.03760292883432067
209  -1.0997889244594385  -0.5498944622297193  0.037602887343415464
210  -1.099788945836757  -0.5498944729183785  0.037602868636671824
211  -1.0997889704089665  -0.5498944852044833  0.03760284713416071
212  -1.0997890098089216  -0.5498945049044608  0.0376028126562694
213  -1.0997890304566222  -0.5498945152283111  0.037602794587995515
214  -1.0997890567700646  -0.5498945283850323  0.037602771561776265
215  -1.0997891138689357  -0.5498945569344679  0.03760272159601689
216  -1.0997892193071723  -0.5498946096535862  0.03760262932971724
217  -1.099789323906497  -0.5498946619532485  0.03760253779752784
218  -1.09978944165796  -0.54989472082898  0.03760243475623918
219  -1.0997895619423332  -0.5498947809711666  0.037602329498465786
220  -1.0997896402439304  -0.5498948201219652  0.03760226097874405
221  -1.0997897725167247  -0.5498948862583624  0.03760214523021044
222  -1.0997899134813434  -0.5498949567406717  0.03760202187568399
223  -1.0997900393780928  -0.5498950196890464  0.03760191170666384
224  -1.0997901614958534  -0.5498950807479267  0.03760180484454006
225  -1.0997901129222425  -0.5498950564611212  0.03760184735006258
226  -1.099790255502841  -0.5498951277514205  0.03760172258143361
227  -1.0997904019887015  -0.5498952009943507  0.03760159439540981
228  -1.0997905256745757  -0.5498952628372878  0.03760148616106996
229  -1.0997906674099571  -0.5498953337049786  0.037601362132068744
230  -1.0997908534489556  -0.5498954267244778  0.03760119933410729
231  -1.0997906478877204  -0.5498953239438602  0.03760137921547796
232  -1.0997908916392805  -0.5498954458196402  0.03760116591473235
233  -1.0997909627849929  -0.5498954813924964  0.03760110365694206
234  -1.0997909957548229  -0.5498954978774114  0.03760107480588849
235  -1.0997910350835718  -0.5498955175417859  0.03760104039030786
236  -1.0997910336900643  -0.5498955168450321  0.0376010416097306
237  -1.099791051262959  -0.5498955256314795  0.03760102623214065
238  -1.0997910714990038  -0.5498955357495019  0.03760100852409623
239  -1.0997910911937236  -0.5498955455968618  0.03760099128975144
240  -1.0997911035980916  -0.5498955517990458  0.0376009804350068
241  -1.0997911003908616  -0.5498955501954308  0.03760098324157164
242  -1.099791111179109  -0.5498955555895545  0.03760097380105272
243  -1.0997911191485996  -0.5498955595742998  0.03760096682715564
244  -1.099791120601863  -0.5498955603009315  0.03760096555544217
245  -1.099791123543253  -0.5498955617716265  0.03760096298150712
246  -1.0997911269901344  -0.5498955634950672  0.03760095996522947
247  -1.0997911309921926  -0.5498955654960963  0.03760095646313083
248  -1.0997911350975957  -0.5498955675487979  0.037600952870597726
249  -1.0997911382483352  -0.5498955691241676  0.037600950113466355
250  -1.099791141759566  -0.549895570879783  0.03760094704087818
251  -1.0997911452633047  -0.5498955726316523  0.037600943974846264
252  -1.0997911496511588  -0.5498955748255794  0.03760094013514757
253  -1.0997911513873586  -0.5498955756936793  0.03760093861584356
254  -1.0997911526442294  -0.5498955763221147  0.037600937515988093
255  -1.0997911544318755  -0.5498955772159377  0.03760093595166485
256  -1.0997911563119656  -0.5498955781559828  0.03760093430644618
257  -1.0997911599441317  -0.5498955799720658  0.03760093112803066
258  -1.099791161816698  -0.549895580908349  0.03760092948939584
259  -1.0997911647428713  -0.5498955823714357  0.03760092692877655
260  -1.0997911653989885  -0.5498955826994942  0.03760092635462523
261  -1.0997911703424963  -0.5498955851712481  0.03760092202868818
262  -1.0997911746002045  -0.5498955873001022  0.037600918302876825
263  -1.0997911814017125  -0.5498955907008563  0.037600912351051397
264  -1.099791189401186  -0.549895594700593  0.03760090535091705
265  -1.099791142339658  -0.549895571169829  0.037600946533254555
266  -1.0997911918149166  -0.5498955959074583  0.03760090323872328
267  -1.0997911983834558  -0.5498955991917279  0.03760089749076285
268  -1.0997912049521728  -0.5498956024760864  0.03760089174264696
269  -1.0997912152683402  -0.5498956076341701  0.0376008827152331
270  -1.0997912231159228  -0.5498956115579614  0.03760087584801462
271  -1.0997912290319485  -0.5498956145159742  0.03760087067105212
272  -1.0997912359304656  -0.5498956179652328  0.03760086463433654
273  -1.0997912417196  -0.5498956208598  0.03760085956841325
274  -1.0997912536316181  -0.5498956268158091  0.03760084914451143
275  -1.099791257038895  -0.5498956285194475  0.0376008461628907
276  -1.0997912688656453  -0.5498956344328226  0.037600835813604544
277  -1.09979127208106  -0.54989563604053  0.03760083299987741
278  -1.099791276226382  -0.549895638113191  0.03760082937241244
279  -1.0997912821761446  -0.5498956410880723  0.03760082416592755
280  -1.0997912893163444  -0.5498956446581722  0.03760081791772166
281  -1.0997912955196405  -0.5498956477598202  0.037600812489376155
282  -1.0997913025030401  -0.5498956512515201  0.03760080637838204
283  -1.0997913109470518  -0.5498956554735259  0.03760079898924372
284  -1.09979132584391  -0.549895662921955  0.03760078595338475
285  -1.099791337967072  -0.549895668983536  0.03760077534471624
286  -1.0997913489512547  -0.5498956744756274  0.03760076573273938
287  -1.0997913563165895  -0.5498956781582948  0.0376007592875236
288  -1.099791365853771  -0.5498956829268855  0.037600750941780406
289  -1.0997913877925278  -0.5498956938962639  0.03760073174373636
290  -1.0997913995013004  -0.5498956997506502  0.03760072149768941
291  -1.0997914353523113  -0.5498957176761556  0.03760069012538829
292  -1.0997914542004494  -0.5498957271002247  0.03760067363186545
293  -1.0997914713634165  -0.5498957356817082  0.03760065861299268
294  -1.099791490954058  -0.549895745477029  0.03760064146972414
295  -1.0997915201210773  -0.5498957600605386  0.03760061594641282
296  -1.0997915834046739  -0.5498957917023369  0.03760056056855869
297  -1.0997916030591055  -0.5498958015295528  0.03760054336946909
298  -1.0997916510652346  -0.5498958255326173  0.03760050136053539
299  -1.0997916766081883  -0.5498958383040942  0.03760047900855094
300  -1.0997917132280184  -0.5498958566140092  0.03760044696347581
301  -1.0997917879132706  -0.5498958939566353  0.03760038160832494
302  -1.0997919831610832  -0.5498959915805416  0.03760021075196614
303  -1.0997922585153121  -0.5498961292576561  0.03759996979653457
304  -1.099792526075725  -0.5498962630378625  0.037599735661271755
305  -1.0997926864949916  -0.5498963432474958  0.037599595282481336
306  -1.0997928124644734  -0.5498964062322367  0.03759948504981504
307  -1.0997928562054724  -0.5498964281027362  0.03759944677318737
308  -1.099792965008745  -0.5498964825043725  0.0375993515622309
309  -1.0997930402777656  -0.5498965201388828  0.03759928569623929
310  -1.099793043237305  -0.5498965216186525  0.03759928310642209
311  -1.099793110799863  -0.5498965553999315  0.03759922398415846
312  -1.0997931857432595  -0.5498965928716297  0.03759915840311223
313  -1.0997932322725172  -0.5498966161362586  0.03759911768655077
314  -1.0997933232008792  -0.5498966616004396  0.037599038117470694
315  -1.09979348186939  -0.549896740934695  0.03759889927072179
316  -1.0997936422700938  -0.5498968211350469  0.03759875890817512
317  -1.0997938225411652  -0.5498969112705826  0.03759860115757884
318  -1.0997939706929574  -0.5498969853464787  0.03759847151374097
319  -1.0997940893548888  -0.5498970446774444  0.03759836767572477
320  -1.09979409459942  -0.54989704729971  0.03759836308636983
321  -1.0997942083532197  -0.5498971041766099  0.03759826354333392
322  -1.099794380364838  -0.549897190182419  0.03759811302037347
323  -1.0997946193121664  -0.5498973096560832  0.037597903923687934
324  -1.0997948623191556  -0.5498974311595778  0.037597691274497205
325  -1.0997951305949658  -0.5498975652974829  0.03759745651320854
326  -1.0997953836537355  -0.5498976918268678  0.03759723506796219
327  -1.0997956687800372  -0.5498978343900186  0.03759698556124015
328  -1.099795984569654  -0.549897992284827  0.03759670922183651
329  -1.0997965706623078  -0.5498982853311539  0.03759619634717014
330  -1.0997968536192777  -0.5498984268096389  0.0375959487387748
331  -1.099797063688721  -0.5498985318443605  0.03759576491238659
332  -1.0997974423575387  -0.5498987211787694  0.03759543354900527
333  -1.0997976563239042  -0.5498988281619521  0.03759524631252034
334  -1.0997979297122225  -0.5498989648561112  0.03759500707740693
335  -1.099798339261468  -0.549899169630734  0.03759464869135419
336  -1.0997984902684146  -0.5498992451342073  0.0375945165490439
337  -1.0997985659352822  -0.5498992829676411  0.0375944503349065
338  -1.099798648334463  -0.5498993241672315  0.03759437822949433
339  -1.0997987100665183  -0.5498993550332592  0.037594324209354275
340  -1.0997987346360538  -0.5498993673180269  0.03759430270918319
341  -1.0997987948119972  -0.5498993974059986  0.0375942500507568
342  -1.0997988357394612  -0.5498994178697306  0.037594214236181485
343  -1.0997988801751069  -0.5498994400875534  0.037594175351686396
344  -1.099798950722207  -0.5498994753611035  0.03759411361772637
345  -1.0997989784625313  -0.5498994892312656  0.03759408934287928
346  -1.0997990228399661  -0.5498995114199831  0.03759405050932294
347  -1.0997990347774427  -0.5498995173887213  0.03759404006314303
348  -1.0997990523913013  -0.5498995261956506  0.03759402464970661
349  -1.0997990597971974  -0.5498995298985987  0.03759401816899665
350  -1.0997990794469112  -0.5498995397234556  0.03759400097403545
351  -1.0997990908686262  -0.5498995454343131  0.037593990979185345
352  -1.0997991045741797  -0.5498995522870899  0.03759397898580653
353  -1.0997991358736283  -0.5498995679368142  0.037593951596460916
354  -1.0997991238677705  -0.5498995619338852  0.03759396210247956
355  -1.0997991634031203  -0.5498995817015602  0.03759392750610772
356  -1.0997992040128415  -0.5498996020064207  0.037593891969581114
357  -1.0997992449509566  -0.5498996224754783  0.037593856145685355
358  -1.0997992698529737  -0.5498996349264869  0.03759383435456814
359  -1.0997993003739968  -0.5498996501869984  0.03759380764640278
360  -1.0997993537003268  -0.5498996768501634  0.03759376098189753
361  -1.099799421375992  -0.549899710687996  0.03759370176065659
362  -1.0997994969137392  -0.5498997484568696  0.037593635659509225
363  -1.0997995768597797  -0.5498997884298898  0.037593565700777334
364  -1.0997996882349348  -0.5498998441174674  0.03759346823923239
365  -1.099799852122979  -0.5498999260614895  0.037593324825003466
366  -1.0998000463669664  -0.5499000231834832  0.03759315484706642
367  -1.099800144484009  -0.5499000722420045  0.03759306898735597
368  -1.099800301160386  -0.549900150580193  0.03759293188387231
369  -1.0998003518562844  -0.5499001759281422  0.037592887521190416
370  -1.0998004238385772  -0.5499002119192886  0.03759282453133008
371  -1.099800509138552  -0.549900254569276  0.037592749887507354
372  -1.0998005397531754  -0.5499002698765877  0.037592723097434826
373  -1.099800633358892  -0.549900316679446  0.03759264118547017
374  -1.0998006501360083  -0.5499003250680041  0.03759262650424564
375  -1.0998006737044383  -0.5499003368522192  0.03759260588011625
376  -1.0998006576750632  -0.5499003288375316  0.03759261990701181
377  -1.0998006815336123  -0.5499003407668062  0.03759259902900668
378  -1.0998006907647342  -0.5499003453823671  0.037592590951088425
379  -1.09980070274343  -0.549900351371715  0.0375925804688386
380  -1.0998007117088033  -0.5499003558544017  0.03759257262347007
381  -1.0998007220328363  -0.5499003610164181  0.03759256358917332
382  -1.0998007195321935  -0.5499003597660967  0.037592565777421774
383  -1.0998007261772142  -0.5499003630886071  0.03759255996253435
384  -1.0998007289444456  -0.5499003644722228  0.0375925575410011
385  -1.0998007323373329  -0.5499003661686664  0.03759255457197234
386  -1.0998007352582195  -0.5499003676291098  0.03759255201597927
387  -1.0998007371615854  -0.5499003685807927  0.03759255035039252
388  -1.099800739676341  -0.5499003698381705  0.037592548149794396
389  -1.0998007409516666  -0.5499003704758333  0.037592547033789614
390  -1.099800743365046  -0.549900371682523  0.037592544921903046
391  -1.0998007472810072  -0.5499003736405036  0.0375925414951458
392  -1.0998007509852024  -0.5499003754926012  0.0375925382536995
393  -1.0998007546765387  -0.5499003773382694  0.03759253502350563
394  -1.0998007579816511  -0.5499003789908256  0.03759253213128644
395  -1.099800762224502  -0.549900381112251  0.037592528418476254
396  -1.099800765295954  -0.549900382647977  0.037592525730727314
397  -1.0998007685297064  -0.5499003842648532  0.037592522900953454
398  -1.0998007701294126  -0.5499003850647063  0.03759252150109159
399  -1.0998007722671168  -0.5499003861335584  0.03759251963044138
400  -1.0998007741640026  -0.5499003870820013  0.03759251797052524
401  -1.0998007785108228  -0.5499003892554114  0.03759251416673422
402  -1.0998007815882676  -0.5499003907941338  0.03759251147374116
403  -1.0998007855687653  -0.5499003927843826  0.03759250799050959
404  -1.0998007923801598  -0.5499003961900799  0.03759250203003271
405  -1.09980078490153  -0.549900392450765  0.037592508574389984
406  -1.099800797183743  -0.5499003985918715  0.037592497826540214
407  -1.099800806725805  -0.5499004033629025  0.037592489476526186
408  -1.099800813887066  -0.549900406943533  0.037592483209890025
409  -1.0998008185579884  -0.5499004092789942  0.03759247912248557
410  -1.0998008208332628  -0.5499004104166314  0.03759247713145122
411  -1.0998008245962736  -0.5499004122981368  0.03759247383853688
412  -1.099800828207378  -0.549900414103689  0.03759247067855201
413  -1.099800832389528  -0.549900416194764  0.03759246701885953
414  -1.0998008404402342  -0.5499004202201171  0.03759245997389287
415  -1.0998008548330065  -0.5499004274165032  0.03759244737914655
416  -1.099800831228923  -0.5499004156144615  0.03759246803447538
417  -1.0998008603912277  -0.5499004301956139  0.03759244251528955
418  -1.0998008692549257  -0.5499004346274629  0.03759243475889451
419  -1.0998008735015636  -0.5499004367507818  0.03759243104277045
420  -1.0998008759179803  -0.5499004379589901  0.037592428928226174
421  -1.0998008784842996  -0.5499004392421498  0.03759242668250583
422  -1.0998008831935362  -0.5499004415967681  0.037592422561573566
423  -1.0998008863895306  -0.5499004431947653  0.037592419764840776
424  -1.0998008928242005  -0.5499004464121002  0.03759241413402599
425  -1.0998009004253761  -0.5499004502126881  0.037592407482431874
426  -1.0998009082750986  -0.5499004541375493  0.037592400613340876
427  -1.099800926390539  -0.5499004631952695  0.037592384760983005
428  -1.0998009432926126  -0.5499004716463063  0.03759236997041148
