0  1.2818663090655225  0.6409331545327612  2.1217283673435565
1  1.1865289883387327  0.5932644941693663  2.0383011203916244
2  0.05228420363899643  0.026142101819498213  1.0457525671523298
3  -0.24323086301990654  -0.12161543150995327  0.7871549030243389
4  -0.4687111650239656  -0.2343555825119828  0.5898428672477461
5  -0.5781658138564445  -0.28908290692822225  0.49406190813780276
6  -0.6441339692370738  -0.3220669846185369  0.4363348653811178
7  -0.6858285003315127  -0.34291425016575633  0.39984904937912363
8  -0.7363016460833546  -0.3681508230416773  0.35568129258693465
9  -0.7903427870943124  -0.3951713935471562  0.3083912745508135
10  -0.8275078806983334  -0.4137539403491667  0.27586905325848526
11  -0.8640213309905053  -0.43201066549525263  0.2439170683341163
12  -0.8939564931320468  -0.4469782465660234  0.2177215748433207
13  -0.9135493496375104  -0.4567746748187552  0.20057636805846332
14  -0.9283267050209439  -0.46416335251047197  0.18764508293872384
15  -0.9394935546935501  -0.46974677734677506  0.1778732588701476
16  -0.9506690217610855  -0.47533451088054274  0.1680938939400351
17  -0.9604295567076536  -0.4802147783538268  0.15955269986029122
18  -0.9632533236849773  -0.48162666184248865  0.15708169371961103
19  -0.9788161708841228  -0.4894080854420614  0.14346304483520358
20  -0.9822647119654578  -0.4911323559827289  0.14044531488198936
21  -0.9871153293560588  -0.4935576646780294  0.13620066386987745
22  -0.9922352598505403  -0.49611762992527014  0.13172034386000536
23  -0.9972069092629269  -0.49860345463146344  0.1273697808263092
24  -0.9999930819143149  -0.49999654095715745  0.12493167251713841
25  -1.0022112558998162  -0.5011056279499081  0.1229906052891104
26  -1.0062425867777676  -0.5031212933888838  0.11946289091518117
27  -1.0108760134920383  -0.5054380067460191  0.115408297899788
28  -1.0172544398363754  -0.5086272199181877  0.10982670041270658
29  -1.0232686944841751  -0.5116343472420876  0.10456378024766781
30  -1.0264711199134453  -0.5132355599567227  0.10176141979641805
31  -1.029927889605436  -0.514963944802718  0.0987364891968252
32  -1.0341032509554418  -0.5170516254777209  0.09508273744667144
33  -1.0379442817139606  -0.5189721408569803  0.09172154983202022
34  -1.0382299519777962  -0.5191149759888981  0.09147156710263203
35  -1.0404912376525883  -0.5202456188262942  0.08949277393977009
36  -1.0424111473943904  -0.5212055736971952  0.08781271011026773
37  -1.0437192262926112  -0.5218596131463056  0.08666804377768633
38  -1.045444144236221  -0.5227220721181105  0.08515861227535003
39  -1.0470976471571547  -0.5235488235785773  0.08371167422979917
40  -1.049538915212098  -0.524769457606049  0.08157538309697752
41  -1.053164442276919  -0.5265822211384595  0.07840277724376153
42  -1.0567892265856587  -0.5283946132928293  0.07523082135736404
43  -1.0602649492032392  -0.5301324746016196  0.07218930553813643
44  -1.0623494424398918  -0.5311747212199459  0.0703652189087019
45  -1.0641177340310979  -0.5320588670155489  0.06881783223852962
46  -1.065809948386198  -0.532904974193099  0.06733701880867546
47  -1.067158293652168  -0.533579146826084  0.06615711640924782
48  -1.0690922912276253  -0.5345461456138126  0.06446472467742546
49  -1.0709072154055717  -0.5354536077027858  0.06287653102526194
50  -1.0727594931838973  -0.5363797465919486  0.06125565019435639
51  -1.0746830052886593  -0.5373415026443297  0.059572434029315564
52  -1.075386160139596  -0.537693080069798  0.058957121233158334
53  -1.0776627750096262  -0.5388313875048131  0.05696491388425728
54  -1.0791160573305139  -0.5395580286652569  0.05569318375641967
55  -1.0801512022675295  -0.5400756011337647  0.0547873549410817
56  -1.0811862956161247  -0.5405931478080623  0.053881571269448814
57  -1.082462100425214  -0.541231050212607  0.05276514716544685
58  -1.0837782861068777  -0.5418891430534388  0.051613386794359575
59  -1.0848260151938678  -0.5424130075969339  0.050696545911768184
60  -1.0856241238073117  -0.5428120619036558  0.0499981415106307
61  -1.0868584192833888  -0.5434292096416944  0.048918041160533464
62  -1.087607983175574  -0.543803991587787  0.048262117001317814
63  -1.0883234196807152  -0.5441617098403576  0.04763605684420594
64  -1.0895612875382499  -0.5447806437691249  0.0465528303946149
65  -1.0901937925326115  -0.5450968962663058  0.04599934147799056
66  -1.0912391192786557  -0.5456195596393278  0.04508460282241618
67  -1.09150416251827  -0.545752081259135  0.04485267027348701
68  -1.0918189730837544  -0.5459094865418772  0.04457718761266196
69  -1.0921417213480125  -0.5460708606740062  0.04429475887499347
70  -1.0924934451081894  -0.5462467225540947  0.04398697442316028
71  -1.0928458220322859  -0.5464229110161429  0.04367861840431424
72  -1.0934032777856597  -0.5467016388928299  0.043190803155816
73  -1.0938242424042606  -0.5469121212021303  0.042822427802635225
74  -1.0944403110467638  -0.5472201555233819  0.042283321916444606
75  -1.094915042052981  -0.5474575210264905  0.04186789697488452
76  -1.095400818626898  -0.547700409313449  0.04144280634000317
77  -1.0963451660010863  -0.5481725830005432  0.040616432145781846
78  -1.0970206867907992  -0.5485103433953996  0.04002530120865341
79  -1.0977637620171605  -0.5488818810085803  0.03937505511466929
80  -1.0983678079709076  -0.5491839039854538  0.03884646997540375
81  -1.0990408369817068  -0.5495204184908534  0.03825751953016657
82  -1.099555270251801  -0.5497776351259005  0.03780735215460727
83  -1.099831104141406  -0.549915552070703  0.037565976984313465
84  -1.1003021854648625  -0.5501510927324312  0.0371537457866372
85  -1.1004310449641266  -0.5502155224820633  0.037040984140041144
86  -1.1008818091065053  -0.5504409045532527  0.03664653198702671
87  -1.1010478124052976  -0.5505239062026488  0.036501266753038615
88  -1.1012317339399207  -0.5506158669699603  0.03634032172991644
89  -1.1015089657305914  -0.5507544828652957  0.036097723292212336
90  -1.1017639941076112  -0.5508819970538056  0.03587455449297213
91  -1.1019430088532074  -0.5509715044266037  0.035717903275221924
92  -1.102091623296921  -0.5510458116484604  0.035587854582833756
93  -1.1022994298100752  -0.5511497149050376  0.03540600842690046
94  -1.1023810798794327  -0.5511905399397163  0.03533455854297256
95  -1.1026579884144012  -0.5513289942072006  0.03509224297805207
96  -1.1027327169378003  -0.5513663584689001  0.03502684996167149
97  -1.1028443146921794  -0.5514221573460897  0.03492919362580125
98  -1.1030545164220082  -0.5515272582110041  0.034745251477118336
99  -1.1031116536104715  -0.5515558268052357  0.03469525218727337
100  -1.1032964884051817  -0.5516482442025908  0.03453350799364548
101  -1.1034101434680075  -0.5517050717340037  0.034434051359859046
102  -1.1035498289964338  -0.5517749144982169  0.03431181613249165
103  -1.1037519730691763  -0.5518759865345881  0.034134925033098576
104  -1.103880920555347  -0.5519404602776735  0.034022086391414616
105  -1.1040867725156265  -0.5520433862578132  0.03384195061462907
106  -1.1042185265517683  -0.5521092632758842  0.03372665603296551
107  -1.1043683413857242  -0.5521841706928621  0.033595556909828704
108  -1.1045770990919432  -0.5522885495459716  0.033412878389212745
109  -1.1048638141132427  -0.5524319070566214  0.033161981419333235
110  -1.1051789922442965  -0.5525894961221482  0.032886177111295024
111  -1.1054801116075579  -0.5527400558037789  0.03262267527078487
112  -1.1054787429677575  -0.5527393714838787  0.03262387293241144
113  -1.1057409942380223  -0.5528704971190112  0.032394383564333454
114  -1.1059483581668035  -0.5529741790834017  0.03221292470264668
115  -1.106130664213807  -0.5530653321069035  0.03205339335135382
116  -1.1063595740905665  -0.5531797870452833  0.03185308018256982
117  -1.1065527677105484  -0.5532763838552742  0.03168402139508869
118  -1.1067455100057446  -0.5533727550028723  0.03151535755036524
119  -1.106921595975867  -0.5534607979879335  0.031361269229000906
120  -1.1070976930675938  -0.5535488465337969  0.03120717117540537
121  -1.1072171443594183  -0.5536085721797092  0.03110264241011383
122  -1.107472202548748  -0.553736101274374  0.030879447522884938
123  -1.1075744887005652  -0.5537872443502826  0.03078993953186567
124  -1.1077054314943722  -0.5538527157471861  0.030675354847586392
125  -1.107975062266603  -0.5539875311333015  0.03043940786639109
126  -1.1080062562010027  -0.5540031281005013  0.030412110853545202
127  -1.1085467906770223  -0.5542733953385112  0.029939102981358875
128  -1.1087088163415744  -0.5543544081707872  0.029797318473192648
129  -1.1088666051856235  -0.5544333025928118  0.029659241498106757
130  -1.1090650164192888  -0.5545325082096444  0.02948561691055971
131  -1.1093648512840788  -0.5546824256420394  0.029223239101754696
132  -1.109731188497393  -0.5548655942486965  0.028902666791458354
133  -1.1100285874258262  -0.5550142937129131  0.02864242060815375
134  -1.1101842518173686  -0.5550921259086843  0.028506202687030895
135  -1.1100631557002691  -0.5550315778501346  0.028612170796782223
136  -1.1103044389884127  -0.5551522194942063  0.028401029972686575
137  -1.1104065329561346  -0.5552032664780673  0.028311690157045606
138  -1.1104765265838785  -0.5552382632919393  0.02825044052655105
139  -1.1105847510629985  -0.5552923755314992  0.028155736057441216
140  -1.1107157008311304  -0.5553578504155652  0.028041145270108894
141  -1.1108078180848844  -0.5554039090424422  0.027960535821270973
142  -1.1108837310867772  -0.5554418655433886  0.027894106298105303
143  -1.1109509892830056  -0.5554754946415028  0.02783525037365184
144  -1.1110229280703763  -0.5555114640351881  0.027772298583800377
145  -1.11109645626044  -0.55554822813022  0.027707955948370645
146  -1.1111829891530622  -0.5555914945765311  0.027632233230895163
147  -1.1112300690373715  -0.5556150345186858  0.027591034830260475
148  -1.1112923432835276  -0.5556461716417638  0.02753654023283318
149  -1.1113750484407439  -0.5556875242203719  0.027464167068549945
150  -1.1114980690638692  -0.5557490345319346  0.027356514872878674
151  -1.1115994803423022  -0.5557997401711511  0.027267772461144806
152  -1.1116891645613187  -0.5558445822806594  0.027189292098674503
153  -1.1117502085921411  -0.5558751042960706  0.02713587403116916
154  -1.1118571399900523  -0.5559285699950262  0.02704230110429809
155  -1.1119373429578496  -0.5559686714789248  0.026972117541872634
156  -1.112006261681084  -0.556003130840542  0.026911808532776818
157  -1.1121082879503772  -0.5560541439751886  0.02682252795829641
158  -1.1121686082462534  -0.5560843041231267  0.026769743212701345
159  -1.1122605103727958  -0.5561302551863979  0.02668932201617502
160  -1.1123497039909755  -0.5561748519954878  0.0266112709659285
161  -1.112457718667361  -0.5562288593336805  0.02651675008981677
162  -1.1125516550621997  -0.5562758275310998  0.026434548757219657
163  -1.1126448758651017  -0.5563224379325509  0.026352973620793738
164  -1.1127281425549955  -0.5563640712774978  0.026280109073650176
165  -1.1128315764089662  -0.5564157882044831  0.02618959675787896
166  -1.1128969401754212  -0.5564484700877106  0.0261323986003875
167  -1.1129784065253159  -0.5564892032626579  0.0260611094846548
168  -1.113044084169316  -0.556522042084658  0.02600363666096459
169  -1.113097542091742  -0.556548771045871  0.025956857002571016
170  -1.113207694999595  -0.5566038474997975  0.0258604650148806
171  -1.1130850820307068  -0.5565425410153534  0.025967760482772606
172  -1.113288859710367  -0.5566444298551835  0.02578943985581666
173  -1.1133740692114173  -0.5566870346057087  0.02571487520440219
174  -1.1134472296523101  -0.5567236148261551  0.025650854376850662
175  -1.113512572189304  -0.556756286094652  0.025593674796716724
176  -1.1135827983318003  -0.5567913991659001  0.025532221698519115
177  -1.1136413392628008  -0.5568206696314004  0.02548099402954177
178  -1.1136866218408428  -0.5568433109204214  0.025441368405577047
179  -1.1137246977534998  -0.5568623488767499  0.025408049149865407
180  -1.1137809774953038  -0.5568904887476519  0.02535880018962529
181  -1.1138429181782747  -0.5569214590891374  0.025304597484795806
182  -1.113923771814491  -0.5569618859072455  0.025233844539106213
183  -1.1139867739146232  -0.5569933869573116  0.025178713015311004
184  -1.114071418864709  -0.5570357094323545  0.025104642387982646
185  -1.1141452109204097  -0.5570726054602049  0.025040068850493764
186  -1.1142188426036848  -0.5571094213018424  0.024975635650806155
187  -1.1142573204320807  -0.5571286602160404  0.024941964688927943
188  -1.1142907584966426  -0.5571453792483213  0.024912703895268815
189  -1.1143481192198037  -0.5571740596099019  0.024862508995936415
190  -1.1144268524196517  -0.5572134262098258  0.02479361158978992
191  -1.1145243164964669  -0.5572621582482334  0.024708323273069686
192  -1.1146313491714763  -0.5573156745857382  0.024614661721204516
193  -1.114789604311596  -0.557394802155798  0.024476176702373283
194  -1.11494408778753  -0.557472043893765  0.02434099217024566
195  -1.115083040468517  -0.5575415202342585  0.024219398238897905
196  -1.1152211527450608  -0.5576105763725304  0.0240985397239483
197  -1.1153876231792468  -0.5576938115896234  0.023952865711744566
198  -1.1154440594187653  -0.5577220297093827  0.023903479804363692
199  -1.1156178305107227  -0.5578089152553614  0.023751417173577375
200  -1.115723999967922  -0.557861999983961  0.02365851100150334
201  -1.1158181884723322  -0.5579090942361661  0.02357608905427897
202  -1.1159426847468525  -0.5579713423734263  0.023467145553876103
203  -1.1160727162940158  -0.5580363581470079  0.023353358278189792
204  -1.1161662091997526  -0.5580831045998763  0.023271545031544133
205  -1.1162820070283612  -0.5581410035141806  0.023170213318315987
206  -1.1164115891684976  -0.5582057945842488  0.023056819307205722
207  -1.1165079849425348  -0.5582539924712674  0.02297246583487803
208  -1.1166846498351348  -0.5583423249175674  0.022817870913284657
209  -1.116835016434539  -0.5584175082172695  0.02268628895433942
210  -1.116936653368837  -0.5584683266844185  0.022597349076939197
211  -1.1170667226444906  -0.5585333613222453  0.02248352878601755
212  -1.1171505336346077  -0.5585752668173039  0.022410187935692796
213  -1.1172766685948852  -0.5586383342974426  0.02229981046336486
214  -1.1174342275408493  -0.5587171137704247  0.02216193466620348
215  -1.1175199623607377  -0.5587599811803688  0.02208691032173186
216  -1.1176469810213578  -0.5588234905106789  0.021975759545873285
217  -1.1177759606675057  -0.5588879803337529  0.02186289276181724
218  -1.1178888780127871  -0.5589444390063936  0.021764081685754545
219  -1.1180151036755626  -0.5590075518377813  0.021653624841994328
220  -1.1181224924522657  -0.5590612462261328  0.021559651674659862
221  -1.118246544007087  -0.5591232720035435  0.021451097337072518
222  -1.1183544744875906  -0.5591772372437953  0.02135665013861999
223  -1.1184294036161657  -0.5592147018080829  0.021291081577789108
224  -1.1184832313329598  -0.5592416156664799  0.021243978321817535
225  -1.1185479571617847  -0.5592739785808923  0.021187338407203018
226  -1.1186082188783577  -0.5593041094391789  0.021134604922855446
227  -1.1186750713196703  -0.5593375356598351  0.021076104064133978
228  -1.1187353252515315  -0.5593676626257658  0.021023377391988236
229  -1.118806842550879  -0.5594034212754395  0.020960794435507864
230  -1.1188703421113093  -0.5594351710556547  0.020905227596950092
231  -1.1189186526032433  -0.5594593263016217  0.020862952323109574
232  -1.1190404590835534  -0.5595202295417767  0.020756362592711127
233  -1.118776623161895  -0.5593883115809475  0.020987238648627036
234  -1.1190928475586965  -0.5595464237793483  0.02071051878023685
235  -1.1191716327611954  -0.5595858163805977  0.020641575867902832
236  -1.119230218402052  -0.559615109201026  0.020590309074475874
237  -1.1193164229046275  -0.5596582114523138  0.02051487372271735
238  -1.1193593292035455  -0.5596796646017728  0.02047732751973684
239  -1.119430440811057  -0.5597152204055285  0.02041509957378897
240  -1.1194814891706195  -0.5597407445853098  0.020370428462127204
241  -1.1195301118294472  -0.5597650559147236  0.020327880019035342
242  -1.119597466320135  -0.5597987331600675  0.020268939829767487
243  -1.1196001711221053  -0.5598000855610527  0.02026657292685664
244  -1.1196371927259603  -0.5598185963629801  0.02023417626976767
245  -1.119682822020149  -0.5598414110100745  0.020194247243385394
246  -1.1197213901762115  -0.5598606950881058  0.02016049723808015
247  -1.1197545191746177  -0.5598772595873088  0.020131506900296074
248  -1.11977561739947  -0.559887808699735  0.020113044384236445
249  -1.1198174640160747  -0.5599087320080374  0.02007642548210058
250  -1.1198316928830705  -0.5599158464415352  0.02006397416511735
251  -1.1198532534108587  -0.5599266267054294  0.020045107099602076
252  -1.1198909518770732  -0.5599454759385366  0.02001211813760263
253  -1.119951410200467  -0.5599757051002335  0.019959212607662966
254  -1.119991794694801  -0.5599958973474005  0.01992387317126865
255  -1.1200319753785803  -0.5600159876892902  0.019888712084269358
256  -1.1200509007175934  -0.5600254503587967  0.0198721510049412
257  -1.12007545212956  -0.56003772606478  0.019850666693303976
258  -1.120108763597324  -0.560054381798662  0.019821516681259477
259  -1.1201462156211328  -0.5600731078105664  0.019788743374695637
260  -1.1201736030917733  -0.5600868015458866  0.01976477730076895
261  -1.1202022139843517  -0.5601011069921759  0.01973974064164679
262  -1.120231273238836  -0.560115636619418  0.01971431163250728
263  -1.1202653007250376  -0.5601326503625188  0.019684535051071435
264  -1.120314031390124  -0.560157015695062  0.01964189209446945
265  -1.1203440071005186  -0.5601720035502593  0.019615661118241253
266  -1.1204262657242612  -0.5602131328621306  0.0195436787039613
267  -1.1203187457039572  -0.5601593728519786  0.019637766719208603
268  -1.120452171737646  -0.560226085868823  0.019521009015325958
269  -1.1204986666388783  -0.5602493333194392  0.019480322518395536
270  -1.1205524142880292  -0.5602762071440146  0.019433289327567285
271  -1.1206284976753558  -0.5603142488376779  0.01936671070447358
272  -1.1207038356941956  -0.5603519178470978  0.019300784334247235
273  -1.1207703327834606  -0.5603851663917303  0.019242594434998938
274  -1.1208118609379496  -0.5604059304689748  0.019206254210902024
275  -1.1208759519658715  -0.5604379759829358  0.019150169794294923
276  -1.1209620658518333  -0.5604810329259167  0.01907481373881363
277  -1.1210269300976288  -0.5605134650488144  0.019018052699054242
278  -1.1211533801265894  -0.5605766900632947  0.018907399518193334
279  -1.1212512934441592  -0.5606256467220796  0.018821718082397708
280  -1.1213469237388891  -0.5606734618694446  0.018738034461401244
281  -1.121535145046272  -0.560767572523136  0.018573326817291423
282  -1.121698407913705  -0.5608492039568524  0.018430459664579703
283  -1.1218605711992677  -0.5609302855996339  0.018288554727792585
284  -1.1219497515113912  -0.5609748757556956  0.01821051532133501
285  -1.1220252106457762  -0.5610126053228881  0.018144482965997927
286  -1.1220585716791192  -0.5610292858395596  0.01811528958038507
287  -1.1221445163645278  -0.5610722581822639  0.01804008158797312
288  -1.12218207798444  -0.56109103899222  0.01800721237666699
289  -1.122227826743583  -0.5611139133717915  0.017967178809563677
290  -1.1222512550568018  -0.5611256275284009  0.017946677292868328
291  -1.1222907796958186  -0.5611453898479093  0.017912090293833713
292  -1.1223332243114974  -0.5611666121557487  0.017874948098028105
293  -1.1223807316416037  -0.5611903658208018  0.017833375650527075
294  -1.1224273583497282  -0.5612136791748641  0.01779257381276193
295  -1.1224637972260603  -0.5612318986130301  0.017760687085599542
296  -1.1225163214300413  -0.5612581607150207  0.017714724500296368
297  -1.1225644754302098  -0.5612822377151049  0.01767258616839077
298  -1.1226050221048618  -0.5613025110524309  0.017637104812154962
299  -1.122661936421883  -0.5613309682109415  0.017587300551399194
300  -1.122694886712337  -0.5613474433561685  0.01755846659636584
301  -1.1227367235489123  -0.5613683617744561  0.0175218562524832
302  -1.1227915135820579  -0.5613957567910289  0.017473910898125708
303  -1.1228316351617884  -0.5614158175808942  0.017438801531565323
304  -1.1228907362301939  -0.5614453681150969  0.017387083700694927
305  -1.1229668897690428  -0.5614834448845214  0.017320443689801183
306  -1.1230209843233983  -0.5615104921616991  0.01727310693111567
307  -1.1230965463410894  -0.5615482731705447  0.01720698454523316
308  -1.123149013788721  -0.5615745068943605  0.017161071625957324
309  -1.1232050463154768  -0.5616025231577384  0.01711203899727257
310  -1.1232398175547256  -0.5616199087773628  0.017081611576599133
311  -1.1232728068813516  -0.5616364034406758  0.017052743462011653
312  -1.1233157324086853  -0.5616578662043427  0.017015180432737125
313  -1.1233342650119327  -0.5616671325059663  0.016998963026416153
314  -1.123378638949109  -0.5616893194745545  0.01696013253079479
315  -1.123398974259859  -0.5616994871299295  0.016942337621321267
316  -1.1234211520758712  -0.5617105760379356  0.016922930382695198
317  -1.1234737537123158  -0.5617368768561579  0.01687690003822689
318  -1.123526641298272  -0.561763320649136  0.016830619466666606
319  -1.1236066457041083  -0.5618033228520541  0.01676060966072641
320  -1.1236408642326923  -0.5618204321163461  0.016730665902996017
321  -1.1236879590501225  -0.5618439795250613  0.01668945443476974
322  -1.1237260108266514  -0.5618630054133257  0.016656156299965558
323  -1.1237757118590517  -0.5618878559295258  0.016612664199786766
324  -1.1238168783851041  -0.5619084391925521  0.016576640427470216
325  -1.1238573965229324  -0.5619286982614662  0.016541184043077833
326  -1.1238775379321688  -0.5619387689660844  0.016523558811851285
327  -1.1239261573568087  -0.5619630786784043  0.016481013198914315
328  -1.1239045029532122  -0.5619522514766061  0.016499962412744405
329  -1.1239460202211768  -0.5619730101105884  0.016463631715166047
330  -1.123979667675861  -0.5619898338379306  0.016434187689575146
331  -1.1240177566152865  -0.5620088783076432  0.01640085703447227
332  -1.1240593484162222  -0.5620296742081111  0.016364461115000315
333  -1.124092135624135  -0.5620460678120675  0.01633576986932085
334  -1.1241166148340458  -0.5620583074170229  0.016314348739852817
335  -1.1241485777732652  -0.5620742888866326  0.016286378790590188
336  -1.1241788093117144  -0.5620894046558572  0.01625992394578526
337  -1.1242147709225414  -0.5621073854612707  0.01622845486143949
338  -1.1242521902776086  -0.5621260951388043  0.016195710142454592
339  -1.1242724757206208  -0.5621362378603104  0.0161779588709608
340  -1.1242928906725433  -0.5621464453362717  0.016160094269537482
341  -1.1243147939460205  -0.5621573969730103  0.016140927276050508
342  -1.1243353209104778  -0.5621676604552389  0.016122964655327598
343  -1.1243593326973533  -0.5621796663486767  0.016101952555783075
344  -1.1243783527340592  -0.5621891763670296  0.016085308608929982
345  -1.124399438813398  -0.562199719406699  0.01606685672109805
346  -1.1244288988523048  -0.5622144494261524  0.016041076995777948
347  -1.124449860765805  -0.5622249303829026  0.016022733762290322
348  -1.124503470494595  -0.5622517352472975  0.015975821262036567
349  -1.1245463207192148  -0.5622731603596074  0.01593832412823796
350  -1.1245964012606666  -0.5622982006303333  0.015894499929410704
351  -1.1246314353540106  -0.5623157176770053  0.01586384249185257
352  -1.1246572473307865  -0.5623286236653933  0.01584125509224462
353  -1.124696205659693  -0.5623481028298465  0.015807163656679467
354  -1.1247313503113125  -0.5623656751556563  0.01577640947240667
355  -1.1247554691032176  -0.5623777345516088  0.015755303735502157
356  -1.1247746773489284  -0.5623873386744642  0.015738495091770412
357  -1.1247953433093045  -0.5623976716546523  0.015720410839279875
358  -1.124822858402635  -0.5624114292013175  0.01569633308600672
359  -1.124846437137528  -0.562423218568764  0.015675699939157857
360  -1.1248607359462675  -0.5624303679731337  0.015663187417946502
361  -1.12488540427147  -0.562442702135735  0.015641600798531632
362  -1.1249054566689558  -0.5624527283344779  0.015624053459207702
363  -1.124930839532952  -0.562465419766476  0.015601841565200014
364  -1.124959022678588  -0.562479511339294  0.015577179216468952
365  -1.12498194179025  -0.562490970895125  0.015557123289010799
366  -1.1250013352005022  -0.5625006676002511  0.015540152612532672
367  -1.1250231916180127  -0.5625115958090063  0.015521026621501736
368  -1.1250378732031798  -0.5625189366015899  0.015508179142444756
369  -1.1250590129543674  -0.5625295064771837  0.015489680287752994
370  -1.1250900738156422  -0.5625450369078211  0.015462499723789606
371  -1.1251458493772026  -0.5625729246886013  0.015413691958764188
372  -1.1252138495625694  -0.5626069247812847  0.015354186738624535
373  -1.125253248784829  -0.5626266243924145  0.015319709488581136
374  -1.125300361528055  -0.5626501807640275  0.015278482333950245
375  -1.1253340522890738  -0.5626670261445369  0.015249000412095457
376  -1.125376585577344  -0.562688292788672  0.015211780621176708
377  -1.1254186053174713  -0.5627093026587356  0.015175010223081584
378  -1.1254414889183824  -0.5627207444591912  0.015154985370171898
379  -1.1254735848546389  -0.5627367924273194  0.015126899038609254
380  -1.1254982902970456  -0.5627491451485228  0.015105279938879883
381  -1.1255272341786866  -0.5627636170893433  0.015079951889559828
382  -1.1255561214119059  -0.5627780607059529  0.015054673411822372
383  -1.1255713617046557  -0.5627856808523278  0.015041337022073172
384  -1.1256245257892816  -0.5628122628946408  0.014994814493610531
385  -1.1256576376991747  -0.5628288188495874  0.014965839109546441
386  -1.12569484313469  -0.562847421567345  0.014933281586081032
387  -1.1257147795286113  -0.5628573897643057  0.014915835758504565
388  -1.125737908815338  -0.562868954407669  0.014895595912231715
389  -1.1257790588948333  -0.5628895294474167  0.014859586531876055
390  -1.125794602806816  -0.562897301403408  0.014845984452714496
391  -1.125825212137061  -0.5629126060685306  0.014819199011987551
392  -1.1258411323441053  -0.5629205661720527  0.014805267646657808
393  -1.125864486032507  -0.5629322430162536  0.01478483143222802
394  -1.1258880799316477  -0.5629440399658239  0.014764185015534542
395  -1.1259231756668726  -0.5629615878334363  0.014733473636745587
396  -1.125946078372439  -0.5629730391862195  0.014713432065841385
397  -1.1259633148152361  -0.5629816574076181  0.014698348896324554
398  -1.1259854693363474  -0.5629927346681737  0.014678962042469672
399  -1.1259649613294411  -0.5629824806647206  0.014696908073925295
400  -1.1259990957274648  -0.5629995478637324  0.014667037936692903
401  -1.126019083433432  -0.563009541716716  0.014649547207259576
402  -1.126039265136849  -0.5630196325684245  0.01463188671562801
403  -1.1260685129624488  -0.5630342564812244  0.014606292692736174
404  -1.1260862158812184  -0.5630431079406092  0.014590801322046291
405  -1.1261095878263172  -0.5630547939131586  0.014570349131648635
406  -1.1261228414468527  -0.5630614207234264  0.014558751227858248
407  -1.1261369038852662  -0.5630684519426331  0.014546445548263662
408  -1.1261565416501749  -0.5630782708250874  0.014529261043285667
409  -1.1261571525307275  -0.5630785762653637  0.01452872647736405
410  -1.1261686217650602  -0.5630843108825301  0.014518690044226115
