0  -13.913980870358726  0.005953623541787284
1  -1.96035993692808  0.8599474363222286
2  -13.913980758378578  0.005953631541903226
3  -13.913980895775822  0.005953621725932254
4  -13.913980899921437  0.005953621429760078
5  -13.913980924941661  0.005953619642258475
6  -13.913980932310112  0.005953619115839629
7  -13.913980942019556  0.0059536184221749165
8  -13.91398095162293  0.005953617736088072
9  -13.913980957177735  0.0059536173392402214
10  -13.91398096759404  0.005953616595075801
11  -13.913980981684551  0.0059536155884176494
12  -13.913980994172544  0.005953614696247093
13  -13.913981009220814  0.005953613621164514
14  -13.913981017730038  0.005953613013246269
15  -13.913981027492802  0.005953612315772189
16  -13.913981036528952  0.0059536116702091505
17  -13.913981045127327  0.005953611055921699
18  -13.913981047896604  0.005953610858078309
