0  -13.77519535334714  0.015868775903690884
1  -4.720761442829001  0.6627380869579391
2  -13.775195215611  0.01586878574387342
3  -13.775195385163569  0.015868773630653005
4  -13.775195388578942  0.015868773386651013
5  -13.775195396400676  0.015868772827848557
6  -13.775195406672747  0.015868772093988473
7  -13.775195422475061  0.015868770965035285
8  -13.775195399832736  0.0158687725826544
9  -13.775195430188502  0.01586877041396958
10  -13.77519544071095  0.015868769662221963
11  -13.77519544656607  0.015868769243918966
12  -13.775195458148854  0.01586876841641855
13  -13.775195466441076  0.015868767824003385
14  -13.775195473927383  0.015868767289164643
15  -13.775195481781193  0.015868766728070628
16  -13.77519548789892  0.01586876629100634
17  -13.775195494040764  0.01586876585221904
18  -13.775195510803936  0.015868764654619966
19  -13.775195516207893  0.015868764268549055
20  -13.775195525130169  0.015868763631121385
21  -13.775195534995667  0.01586876292630777
22  -13.775195546613535  0.01586876209630094
23  -13.775195562111008  0.015868760989126256
24  -13.775195568903555  0.015868760503851283
25  -13.775195579576891  0.01586875974132393
26  -13.775195592033722  0.015868758851379703
27  -13.775195603296673  0.015868758046728885
28  -13.775195611994073  0.015868757425366878
29  -13.775195627402992  0.015868756324518757
30  -13.775195635777354  0.01586875572623529
31  -13.775195643173987  0.015868755197803064
32  -13.77519565487336  0.015868754361973363
33  -13.775195638480223  0.01586875553313619
34  -13.775195661490116  0.01586875388925723
35  -13.775195673045566  0.015868753063709655
36  -13.775195679763035  0.015868752583798405
37  -13.775195686463254  0.01586875210511955
38  -13.77519569381607  0.015868751579817736
39  -13.775195698134334  0.015868751271311092
40  -13.77519570615755  0.01586875069811434
41  -13.775195712596076  0.01586875023813142
42  -13.775195720279388  0.015868749689218184
43  -13.775195727532381  0.01586874917104791
44  -13.775195734664393  0.01586874866152076
45  -13.775195742856283  0.015868748076273555
46  -13.775195750587622  0.015868747523929142
47  -13.77519575927048  0.01586874690360612
48  -13.775195764134393  0.015868746556117082
49  -13.775195769297198  0.015868746187274553
50  -13.775195780605326  0.01586874537939624
51  -13.775195785075914  0.015868745060007322
52  -13.775195791535442  0.015868744598523978
53  -13.775195797222977  0.01586874419219351
54  -13.775195806306698  0.015868743543231905
55  -13.77519581046137  0.01586874324641276
56  -13.775195819420642  0.015868742606342
57  -13.775195829491977  0.015868741886822912
58  -13.775195836844944  0.015868741361510313
59  -13.775195845447058  0.015868740746955722
60  -13.775195850738124  0.01586874036895
61  -13.775195857658002  0.01586873987457821
62  -13.7751958627322  0.015868739512065928
63  -13.775195874508263  0.015868738670757273
64  -13.775195878865794  0.015868738359445352
65  -13.775195884756789  0.01586873793857934
66  -13.775195892537717  0.01586873738269219
67  -13.775195901724413  0.015868736726373785
68  -13.775195910472677  0.015868736101377925
69  -13.77519591775956  0.015868735580786393
70  -13.775195925638442  0.01586873501790121
71  -13.775195917549635  0.015868735595784004
72  -13.775195933335272  0.015868734468022217
73  -13.77519594676157  0.01586873350881699
74  -13.775195955759319  0.015868732865997427
75  -13.775195965726693  0.01586873215390557
76  -13.775195975365381  0.015868731465295813
77  -13.775195986061302  0.01586873070115497
78  -13.775196000753716  0.015868729651495533
79  -13.775196008692022  0.015868729084364933
80  -13.775196017691693  0.015868728441408055
81  -13.775196034367536  0.015868727250047985
82  -13.77519603957834  0.015868726877776303
83  -13.775196047602604  0.015868726304504675
84  -13.77519605738858  0.0158687256053723
85  -13.775196066220882  0.015868724974372597
86  -13.775196083138969  0.015868723765706097
87  -13.77519607951637  0.015868724024512802
88  -13.775196095001212  0.01586872291824055
89  -13.775196107531062  0.015868722023079557
90  -13.775196118754593  0.01586872122124506
91  -13.775196132820742  0.015868720216327438
92  -13.775196151379603  0.015868718890440274
93  -13.775196168058947  0.015868717698830068
94  -13.775196182189019  0.015868716689345697
95  -13.775196193696786  0.01586871586720469
96  -13.775196207939818  0.01586871484965018
97  -13.775196221973896  0.015868713847023735
98  -13.775196232596056  0.01586871308815257
99  -13.775196242913772  0.01586871235103149
100  -13.775196256410446  0.015868711386798462
101  -13.775196269265766  0.015868710468385196
102  -13.775196277738456  0.015868709863077046
103  -13.775196289560164  0.01586870901850739
104  -13.775196306323902  0.015868707820867835
105  -13.775196315845823  0.015868707140600184
106  -13.775196325512852  0.015868706449965755
107  -13.775196342887062  0.015868705208712718
108  -13.775196349697936  0.015868704722128445
109  -13.775196371984006  0.015868703129961026
110  -13.775196378908612  0.01586870263525141
111  -13.775196391464602  0.015868701738222978
112  -13.775196409502236  0.015868700449573492
113  -13.775196430169544  0.015868698973054107
114  -13.775196447403442  0.015868697741825324
115  -13.775196460856204  0.015868696780729438
116  -13.775196473315784  0.015868695890588758
117  -13.775196485458801  0.015868695023064042
118  -13.77519650121286  0.015868693897558277
119  -13.775196519974244  0.01586869255720245
120  -13.77519647473854  0.01586869578894389
121  -13.77519653028991  0.015868691820227817
122  -13.775196545876021  0.01586869070672073
123  -13.775196557301394  0.01586868989046617
124  -13.775196570797867  0.015868688926247487
125  -13.775196581628967  0.015868688152449146
126  -13.775196596772759  0.015868687070542273
127  -13.77519660633074  0.015868686387698408
128  -13.775196615591918  0.015868685726058797
129  -13.775196628098207  0.0158686848325811
130  -13.775196643289277  0.015868683747296594
131  -13.775196654563597  0.01586868294183357
132  -13.775196666018868  0.015868682123443043
133  -13.775196676416133  0.01586868138063881
134  -13.775196687241788  0.015868680607229443
135  -13.77519670339743  0.015868679453033697
136  -13.775196712521605  0.01586867880118191
137  -13.775196720678046  0.015868678218467262
138  -13.775196734295328  0.01586867724561776
139  -13.775196741603576  0.015868676723499918
140  -13.775196751390693  0.01586867602428607
141  -13.775196763328402  0.01586867517142901
142  -13.77519677634822  0.015868674241263647
143  -13.77519678126805  0.015868673889779833
144  -13.77519679482052  0.01586867292156066
145  -13.775196798978703  0.01586867262449062
146  -13.775196811418025  0.015868671735797184
147  -13.775196817048247  0.015868671333561374
148  -13.775196825021201  0.015868670763955452
149  -13.775196835300907  0.015868670029549923
150  -13.775196848734081  0.01586866906985344
151  -13.77519686245476  0.015868668089617066
152  -13.775196872787763  0.01586866735140382
153  -13.775196882348752  0.015868666668345105
154  -13.775196897261882  0.015868665602917224
155  -13.775196908759408  0.015868664781507835
156  -13.77519691936049  0.01586866402414255
157  -13.775196930101352  0.015868663256790958
158  -13.775196945521746  0.01586866215512302
159  -13.775196955702224  0.015868661427806515
160  -13.77519696551442  0.015868660726800998
161  -13.775196971532667  0.015868660296843754
162  -13.775196986985925  0.015868659192827907
163  -13.775196994789635  0.015868658635313174
164  -13.775197002591472  0.015868658077932203
165  -13.775197015196824  0.015868657177377284
166  -13.77519700830293  0.01586865766989268
167  -13.775197024045534  0.01586865654520534
168  -13.775197036847107  0.015868655630631896
169  -13.775197043716416  0.015868655139872893
170  -13.77519705414095  0.015868654395120512
171  -13.775197061975259  0.01586865383541968
172  -13.775197073637624  0.01586865300223383
173  -13.775197084039263  0.015868652259117155
174  -13.77519709408553  0.01586865154138898
175  -13.775197103968047  0.015868650835359592
176  -13.775197118314795  0.015868649810395367
177  -13.775197127392659  0.01586864916185217
178  -13.775197137652551  0.015868648428862164
179  -13.775197145789752  0.015868647847522042
180  -13.775197157896743  0.015868646982571125
181  -13.775197169239549  0.015868646172215332
182  -13.775197179036816  0.01586864547227634
183  -13.775197186450534  0.015868644942623526
184  -13.775197203001246  0.015868643760203034
185  -13.775197211338513  0.015868643164569762
186  -13.77519722038836  0.015868642518028143
187  -13.775197234791182  0.015868641489057846
188  -13.77519723980663  0.015868641130742885
189  -13.775197258358133  0.015868639805381366
190  -13.77519726371818  0.01586863942244747
191  -13.775197273757733  0.015868638705199
192  -13.775197287995269  0.01586863768803714
193  -13.775197299587148  0.01586863685988696
194  -13.775197310982868  0.015868636045750863
195  -13.77519732126973  0.015868635310834153
196  -13.775197332405247  0.015868634515287514
197  -13.77519734781663  0.015868633414263374
198  -13.775197368243656  0.015868631954910183
199  -13.77519737650045  0.015868631365026052
200  -13.775197388738917  0.015868630490682246
201  -13.775197397070908  0.01586862989542589
202  -13.775197409506305  0.01586862900701292
203  -13.775197422302364  0.015868628092833396
204  -13.775197431660313  0.015868627424280274
205  -13.775197439326286  0.015868626876605778
206  -13.775197456580127  0.015868625643952212
207  -13.775197464858824  0.01586862505250332
208  -13.775197474166209  0.0158686243875626
209  -13.775197482034137  0.015868623825459928
210  -13.775197495635684  0.015868622853734568
211  -13.775197506224014  0.015868622097280224
212  -13.775197513152374  0.01586862160230245
213  -13.77519752715316  0.015868620602054496
214  -13.775197543252933  0.015868619451850228
215  -13.775197561250028  0.015868618166096884
216  -13.775197569660921  0.015868617565203573
217  -13.775197581944797  0.015868616687615644
218  -13.775197589025314  0.0158686161817674
219  -13.77519760090551  0.0158686153330192
220  -13.775197611889105  0.015868614548326283
221  -13.775197618746866  0.0158686140583923
222  -13.775197626208676  0.015868613525303603
223  -13.775197636453445  0.015868612793394084
224  -13.775197645533737  0.015868612144677406
225  -13.775197655474429  0.015868611434491815
226  -13.775197648613618  0.0158686119246437
227  -13.775197662422453  0.015868610938109186
228  -13.775197674308185  0.015868610088965545
229  -13.7751976885791  0.015868609069418976
230  -13.775197700219397  0.01586860823780969
231  -13.775197709170637  0.015868607598312805
232  -13.775197719929821  0.015868606829652295
233  -13.775197730645724  0.015868606064083874
234  -13.775197739186979  0.015868605453877242
235  -13.77519774046497  0.015868605362574662
236  -13.775197747020963  0.015868604894199636
237  -13.775197758518754  0.015868604072771336
238  -13.77519776732082  0.015868603443931716
239  -13.775197775772671  0.015868602840112312
240  -13.775197783853976  0.015868602262765572
241  -13.775197795495373  0.015868601431077736
242  -13.775197806159742  0.01586860066919101
243  -13.775197812856181  0.01586860019078221
244  -13.77519782542147  0.015868599293089425
245  -13.775197835691614  0.015868598559367036
246  -13.775197842915414  0.01586859804328235
247  -13.775197852726734  0.015868597342339398
248  -13.775197859529879  0.015868596856307298
249  -13.775197868962092  0.015868596182448572
250  -13.775197879607664  0.015868595421904778
251  -13.775197886986557  0.015868594894739848
252  -13.775197892464323  0.015868594503395825
253  -13.775197903983113  0.015868593680467356
254  -13.775197912038223  0.015868593104991988
255  -13.775197914666881  0.015868592917194682
