8  9  1  -2.071400985768946  
8  10  2  0.7123560281653563  
8  11  3  -0.6630508873216701  
8  12  4  0.3495092735824272  
8  13  5  -0.3362139514632505  
8  14  6  0.21356124484956382  
8  15  7  -0.18211058366525204  
8  16  8  0.16032229534745596  
8  17  9  -0.14465083409450818  
8  18  10  0.1328957544076468  
8  19  11  -0.13717335132863903  
8  20  12  0.12704993641078177  
8  21  13  -0.12932167934149857  
8  22  14  0.1110583415651106  
8  23  15  -0.11629247158428417  
8  24  16  0.09224423901314836  
8  25  17  -0.10001771787556359  
8  26  18  0.07386624567594567  
8  27  19  -0.08395277360584881  
8  28  20  0.05576839102149863  
8  29  21  -0.06910925248526206  
8  30  22  0.03717670646686614  
