8  9  1  -2.110991135088933  
8  10  2  0.7324750896165064  
8  11  3  -0.7477834484703096  
8  12  4  0.39057763638224885  
8  13  5  -0.4465272095287304  
8  14  6  0.25679362536328687  
8  15  7  -0.30590054329576405  
8  16  8  0.1920801144681847  
8  17  9  -0.2187669969977825  
8  18  10  0.1626514055901152  
8  19  11  -0.1992579550353364  
8  20  12  0.12152231829941285  
8  21  13  -0.143663672402063  
8  22  14  0.10750715119402814  
8  23  15  -0.12941204272171136  
8  24  16  0.08274197409314692  
8  25  17  -0.10224619288674316  
8  26  18  0.06855696396060736  
8  27  19  -0.08774507049614083  
8  28  20  0.050716888329537406  
8  29  21  -0.0680289385561688  
8  30  22  0.03103519890618084  
