8  9  1  -2.0526199651938217  
8  10  2  0.7327152761383495  
8  11  3  -0.7251749331682661  
8  12  4  0.41929721979387324  
8  13  5  -0.4501020248899257  
8  14  6  0.29498777733296844  
8  15  7  -0.3283953237314284  
8  16  8  0.22699688612637733  
8  17  9  -0.2583080703921947  
8  18  10  0.18360846450104293  
8  19  11  -0.212838059857878  
8  20  12  0.15279820361420493  
8  21  13  -0.18061547072885623  
8  22  14  0.12920847008258615  
8  23  15  -0.1561086830279917  
8  24  16  0.10951113808389903  
8  25  17  -0.13595683832509958  
8  26  18  0.09192545871864714  
8  27  19  -0.11830136978492883  
8  28  20  0.07385276655693507  
8  29  21  -0.10058077017187261  
8  30  22  0.05228962322942256  
