8  9  1  -2.0595142949518985  
8  10  2  0.7321268184020113  
8  11  3  -0.7291397262435244  
8  12  4  0.41594286006302505  
8  13  5  -0.4488376768677092  
8  14  6  0.28818364113068756  
8  15  7  -0.3297189958015845  
8  16  8  0.22434144096344585  
8  17  9  -0.255914690777147  
8  18  10  0.18912414248104803  
8  19  11  -0.22149314156540272  
8  20  12  0.1595892700725628  
8  21  13  -0.188028890326637  
8  22  14  0.12064998173280354  
8  23  15  -0.1452520898526939  
8  24  16  0.10419052350772152  
8  25  17  -0.13224869418513607  
8  26  18  0.08413698407232328  
8  27  19  -0.10944639452518837  
8  28  20  0.0687124524241445  
8  29  21  -0.0939710206873098  
8  30  22  0.0465546209237838  
