8  9  1  -2.052472943364868  
8  10  2  0.7327275827757593  
8  11  3  -0.7251455176368173  
8  12  4  0.41942656698676534  
8  13  5  -0.45031277523361646  
8  14  6  0.2951815114832905  
8  15  7  -0.3285742163081297  
8  16  8  0.22747672699382232  
8  17  9  -0.25899186647327077  
8  18  10  0.18412414248104803  
8  19  11  -0.21349314156540272  
8  20  12  0.15335892700725628  
8  21  13  -0.181028890326637  
8  22  14  0.12974121549189666  
8  23  15  -0.1562806496866586  
8  24  16  0.11023627446752973  
8  25  17  -0.13622048899964181  
8  26  18  0.09273947639785636  
8  27  19  -0.1187702243815083  
8  28  20  0.07517716510373718  
8  29  21  -0.10202530755972106  
8  30  22  0.05373602220454565  
