8  9  1  -2.1033925743574096  
8  10  2  0.7281931658397263  
8  11  3  -0.7338120849839141  
8  12  4  0.41494641224431306  
8  13  5  -0.4823261379434305  
8  14  6  0.27360457471088795  
8  15  7  -0.3359489310794092  
8  16  8  0.18980401034132  
8  17  9  -0.23116248137111367  
8  18  10  0.1376785208157701  
8  19  11  -0.17286164656205422  
8  20  12  0.10178248833946124  
8  21  13  -0.12697067002832757  
8  22  14  0.07437517891472971  
8  23  15  -0.09432766781138856  
8  24  16  0.05229724094886843  
8  25  17  -0.06667525993305329  
8  26  18  0.036892730068238254  
8  27  19  -0.047650401215212794  
8  28  20  0.025759655095491208  
8  29  21  -0.03476787267332984  
8  30  22  0.01584971712547585  
