8  9  1  -2.052595234134476  
8  10  2  0.7327244756946499  
8  11  3  -0.7251932075367357  
8  12  4  0.41934240790644306  
8  13  5  -0.45003631077719985  
8  14  6  0.2950275287606121  
8  15  7  -0.3285410672806679  
8  16  8  0.22701976337340768  
8  17  9  -0.2583144854807129  
8  18  10  0.18354830664398547  
8  19  11  -0.21271140631649102  
8  20  12  0.15288325091794808  
8  21  13  -0.18072107760748085  
8  22  14  0.12897061078244704  
8  23  15  -0.15591048802441465  
8  24  16  0.10934254568738694  
8  25  17  -0.13561287738399927  
8  26  18  0.0917730192586049  
8  27  19  -0.11795028416480285  
8  28  20  0.07412584989676115  
8  29  21  -0.10097738818036935  
8  30  22  0.052675847038756975  
