8  9  1  -2.05529849938633  
8  10  2  0.7325272507469559  
8  11  3  -0.7263654068042197  
8  12  4  0.4197501784384632  
8  13  5  -0.45063768592646425  
8  14  6  0.29327801375998963  
8  15  7  -0.3262027456603807  
8  16  8  0.2245379710199627  
8  17  9  -0.25697099215382685  
8  18  10  0.18040047560872868  
8  19  11  -0.21302826184027568  
8  20  12  0.1484286086470165  
8  21  13  -0.17888498991172433  
8  22  14  0.12342286994564691  
8  23  15  -0.15239652585736738  
8  24  16  0.10225452172793228  
8  25  17  -0.12829112110684687  
8  26  18  0.08336758737545594  
8  27  19  -0.10830496209043469  
8  28  20  0.0653395698581285  
8  29  21  -0.08949336870188204  
8  30  22  0.04506679322278343  
