8  9  1  -2.103343781784974  
8  10  2  0.7303959239510271  
8  11  3  -0.7429513224633669  
8  12  4  0.41000310931839623  
8  13  5  -0.45741082590277093  
8  14  6  0.2839652392201549  
8  15  7  -0.33175651398514283  
8  16  8  0.2128335814130096  
8  17  9  -0.25452128926066386  
8  18  10  0.16340803709472776  
8  19  11  -0.1984781949838325  
8  20  12  0.1264743585886396  
8  21  13  -0.1557387175732837  
8  22  14  0.10082623882261385  
8  23  15  -0.1257689179374272  
8  24  16  0.07876178033921202  
8  25  17  -0.09927279012977648  
8  26  18  0.06037877063471806  
8  27  19  -0.07749206415875567  
8  28  20  0.04469507026901484  
8  29  21  -0.06065154581114516  
8  30  22  0.02985320314440016  
