8  9  1  -2.202459341137512  
8  10  2  0.6844292054551323  
8  11  3  -0.7775888920259113  
8  12  4  0.35423270843436405  
8  13  5  -0.47054281394552266  
8  14  6  0.20276831563505246  
8  15  7  -0.24668040081926085  
8  16  8  0.03370482550588054  
8  17  9  -0.046751049425620674  
8  18  10  0.01367574485136493  
8  19  11  -0.017490425203501695  
8  20  12  1.6506881291257067e-05  
8  21  13  -1.3213031076198462e-05  
8  22  14  7.553659225087499e-06  
8  23  15  -9.690853347901797e-06  
8  24  16  8.627290623528377e-06  
8  25  17  -1.0639301155840782e-05  
8  26  18  8.144254707340584e-06  
8  27  19  -8.298165578296377e-06  
8  28  20  5.9894918941340815e-06  
8  29  21  -7.027672197463795e-06  
8  30  22  3.128359858677075e-06  
