8  9  1  -2.0666996370191635  
8  10  2  0.7310973016235928  
8  11  3  -0.7286402522253674  
8  12  4  0.4168259837503815  
8  13  5  -0.4471387878510393  
8  14  6  0.2908740566617721  
8  15  7  -0.3295910238988237  
8  16  8  0.2208540837730305  
8  17  9  -0.2583974385408235  
8  18  10  0.17602855494595282  
8  19  11  -0.2098739239130713  
8  20  12  0.14344784410209202  
8  21  13  -0.174944814326016  
8  22  14  0.11759953607149058  
8  23  15  -0.1453306644400591  
8  24  16  0.09651646577416664  
8  25  17  -0.12133138102435426  
8  26  18  0.07843129324695469  
8  27  19  -0.10140766103777502  
8  28  20  0.06110252899958771  
8  29  21  -0.08349635689865784  
8  30  22  0.041964398578528406  
