8  9  1  -2.053027488265512  
8  10  2  0.7326724042780018  
8  11  3  -0.7252509463301201  
8  12  4  0.41955502794916555  
8  13  5  -0.4505533052056745  
8  14  6  0.293473797403291  
8  15  7  -0.3256990180870645  
8  16  8  0.2261922009743905  
8  17  9  -0.25692801107867475  
8  18  10  0.18278413513209374  
8  19  11  -0.21279481504654907  
8  20  12  0.15209684682973373  
8  21  13  -0.1809746262239803  
8  22  14  0.12815991693524928  
8  23  15  -0.15595227674894474  
8  24  16  0.10805835683710299  
8  25  17  -0.13489521763736523  
8  26  18  0.0899358372051678  
8  27  19  -0.11617742982569976  
8  28  20  0.07192318625684356  
8  29  21  -0.0981459040042175  
8  30  22  0.05080205717884228  
