8  9  1  -1.9834421533955062  
8  10  2  0.691218043967588  
8  11  3  -0.5422829471300454  
8  12  4  0.2768514978086881  
8  13  5  -0.2052446099506715  
8  14  6  0.15061667127279438  
8  15  7  -0.11010575439443723  
8  16  8  0.09929839207015675  
8  17  9  -0.08396243972624937  
8  18  10  0.07387663466332106  
8  19  11  -0.0737776426610719  
8  20  12  0.0722762692127211  
8  21  13  -0.07239573371668868  
8  22  14  0.0694067896866496  
8  23  15  -0.07525841483248966  
8  24  16  0.06645170835668197  
8  25  17  -0.07009505652984777  
8  26  18  0.054771627896943245  
8  27  19  -0.060042378615662535  
8  28  20  0.04119712064605835  
8  29  21  -0.04880683576687714  
8  30  22  0.026516779374756192  
