8  9  1  -2.0744937608383953  
8  10  2  0.7315432994550476  
8  11  3  -0.7378664979355137  
8  12  4  0.41480189708621873  
8  13  5  -0.4511325192696566  
8  14  6  0.2913995595316663  
8  15  7  -0.33520165276256475  
8  16  8  0.22033957642789626  
8  17  9  -0.2627051027971863  
8  18  10  0.16944298109061298  
8  19  11  -0.20764902959242823  
8  20  12  0.12917630166263613  
8  21  13  -0.16196626558996138  
8  22  14  0.09526964719830189  
8  23  15  -0.1186142908505944  
8  24  16  0.07282912972726785  
8  25  17  -0.09207040682904852  
8  26  18  0.056183574992264916  
8  27  19  -0.07284178700191593  
8  28  20  0.0420616686814027  
8  29  21  -0.05707792488932757  
8  30  22  0.028277158255760177  
