8  9  1  -2.0582932371217466  
8  10  2  0.7319704660585311  
8  11  3  -0.7271521872812389  
8  12  4  0.41551029672877476  
8  13  5  -0.4449189725002328  
8  14  6  0.2945111855269928  
8  15  7  -0.32940464065067154  
8  16  8  0.2259035662086732  
8  17  9  -0.2613348340455965  
8  18  10  0.17858135153917218  
8  19  11  -0.21342933182141338  
8  20  12  0.14618588765370727  
8  21  13  -0.17798027597726523  
8  22  14  0.11930119826362613  
8  23  15  -0.14725923818289313  
8  24  16  0.0972181248357219  
8  25  17  -0.12303331344768753  
8  26  18  0.07923737172114537  
8  27  19  -0.10311249296334393  
8  28  20  0.0613358896684039  
8  29  21  -0.08354248720294238  
8  30  22  0.04186315790950645  
