8  9  1  -2.052470028882301  
8  10  2  0.732728350914648  
8  11  3  -0.7251470156802661  
8  12  4  0.41943585469549305  
8  13  5  -0.45033682889934024  
8  14  6  0.2952166096696017  
8  15  7  -0.32861127245969696  
8  16  8  0.2275158180525837  
8  17  9  -0.2590355901031346  
8  18  10  0.18417596578194462  
8  19  11  -0.21354922607497095  
8  20  12  0.1534254811620123  
8  21  13  -0.18110206582424582  
8  22  14  0.12981255167850514  
8  23  15  -0.15635378395700988  
8  24  16  0.11030183222172468  
8  25  17  -0.13627668559975875  
8  26  18  0.0927954651082329  
8  27  19  -0.11881005681980318  
8  28  20  0.07521995337460623  
8  29  21  -0.10205233798357588  
8  30  22  0.053770489181244274  
