8  9  1  -2.137880000463716  
8  10  2  0.7248451932992036  
8  11  3  -0.7643588603187899  
8  12  4  0.407650183787866  
8  13  5  -0.4738954483406842  
8  14  6  0.2812890643479289  
8  15  7  -0.3409804722936325  
8  16  8  0.20281038915749705  
8  17  9  -0.24470969662710848  
8  18  10  0.14464513980649274  
8  19  11  -0.17550633976958918  
8  20  12  0.10203067881734271  
8  21  13  -0.12664905233033152  
8  22  14  0.07029057914561358  
8  23  15  -0.08765521551931196  
8  24  16  0.05037828894949674  
8  25  17  -0.06284177619319373  
8  26  18  0.034314645555791425  
8  27  19  -0.043295578167265175  
8  28  20  0.023690224520867  
8  29  21  -0.031281988275949295  
8  30  22  0.014798740821424999  
