8  9  1  -2.103112762048024  
8  10  2  0.7260612309812311  
8  11  3  -0.7476465435672865  
8  12  4  0.40599140566673864  
8  13  5  -0.4733615028721234  
8  14  6  0.28457651804337925  
8  15  7  -0.33976674390973693  
8  16  8  0.20064589985519232  
8  17  9  -0.24213639354611727  
8  18  10  0.14850735427607475  
8  19  11  -0.1812988957181738  
8  20  12  0.10916965631509877  
8  21  13  -0.1381866371360693  
8  22  14  0.08157154374249934  
8  23  15  -0.10306463979660374  
8  24  16  0.05749252608814705  
8  25  17  -0.07117227969914108  
8  26  18  0.039746536446581146  
8  27  19  -0.05113134792713317  
8  28  20  0.027640451928050133  
8  29  21  -0.03699437124000086  
8  30  22  0.017558891480153684  
