8  9  1  -2.152849274656357  
8  10  2  0.7196197162500908  
8  11  3  -0.7744738705716054  
8  12  4  0.3981707004545241  
8  13  5  -0.4812472034210092  
8  14  6  0.2686923167928558  
8  15  7  -0.3309013306161427  
8  16  8  0.18381424437251984  
8  17  9  -0.2237671186214662  
8  18  10  0.12174467618668477  
8  19  11  -0.15294418433920803  
8  20  12  0.07992380960720011  
8  21  13  -0.10226552835573893  
8  22  14  0.0465662158502181  
8  23  15  -0.059234291587018525  
8  24  16  0.030744587209099134  
8  25  17  -0.036799949070990275  
8  26  18  0.019153713050400013  
8  27  19  -0.024102342954780497  
8  28  20  0.011769864530923678  
8  29  21  -0.01571711732597179  
8  30  22  0.00684817575224394  
