8  9  1  -2.052715224653622  
8  10  2  0.732699757102208  
8  11  3  -0.7249899917703068  
8  12  4  0.41903805110100985  
8  13  5  -0.45178467017877  
8  14  6  0.29389425342275166  
8  15  7  -0.32597128650159174  
8  16  8  0.22658708911225298  
8  17  9  -0.2572085953422254  
8  18  10  0.18392851020019046  
8  19  11  -0.21336668527227629  
8  20  12  0.15349924966592715  
8  21  13  -0.18192113972772364  
8  22  14  0.12973867139605633  
8  23  15  -0.15725942554046732  
8  24  16  0.10972291306907118  
8  25  17  -0.13651649570260932  
8  26  18  0.09155328367037327  
8  27  19  -0.11792876514972864  
8  28  20  0.073424524241445  
8  29  21  -0.0999710206873098  
8  30  22  0.0519546209237838  
