0  0.9986775236182656  1.0386413294643104
1  0.9928971563446019  1.0384176726071528
2  0.990981453438895  1.03834354927366
3  0.9892319539474638  1.038275856765671
4  0.9842493457801188  1.0380830672022405
5  0.9993186531292482  1.0386661363675171
6  0.9728343134401524  1.0376413910704936
7  0.9703278149724209  1.0375444083800827
8  0.9574479057332275  1.0370460524998193
9  0.9331469055434234  1.0361057860650202
10  0.9238496704568013  1.0357460528021871
11  0.9012241095010333  1.0348706132989136
12  0.8616079918427157  1.0333377666909458
13  0.8214071930278457  1.0317822973076902
14  0.7931015016192662  1.030687079360388
15  0.7465527346034266  1.0288859912214463
16  0.7093144395190183  1.0274451485119473
17  0.6658169163568933  1.0257621206239265
18  0.6330446594295419  1.0244940800930544
19  0.5755456670654562  1.0222693003666052
20  0.5407030347565457  1.020921151837564
21  0.5039752438455561  1.019500061810479
22  0.47952605368284074  1.0185540615352449
23  0.4469986020448482  1.01729549313288
24  0.4304390133446294  1.0166547612573489
25  0.41135653369107705  1.0159164124251678
26  0.3893291488785946  1.0150641178519482
27  0.37315589500312696  1.0144383342363847
28  0.35878070108806215  1.0138821220547258
29  0.3471019239693913  1.013430240978292
30  0.33675448858991897  1.013029872841278
31  0.3248651171035948  1.0125698433424042
32  0.31446098179501325  1.0121672813434182
33  0.3045801343888388  1.0117849666612722
34  0.2959304389540378  1.0114502883260161
35  0.2872302932685773  1.011113657944468
36  0.2794582748675376  1.0108129391272973
37  0.27233685231588256  1.0105373934896262
38  0.2651177002765881  1.0102580664538154
39  0.2588633557591582  1.0100160702324468
40  0.2534990950111229  1.0098085135767745
41  0.24720710493092812  1.0095650607544921
42  0.24339124420331926  1.0094174155656515
43  0.23880195099677948  1.0092398443410988
44  0.2334808444761154  1.0090339574303422
45  0.22883280572757314  1.008854113193942
46  0.22203076546368372  1.0085909252552425
47  0.21555365312649255  1.0083403095901458
48  0.21143514855011847  1.0081809543543743
49  0.2071267770516294  1.0080142526928364
50  0.20145299462143118  1.0077947198696686
51  0.19784693142659826  1.0076551922717352
52  0.19181811414663807  1.0074219222628626
53  0.18832282407487266  1.007286680753925
54  0.18436966636971142  1.0071337232018653
55  0.18019476294252135  1.0069721857535934
56  0.1765525870280561  1.006831260864278
57  0.17343338773228345  1.0067105712474573
58  0.17025260618889204  1.006587498859559
59  0.16682554423902618  1.0064548972671854
60  0.16344824349390485  1.006324221060196
61  0.16060518723680905  1.0062142161077283
62  0.15795438643369852  1.006111649999295
63  0.1540869330812067  1.0059620085628482
64  0.15170869125778197  1.0058699884425677
65  0.14911428599805054  1.0057696044186617
66  0.14698355815907127  1.0056871612330711
67  0.14465369971177244  1.0055970131865415
68  0.14323639674006894  1.0055421741921864
69  0.1400508115158684  1.0054189159378712
70  0.13877566021269894  1.0053695771468627
71  0.13681480584159877  1.005293706790323
72  0.13434869029393337  1.0051982866160216
73  0.13216070500697796  1.0051136279966608
74  0.13069374774238984  1.005056867753609
75  0.12929554323305004  1.0050027677264968
76  0.12805303559419734  1.0049546920004497
77  0.12642983707704147  1.0048918863928296
78  0.1241520282584645  1.0048037522765272
79  0.12293675451761654  1.0047567302980618
80  0.1215538197289554  1.0047032210946076
81  0.12020506761344407  1.0046510345042132
82  0.11900840061253792  1.0046047324670215
83  0.11822277441613482  1.0045743346259037
84  0.11622810139903017  1.0044971557414242
85  0.11639102300064152  1.0045034595853937
86  0.11528579301942354  1.0044606954750297
87  0.11421233378425988  1.0044191606542376
88  0.11278317921297587  1.004363863091873
89  0.1118661850341991  1.0043283822951785
90  0.11075140761302316  1.0042852487704998
91  0.10975760029823989  1.004246795881588
92  0.10884844825366624  1.004211618516666
93  0.10779528438813357  1.0041708689744508
94  0.10679153674210551  1.0041320314692783
95  0.1056213080665469  1.0040867523969739
96  0.10488596660418992  1.0040583001978969
97  0.104068039027017  1.0040266525356234
98  0.10331993669198858  1.0039977065864887
99  0.10273171936311132  1.0039749469878552
100  0.10190548202600813  1.003942977800201
101  0.10107603347051419  1.0039108843624809
102  0.10036386644002471  1.0038833288400946
103  0.09971883131311554  1.003858370818846
104  0.09912160891703836  1.0038352627916556
105  0.09853077909816643  1.0038124021092545
106  0.09764191768552533  1.0037780098395963
107  0.097237167622645  1.003762349048039
108  0.09646248021584125  1.0037323744560307
109  0.09573062283684586  1.003704057064847
110  0.09498678715268594  1.0036752762030983
111  0.09452262845248693  1.0036573167428782
112  0.09403218950450842  1.003638340434187
113  0.09350102590650144  1.003617788387
114  0.09280885601514632  1.0035910066039073
115  0.09218015686688119  1.0035666806625023
116  0.09164572736631238  1.0035460022493825
117  0.09102264916257108  1.00352189379637
118  0.09033837907427933  1.0034954176764024
119  0.08968175302998604  1.0034700111735901
120  0.089188177400638  1.003450913498857
121  0.08859361047757508  1.0034279082185544
122  0.08816184065709731  1.003411201965043
123  0.0875989237380812  1.0033894213025025
124  0.08711822312349893  1.0033708217942705
125  0.08674913513232296  1.0033565408574003
126  0.08675723834649696  1.0033568543910096
127  0.0863744583394338  1.0033420436758236
128  0.0858238523227276  1.003320739352863
129  0.08544353966476881  1.0033060241055802
130  0.08484969674674947  1.0032830468388425
131  0.08444541100904213  1.0032674040131866
132  0.08378996993594123  1.0032420433598714
133  0.08334213967819937  1.0032247156879008
134  0.08292233666211324  1.0032084724599608
135  0.08251701170594794  1.0031927894243455
136  0.08205868998796695  1.0031750558115562
137  0.08162109629805248  1.0031581242179801
138  0.08126087606856436  1.0031441863969737
139  0.08135609205373207  1.0031478705414207
140  0.08095257564160752  1.0031322574828945
141  0.08048639012792791  1.003114219600195
142  0.08015770046329052  1.0031015017755496
143  0.0798264322737926  1.0030886841813327
144  0.07950836019929153  1.0030763771777869
145  0.07917075173444865  1.0030633142624699
146  0.07871563280735239  1.003045704573665
147  0.07838081658204477  1.0030327496970746
148  0.07790862546014377  1.0030144794423828
149  0.07762901475941619  1.003003660605518
150  0.07725244796500241  1.0029890902950582
151  0.07696832061931569  1.0029780966979112
152  0.07659314064857581  1.0029635800471257
153  0.07625428328757722  1.002950468808895
154  0.07596999291562623  1.0029394689038542
155  0.07548075268604448  1.002920538976574
156  0.07500411412940822  1.0029020966395166
157  0.07471849996285007  1.0028910455135538
158  0.07438303219122777  1.002878065427008
159  0.07404803444676233  1.0028651035269875
160  0.0735785809337175  1.0028469391972248
161  0.07316855438403458  1.0028310742452051
162  0.0727705271945458  1.0028156735784222
163  0.07241962989380313  1.0028020964848305
164  0.07208754212840351  1.0027892471791733
165  0.07174803386860473  1.0027761107560411
166  0.07140330236776893  1.0027627722326586
167  0.0711414233738461  1.0027526394798483
168  0.0708428144073674  1.0027410855525978
169  0.07054941448392749  1.0027297331762417
170  0.07026884493879682  1.0027188772392905
171  0.06999175655985179  1.0027081559973596
172  0.06969123731737281  1.002696528156756
173  0.06944823668620148  1.002687125854985
174  0.06918530189663152  1.0026769522508023
175  0.06887559561840972  1.0026649689408238
176  0.06854358365536561  1.0026521225681493
177  0.06826676041386037  1.0026414115850488
178  0.0680363715148089  1.0026324972627148
179  0.06782957979349125  1.002624495974166
180  0.06760455446924407  1.0026157891819467
181  0.0675050135495906  1.0026119376949747
182  0.06706433696720959  1.0025948868165837
183  0.0669627733532665  1.0025909570665141
184  0.06675107632769317  1.0025827659794833
185  0.0665072374840302  1.0025733312451757
186  0.06627901592341312  1.0025645007825827
187  0.06606901340201321  1.0025563752601536
188  0.06593333625191522  1.0025511255721073
189  0.06577777508176541  1.0025451065216278
190  0.06561438160825883  1.0025387844197553
191  0.0654550378436849  1.002532619011243
192  0.06539627396358827  1.0025303452898489
193  0.06514457465329415  1.0025206064144412
194  0.06504455732238412  1.0025167364939267
195  0.06492131980124627  1.0025119681262165
196  0.06473817741245913  1.0025048818894515
197  0.06459657759527082  1.0024994030386127
198  0.06439585785645319  1.0024916366902428
199  0.06429479584575237  1.0024877263484564
200  0.06412661134029296  1.0024812188695829
201  0.06414452780629076  1.0024819121024326
202  0.06400700374685286  1.002476590952848
203  0.06382191487128841  1.0024694294016445
204  0.06369979961616656  1.0024647044572115
205  0.06354354109852656  1.0024586584246145
206  0.06341496689275028  1.002453683567237
207  0.0632537720895564  1.0024474465374142
208  0.06313520656475857  1.0024428589409193
209  0.06301304235235994  1.002438132102207
210  0.06288799637881493  1.0024332937609528
211  0.06275758409686083  1.002428247783814
212  0.0626172124600668  1.0024228164543443
213  0.06251369905691107  1.002418811262057
214  0.06240613593590316  1.0024146493760637
215  0.062250771379353864  1.0024086379330557
216  0.0621581162970104  1.0024050528763395
217  0.06210017135118606  1.002402810841559
218  0.061913952169494246  1.0023956055559868
219  0.06184927674630425  1.002393103102215
220  0.061753471830358286  1.002389396170564
221  0.061613551041305836  1.0023839822855203
222  0.06154240614226736  1.0023812295115582
223  0.061335447716163505  1.0023732217727843
224  0.06126249686410001  1.002370399121986
225  0.06114000783987428  1.0023656597154922
226  0.06102744798609239  1.0023613044934192
227  0.060864711795928894  1.0023550078234822
228  0.060748069227798185  1.002350494630987
229  0.06063401215599151  1.0023460814778067
230  0.06052187249546315  1.0023417425140613
231  0.060375747780911926  1.0023360885836339
232  0.06027015551459303  1.0023320029549347
233  0.060130056897806705  1.0023265821892915
234  0.060005573202609686  1.002321765603992
235  0.05986289303840486  1.0023162449518268
236  0.05974371169492321  1.002311633527768
237  0.059601181738548004  1.002306118687519
238  0.05945070407160269  1.0023002963304841
239  0.05928018065974816  1.0022936983534765
240  0.0590996991095154  1.0022867150712058
241  0.05897554472499311  1.0022819112277597
242  0.05881694363270973  1.0022757745550945
243  0.058670509601276954  1.002270108656424
244  0.05853982379383971  1.0022650520959007
245  0.05842969675143139  1.0022607910053805
246  0.05826640685952733  1.002254472911339
247  0.058117762789599126  1.0022487215007554
248  0.05797530748037916  1.0022432095487916
249  0.057829643283669574  1.0022375734369506
250  0.05771916909010566  1.0022332989142846
251  0.05754130735764762  1.0022264169993116
252  0.057460347577075965  1.0022232844630519
253  0.05730746056967306  1.0022173688826126
254  0.05716622613575151  1.0022119041693656
255  0.05699309736890279  1.0022052053846613
256  0.056885229386114955  1.002201031702804
257  0.0567783715395167  1.0021968971056407
258  0.05668557029990273  1.0021933063937345
259  0.05653333312159525  1.0021874159568072
260  0.05640849174675555  1.0021825855319884
261  0.056286372678463814  1.0021778604400142
262  0.05618041992554501  1.0021737608631875
263  0.05600547854849214  1.0021669919440641
264  0.05591065557993835  1.002163323006412
265  0.05580117804275664  1.0021590870468724
266  0.05563301171410595  1.0021525802713052
267  0.055646851750342785  1.0021531157768988
268  0.055513549698599896  1.0021479579873442
269  0.05537478647441629  1.0021425888913784
270  0.05527138724249281  1.0021385881166611
271  0.05512743571303069  1.0021330182721966
272  0.054985912498636935  1.0021275423853113
273  0.054863033297285924  1.002122787881889
274  0.05471739517632157  1.0021171527789838
275  0.054614710183150006  1.0021131796399492
276  0.054490850437968086  1.0021083871968355
277  0.05434860224783  1.0021028832588266
278  0.05425873229024725  1.0020994059655484
279  0.05417881505629207  1.002096313768023
280  0.05404283780599872  1.0020910524683502
281  0.053954833922974066  1.0020876473781608
282  0.05387520180453431  1.0020845662124673
283  0.05374290455497277  1.0020794473012207
284  0.053653144840969946  1.0020759742735421
285  0.05361227817065317  1.0020743930399263
286  0.05344275248190944  1.0020678336673194
287  0.05338227711094956  1.002065493724066
288  0.053291618576885025  1.002061985918793
289  0.053170735004164915  1.0020573086312303
290  0.053125970383899546  1.0020555765761883
291  0.05292827677580547  1.0020479273163796
292  0.05287376067647487  1.00204581795224
293  0.0528036592595883  1.0020431055532104
294  0.052788921229544816  1.0020425353019922
295  0.05269933516731007  1.0020390689933345
297  0.052699329534652284  1.0020390687753928
298  0.05269497910409726  1.0020389004463615
299  0.05266399393126431  1.0020377015525808
301  0.05266397553497304  1.0020377008407821
303  0.05266397467622608  1.0020377008075552
304  0.052645098981022875  1.0020369704597303
306  0.05264509894590563  1.0020369704583714
307  0.05264509600515144  1.0020369703445864
309  0.05264509599638156  1.002036970344247
310  0.05264310158779373  1.0020368931755939
312  0.05264305212389364  1.0020368912617121
314  0.05264304363860295  1.002036890933395
316  0.05264303994391317  1.0020368907904382
318  0.05264303833493855  1.002036890728183
320  0.052643037634163115  1.0020368907010682
321  0.052642982058180854  1.0020368885506945
323  0.0526429818838412  1.0020368885439488
325  0.05264298180785232  1.0020368885410087
326  0.05264298029603798  1.0020368884825128
328  0.05264298027705028  1.002036888481778
329  0.05264297983214983  1.0020368884645638
331  0.05264297982740529  1.0020368884643802
332  0.052642979260965284  1.0020368884424633
334  0.052642979259795886  1.002036888442418
336  0.05264297925925998  1.0020368884423974
337  0.05264297925875416  1.0020368884423776
339  0.0526429792586256  1.0020368884423727
341  0.05264297925854944  1.0020368884423698
342  0.05264297925849437  1.0020368884423676
343  0.052642857544808574  1.0020368837329607
344  0.05264277723556354  1.0020368806255955
345  0.052642777235548555  1.0020368806255948
346  0.052642777241689864  1.0020368806258326
347  0.052642777235548555  1.0020368806255948
350  0.05264277724113542  1.002036880625811
351  0.052642777235548555  1.0020368806255948
352  0.05264277723740962  1.002036880625667
353  0.052642777235548666  1.0020368806255948
354  0.052642777235548555  1.0020368806255948
355  0.052642777235548666  1.0020368806255948
356  0.052642777235548555  1.0020368806255948
357  0.052642777235548666  1.0020368806255948
358  0.052642777235548555  1.0020368806255948
359  0.052642777235548666  1.0020368806255948
360  0.052642777235548555  1.0020368806255948
361  0.052642777235548444  1.0020368806255948
