0  0.05264277729569811  1.0020368806279223
2  0.05257894938611607  1.0020344109665702
3  0.05253404928743721  1.00203267366953
4  0.05250682044124555  1.0020316201174155
5  0.05247574638403463  1.002030417784476
6  0.052432118150589235  1.0020287296990804
7  0.052380523030729265  1.0020267333549373
8  0.052321814279430945  1.002024461766614
9  0.05227113404174788  1.0020225008215489
10  0.052205965820451006  1.0020199793001867
11  0.05215931871694357  1.002018174407163
12  0.05211338326479453  1.0020163970497094
13  0.0520699889106333  1.0020147180136878
14  0.05204143133005268  1.0020136130495187
15  0.05199895688987621  1.0020119696072685
16  0.05194051203472394  1.0020097082297468
17  0.05189467804814096  1.0020079347982491
18  0.05185589451034234  1.0020064341662371
19  0.051797129535017694  1.0020041604024656
20  0.05173572991786379  1.002001784697817
21  0.05165159698131783  1.0019985293842217
22  0.05158736781540818  1.0019960441972595
23  0.05150849306529792  1.0019929923360398
24  0.051446295172901  1.0019905857441267
25  0.05137036539793527  1.0019876478313559
26  0.05127119490377574  1.001983810677072
27  0.05121136887102373  1.0019814958583366
28  0.05113198108498551  1.0019784241464746
29  0.05104514844128094  1.0019750643744618
30  0.05094643158226608  1.0019712447724554
31  0.05084922417532489  1.0019674835749226
32  0.050794259744359804  1.0019653568637115
33  0.05071756808601491  1.0019623894717684
34  0.050656062222418585  1.0019600096561794
35  0.05057040750173658  1.0019566954609525
36  0.05042890723941296  1.0019512204621401
37  0.050533065838940905  1.0019552506186877
38  0.050364470592571986  1.001948727247222
39  0.05027648072413682  1.001945322699292
40  0.050214656799470125  1.0019429305771252
41  0.050135650732727854  1.0019398736349368
42  0.050033312330573065  1.0019359139063746
43  0.04994100309905447  1.0019323422314912
44  0.049859895573625024  1.0019292039786138
45  0.04977083055138587  1.001925757830296
46  0.04969646017178553  1.0019228802544293
47  0.04959561974874127  1.0019189784864233
48  0.04949898282106946  1.001915239362159
49  0.049435740864033684  1.0019127923727755
50  0.04939751543397053  1.0019113133353466
51  0.049240075433025776  1.0019052215882074
52  0.04920053859408147  1.0019036918090911
53  0.04914953116183329  1.0019017182040504
54  0.04909026602656019  1.0018994250878406
55  0.04901421792095484  1.0018964825965615
56  0.0489437106483247  1.0018937544939588
57  0.04888044224549881  1.0018913064813217
58  0.04880402047785859  1.0018883495321247
59  0.04872950581484281  1.0018854663735721
60  0.048671944667833755  1.001883239188927
61  0.048587143843713654  1.0018799580330924
62  0.048524688046405196  1.0018775414621937
63  0.04844779801326626  1.001874566394634
64  0.048396372086128125  1.0018725765969798
65  0.048341241943034574  1.0018704434739525
66  0.04831010948886605  1.0018692388814887
67  0.0481970031811807  1.0018648625157487
68  0.04820385377138481  1.001865127582206
69  0.048148904825324745  1.0018630014701446
70  0.04808580028823517  1.0018605597978822
71  0.04802948616043479  1.001858380863527
72  0.047982979117224156  1.0018565813897866
73  0.04794409698008539  1.0018550769427195
74  0.04787734476291683  1.001852494132598
75  0.04782847903005505  1.0018506033952594
76  0.04776203662438072  1.001848032572519
77  0.047694963190800244  1.0018454373337318
78  0.04762196135448926  1.0018426127102256
79  0.04755851437809333  1.0018401577881304
80  0.0475089786276095  1.0018382411261355
81  0.04744059824601188  1.001835595318263
82  0.04740158385657367  1.0018340857540238
83  0.047365642397122376  1.001832695089126
84  0.04729758890589775  1.0018300619294591
85  0.04725937382223844  1.0018285832923584
86  0.047217070920167026  1.0018269464873462
87  0.04716483470085653  1.001824925337463
88  0.047132390129859814  1.0018236699759195
89  0.04709614287032693  1.0018222674788526
90  0.047023892967855474  1.001819471949546
91  0.04704936508711499  1.0018204575295047
92  0.04699071729528237  1.0018181882998554
93  0.04695519579137186  1.0018168138840873
94  0.046907599691283  1.0018149722720142
95  0.04686702779568108  1.0018134024439687
96  0.046820631547947356  1.0018116072571819
97  0.046772845860899026  1.0018097583095154
98  0.0467309985591392  1.001808139132818
99  0.046696136923417786  1.0018067902489995
100  0.046653635142465344  1.0018051457488661
101  0.046615264454551  1.001803661091048
102  0.04656545703432957  1.0018017339174718
103  0.04652830645911732  1.0018002964688633
104  0.04649376876950895  1.0017989601193296
105  0.04644626212640024  1.0017971219685706
106  0.046410944743164095  1.0017957554507415
107  0.04638311860738198  1.0017946787879999
108  0.04632649587976245  1.0017924879131466
109  0.04629513814841979  1.001791274604146
110  0.04625126724612094  1.001789577129286
111  0.04620846983869065  1.0017879211906255
112  0.04616454102565948  1.0017862214750546
113  0.04612680976317218  1.001784761558204
114  0.04608443389230321  1.0017831219298468
115  0.046051766296513086  1.0017818579389168
116  0.046027885383874145  1.0017809339267194
117  0.0459895889190699  1.0017794521407786
118  0.045956084368441785  1.0017781557659742
119  0.04592298588966137  1.0017768751031044
120  0.04588322291925073  1.0017753365743964
121  0.0458586810368391  1.0017743869876266
122  0.04582478862320749  1.001773075605433
123  0.04576688801164841  1.0017708352860561
124  0.04572113741874828  1.0017690650812687
125  0.04568417587020501  1.0017676349465745
126  0.04565202918811517  1.0017663911110977
127  0.045622844978337906  1.0017652619010788
128  0.04558759393942324  1.0017638979502774
129  0.045539538101969645  1.0017620385498165
130  0.045514676188060044  1.001761076580228
131  0.045481904715353405  1.0017598085700405
132  0.04546206017155152  1.0017590407350419
133  0.045402823977542695  1.0017567487386418
134  0.0453755776989575  1.0017556945120245
135  0.04534699417311194  1.0017545885439685
136  0.045300273285994064  1.0017527807960727
137  0.045229441496448586  1.0017500401370996
138  0.04518960420503704  1.0017484987327263
139  0.045150198773164174  1.0017469740380778
140  0.04512684502619635  1.0017460704232377
141  0.045092464745745575  1.0017447401642576
142  0.04506420180522219  1.001743646600449
143  0.045014338479302585  1.0017417172637417
144  0.04498858195667965  1.0017407206795061
145  0.04495615606088843  1.0017394660405532
146  0.04495051603620748  1.0017392478139018
147  0.04489608463800365  1.0017371417270604
148  0.04487253466395946  1.0017362305197044
149  0.04484524233283271  1.001735174511199
150  0.044803160150839516  1.0017335462463983
151  0.04481606825465945  1.0017340456931974
152  0.044766464478879775  1.0017321263991337
153  0.04470689750959478  1.0017298216042116
154  0.044663782309153355  1.0017281533693452
155  0.04460834352366572  1.0017260083041721
156  0.044580158302933715  1.0017249177475365
157  0.04453144336354098  1.0017230328447742
158  0.044503079546777013  1.0017219353778115
159  0.044468988815627664  1.0017206163222176
160  0.04443034735928986  1.0017191211876921
161  0.044384754697777584  1.0017173570936648
162  0.04434634261059167  1.001715870834005
163  0.04431138830348147  1.0017145183644989
164  0.0442775445745216  1.001713208866037
165  0.04423289855050716  1.0017114813997805
166  0.04420163808277189  1.001710271854152
167  0.04417452760153906  1.0017092228818738
168  0.04414805965255286  1.001708198770774
169  0.04411631597831578  1.001706970528678
170  0.04407983898687151  1.0017055591427093
171  0.044051633349621366  1.0017044677961076
172  0.04402276093028645  1.0017033506500403
173  0.04398096710748245  1.0017017335425773
174  0.04396451643139809  1.001701097024803
175  0.04392910617897705  1.0016997269136332
176  0.043913663190696894  1.0016991293858188
177  0.04388960782157214  1.0016981986234639
178  0.043849714387006244  1.0016966550467716
179  0.043872482314687655  1.0016975359947993
180  0.04382685267468034  1.0016957704699816
181  0.043799635139612714  1.0016947173555228
182  0.043777985702022404  1.0016938796846722
183  0.043753981496744254  1.0016929509019743
184  0.04372802613247451  1.0016919466240584
185  0.04370472276974913  1.0016910449587106
186  0.04368454615361839  1.0016902642750034
187  0.04366304653657738  1.0016894324010843
188  0.043631943064031065  1.0016882289299922
189  0.04360051327043035  1.0016870128327227
190  0.043576781260889375  1.0016860945819581
191  0.043546906842845345  1.0016849386660565
192  0.04356480122125039  1.0016856310442819
193  0.04353018309173806  1.0016842915823272
194  0.043500591755381235  1.0016831466195635
195  0.04347406244826413  1.0016821201343644
196  0.04344887771930961  1.001681145674255
197  0.04342570107011823  1.0016802489117702
198  0.04340181001477361  1.0016793245071263
199  0.043369822026533944  1.001678086811911
200  0.04335221111205867  1.0016774054016135
201  0.043330055597515016  1.0016765481493808
202  0.04328458017133108  1.0016747885914814
203  0.043257197217750676  1.001673729076567
204  0.04323436575113282  1.001672845670059
205  0.04321089004765455  1.0016719373364167
206  0.04318388920548544  1.0016708926063478
207  0.04315628578656583  1.0016698245610782
208  0.043118166429300664  1.0016683496278709
209  0.04309654605183666  1.0016675130814292
210  0.04307218128168033  1.0016665703475751
211  0.043053800675472376  1.0016658591559808
212  0.04302559238940351  1.0016647677068895
213  0.04299264929898716  1.001663493056384
214  0.04297396185681657  1.0016627699925393
215  0.04293867917632821  1.0016614048174464
216  0.042942968136022386  1.0016615707680168
217  0.04291985061792458  1.0016606762934621
218  0.0429016059215922  1.0016599703605604
219  0.04287908546607788  1.0016590989878493
220  0.04285900975773549  1.0016583222085167
221  0.042829789201391244  1.0016571915921586
222  0.04280659337741943  1.001656294087754
223  0.04278542564806398  1.001655475055399
224  0.04276512147464839  1.0016546894361815
225  0.042745145423063846  1.001653916512818
226  0.04272414879346864  1.0016531041007404
227  0.04269504746458486  1.0016519780975905
228  0.04267662091351687  1.001651265128275
229  0.04265492041850105  1.0016504254818848
230  0.04262220888642021  1.00164915979095
231  0.04259261764996214  1.0016480148320517
232  0.042571914750569095  1.0016472137851298
233  0.04255190698645883  1.0016464396347293
234  0.04253369183947775  1.001645734845166
235  0.04250243491421568  1.0016445254366046
236  0.04247218654397489  1.001643355051558
237  0.042443057724878885  1.001642227984743
238  0.042415999087862755  1.001641181018447
239  0.04238218182392006  1.001639872543983
240  0.04234953029472255  1.0016386091747096
241  0.042320103942403375  1.0016374705955908
242  0.04229076327518777  1.0016363353318427
243  0.04226069290871681  1.0016351718342065
244  0.042232082836206164  1.0016340648389936
245  0.042212814124658826  1.001633319284384
246  0.0421830089737274  1.0016321660486
247  0.042141753929948345  1.0016305697878443
248  0.04210181302848792  1.0016290243745392
249  0.042075241741713065  1.001627996265042
250  0.04204747662044206  1.0016269219631047
251  0.04202365200416003  1.001626000129154
252  0.041996570516415144  1.001624952278706
253  0.041971938246985196  1.0016239991946363
254  0.04195156276265888  1.0016232108162217
255  0.04193543637033037  1.0016225868457964
256  0.04190247322780727  1.0016213114194248
257  0.04193288273977169  1.0016224880394478
258  0.041886663189833584  1.0016206996895403
259  0.04186969321499079  1.0016200430787991
260  0.04184402126464326  1.0016190497668762
261  0.04182743194373062  1.0016184078845871
262  0.041801385243080746  1.0016174000726383
263  0.041773528640642765  1.0016163222310657
264  0.04175016229579587  1.0016154181287822
265  0.04173146621151591  1.0016146947305529
266  0.04171522167347941  1.001614066188775
267  0.04169323069327824  1.001613215302787
268  0.041674225199393344  1.0016124799327266
269  0.04165941085983038  1.0016119067289022
270  0.04164458793446535  1.0016113331928718
271  0.04162739474732968  1.0016106679454893
272  0.041621414785656174  1.0016104365658258
273  0.041582005268052225  1.0016089117130904
274  0.04157180264350746  1.0016085169480464
275  0.04155404428514553  1.0016078298327766
276  0.04153105481039854  1.0016069403125392
277  0.04150814702477523  1.001606053953058
278  0.0414835090854796  1.0016051006496072
279  0.04146567251684208  1.0016044105081863
280  0.04144856611406378  1.0016037486187073
281  0.04144230494140955  1.0016035063582882
282  0.04140912316030543  1.0016022224722434
283  0.04139690344798619  1.001601749661032
284  0.041381356966987304  1.0016011481288256
285  0.04135997003360592  1.001600320614919
286  0.04142621140583169  1.0016028836591728
287  0.04134846146861226  1.001599875319775
288  0.04132596997514304  1.001599005067678
289  0.04130766206044956  1.0015982966887
290  0.04128740494263383  1.0015975128901815
291  0.041269202088774604  1.0015968085762699
292  0.041252251420775155  1.0015961527125588
293  0.04123119396784758  1.0015953379470743
294  0.04121703130237242  1.0015947899581492
295  0.04120499623868823  1.0015943242914551
296  0.04118169390463555  1.0015934226659093
297  0.04116466561169374  1.001592763798695
298  0.041136371639009184  1.0015916690341746
299  0.04111344847835141  1.001590782079795
300  0.041098490949213806  1.001590203335608
301  0.04107946291497089  1.001589467093405
302  0.04105406599812533  1.0015884844232155
303  0.041024974583731  1.001587358803682
304  0.041000459060305916  1.0015864102368073
305  0.04098296375132715  1.0015857332995752
306  0.040958342475420184  1.0015847806408726
307  0.04093732771600456  1.0015839675273068
308  0.040909478568151525  1.001582889974171
309  0.04088134094654883  1.0015818012592643
310  0.04084951863356412  1.001580569974439
311  0.04082419606644505  1.0015795901810263
312  0.04079828477969194  1.0015785876085797
313  0.04077256648927585  1.0015775925036436
314  0.04074045616067479  1.001576350074774
315  0.04071052879141357  1.0015751921100575
316  0.04068568447058363  1.0015742308211892
317  0.04065764719439835  1.0015731459888977
318  0.04063456227102635  1.0015722527755144
319  0.04060968595222225  1.0015712902485645
320  0.04059922362214219  1.0015708854348644
321  0.040563700732160646  1.0015695109654659
322  0.04055040068348603  1.0015689963533407
323  0.04052966149756787  1.0015681939024024
324  0.04051696058910337  1.0015677024725094
325  0.040490722980899396  1.0015666872738702
326  0.04047365724965335  1.0015660269580746
327  0.04045788415551732  1.0015654166576395
328  0.04043368786253354  1.0015644804425883
329  0.04040978512401483  1.001563555585893
330  0.040391949816223405  1.0015628654932571
331  0.04036816187729608  1.001561945078445
332  0.04034635604112935  1.0015611013561427
333  0.040326656087733226  1.001560339115708
334  0.04029429460525902  1.0015590869690676
335  0.04027993078253078  1.0015585311968656
336  0.04025218101514605  1.001557457489008
337  0.04023028126205075  1.001556610132825
338  0.040196730990962215  1.0015553119889817
339  0.040180589620392615  1.0015546874390109
340  0.040153562570269474  1.0015536416948907
341  0.040114206544134556  1.001552118911874
342  0.04013227323618851  1.001552817957345
343  0.040088852412253906  1.0015511378971418
344  0.040049670319084574  1.001549621844026
345  0.0400239585616059  1.0015486269918659
346  0.039994980679181724  1.0015475057651682
347  0.03995938066351712  1.001546128311584
348  0.039943708255624766  1.0015455219069513
349  0.03987674669312613  1.0015429309967356
350  0.039852066899169536  1.0015419760738233
351  0.039813568797897214  1.0015404864860638
352  0.03979978639279713  1.001539953210363
353  0.03975106327335165  1.001538067991094
354  0.03971916387089358  1.001536833723484
355  0.03968519453070174  1.0015355193648097
356  0.03963037336524866  1.0015333981968995
357  0.03978249610124507  1.0015392842057678
358  0.03960407528373655  1.001532380658397
359  0.039552273216685974  1.0015303763069494
360  0.0395155201100027  1.0015289542373917
361  0.03947083723407452  1.0015272253452427
362  0.039435599499784924  1.0015258619092307
363  0.03940728348929223  1.0015247662920121
364  0.03936194585589747  1.00152301206566
365  0.03932650165421703  1.0015216406409084
366  0.03928991621321909  1.0015202250587552
367  0.039249479234048645  1.0015186604509638
368  0.03922010923441377  1.0015175240522711
369  0.03918573209565701  1.001516193914851
370  0.03914135285892173  1.0015144767712612
371  0.03911621808656485  1.0015135042440972
372  0.03905447702754705  1.0015111153282095
373  0.03904879253771443  1.00151089538109
374  0.03902410340101481  1.0015099400966836
375  0.0389933122141457  1.0015087487087049
376  0.038966024278390354  1.0015076928702675
377  0.038939153883636446  1.001506653187535
378  0.038903864744151084  1.0015052877625272
379  0.03887167884640641  1.0015040424096988
380  0.03884198190750909  1.001502893360909
381  0.038821625891917066  1.0015021057357882
382  0.03878386969415537  1.0015006448541297
383  0.0387637092583325  1.0014998647964792
384  0.03872675565046402  1.0014984349690297
385  0.03870452449904782  1.001497574790217
386  0.03868043691996026  1.0014966427815781
387  0.03865830242152657  1.0014957863425114
388  0.038623689982104525  1.0014944471007203
389  0.03860867373135435  1.0014938660844475
390  0.03858807215836435  1.0014930689580974
391  0.038567941276813955  1.0014922900439753
392  0.03854330009863027  1.0014913366152038
393  0.0385212470126397  1.0014904833261877
394  0.0384989053702679  1.0014896188722042
395  0.03847943931436493  1.0014888656818481
396  0.03845948215949446  1.0014880934896457
397  0.03843998849760166  1.001487339231145
398  0.03842235822373119  1.0014866570717842
399  0.03839910275434921  1.0014857572595495
400  0.038377540720716086  1.0014849229705765
401  0.03836300579036833  1.001484360577793
402  0.03834441752264084  1.0014836413512556
403  0.038322470270979014  1.0014827921572342
404  0.038300706033929544  1.0014819500445056
405  0.038282946336986035  1.0014812628774425
406  0.03827030105449902  1.0014807735998579
407  0.038250374073327875  1.0014800025751511
408  0.038228753651216474  1.001479166026982
409  0.03821806351048784  1.0014787523987185
410  0.03819860277831377  1.0014779994143508
411  0.03818766829260911  1.0014775763317694
412  0.038164514238705816  1.001476680443553
413  0.03815101736143445  1.0014761582156377
414  0.03813780001562006  1.0014756468034929
415  0.038112655812245766  1.0014746739114195
416  0.038173635288981544  1.0014770333597853
417  0.038100700723503245  1.0014742113391557
418  0.03807369527490634  1.0014731664308527
419  0.03805218554650669  1.0014723341657
420  0.03802819767281995  1.001471406014912
421  0.0380089686042826  1.0014706619941895
422  0.03799341168982251  1.0014700600582864
423  0.03797300697864636  1.0014692705490118
424  0.037955351214795874  1.00146858740338
425  0.03793794023791386  1.0014679137291678
426  0.03791102110654554  1.001466872160694
427  0.03789070666752592  1.0014660861442748
428  0.03788049019233708  1.0014656908433148
429  0.0378588116781049  1.0014648520474165
430  0.037845262806264324  1.0014643278077011
431  0.037831648036044996  1.0014638010182129
432  0.03781494371467564  1.0014631546862685
433  0.037802678042544446  1.0014626800967572
434  0.037784017705730255  1.0014619580816866
435  0.037767137077436175  1.0014613049279868
436  0.03775040753202952  1.0014606576200615
437  0.03773358660304993  1.0014600067762773
438  0.03772026332369005  1.001459491265299
439  0.037702739052187906  1.0014588132074347
440  0.03769305072934992  1.0014584383420093
441  0.03768123614265417  1.0014579812061208
442  0.037664971290935156  1.0014573518783558
443  0.03764532992826408  1.0014565919049427
444  0.03763400549034701  1.0014561537341358
445  0.03761643060447739  1.0014554737178751
446  0.03760099989911503  1.0014548766653175
447  0.037581347217361616  1.0014541162539408
448  0.037563799611943116  1.001453437293229
449  0.03754473067933184  1.0014526994685657
450  0.03752497269447108  1.0014519349827489
451  0.037502566159482664  1.0014510680179076
452  0.037482172683659165  1.001450278943357
453  0.03746448071407826  1.001449594396835
454  0.03744858413687113  1.0014489793185313
455  0.03743398467764447  1.0014484144289642
456  0.03741218853114081  1.0014475710815791
457  0.03739963342375796  1.0014470852930943
458  0.03738108025577358  1.0014463674246536
459  0.03735662012979779  1.0014454210012445
460  0.03733173008892665  1.0014444579433535
461  0.0373128828140451  1.0014437286951818
462  0.03729511864976709  1.0014430413552664
463  0.03727948247284363  1.0014424363525005
464  0.03725718950318768  1.0014415737817859
465  0.03722956857788118  1.0014405050591506
466  0.03721680494233759  1.0014400112021902
467  0.0371945616044147  1.0014391505518514
468  0.03718038986794858  1.001438602211947
469  0.037163597395567405  1.0014379524692198
470  0.03715014974176534  1.0014374321458834
471  0.037128850430440785  1.0014366080222932
472  0.03711820596908677  1.0014361961614786
473  0.03710766468334825  1.0014357882927867
474  0.03709343410144905  1.0014352376760056
475  0.037076499439991806  1.0014345824316275
476  0.03705966939197902  1.0014339312350051
477  0.037049812268692195  1.0014335498382685
478  0.03703926403802993  1.0014331417008602
479  0.037024714901063516  1.001432578758387
480  0.03701204266332869  1.0014320884378363
481  0.036999384321365625  1.0014315986549478
482  0.03698339584941679  1.0014309800210068
483  0.03697415587949837  1.0014306225034766
484  0.036960496715132796  1.0014300939962677
485  0.03694625978221333  1.0014295431337494
486  0.03692985693787987  1.0014289084667054
487  0.03691574230170014  1.0014283623361537
488  0.03690444496535794  1.0014279252139744
489  0.03689020041907454  1.001427374056876
490  0.03686966579706552  1.0014265795210266
491  0.03689419163761143  1.0014275284870968
492  0.03686181402342559  1.00142627571628
493  0.03684886253825903  1.0014257745909483
494  0.03683712194510802  1.001425320318055
495  0.036826693778849395  1.0014249168262384
496  0.036812481905889816  1.0014243669333527
497  0.036805024684004595  1.0014240783947996
498  0.036793509394224655  1.001423632839457
499  0.036782364676157586  1.00142320162246
500  0.03677031582331913  1.001422735422229
501  0.03676266772970127  1.0014224394983713
502  0.036753300902024555  1.0014220770723974
503  0.03674542868633357  1.0014217724766965
504  0.036737884982780744  1.0014214805919515
505  0.03672923030114317  1.0014211457206876
506  0.036722421314429154  1.0014208822639734
507  0.03671224558058117  1.0014204885393978
508  0.03670724932517566  1.0014202952217885
509  0.0366971483116626  1.0014199043883296
510  0.03669171767856272  1.0014196942635616
511  0.03668519201112019  1.0014194417691782
512  0.03667383210812081  1.0014190022261384
513  0.036676674220378236  1.001419112194565
514  0.03666666721260137  1.001418724998423
515  0.03665752154609114  1.001418371129727
516  0.03664967557815113  1.0014180675496176
517  0.03664084963366565  1.001417726051766
518  0.03663172160625994  1.001417372865571
519  0.03661990014056571  1.001416915463517
520  0.03661303259928228  1.0014166497411803
521  0.03660507837385174  1.0014163419723179
522  0.036594405140590425  1.0014159289982465
523  0.03659016156714201  1.0014157648037834
524  0.036571982090294775  1.0014150613943866
525  0.03656490177159055  1.0014147874391597
526  0.03655630028186008  1.0014144546260235
527  0.036546812686989893  1.001414087527265
528  0.03653518515668763  1.0014136376290559
529  0.036525946351419036  1.0014132801565887
530  0.03651746826726299  1.0014129521183228
531  0.036509140783222316  1.0014126299071517
532  0.03649880732223787  1.001412230079719
533  0.036485294562692894  1.0014117072372786
534  0.03647853567807624  1.0014114457191399
535  0.03646821524125321  1.0014110463956445
536  0.036457962544748646  1.0014106496931912
537  0.03644376087936241  1.001410100195262
538  0.036436689448116066  1.001409826583913
539  0.036424029298073424  1.0014093367310652
540  0.036420820414003297  1.0014092125713205
541  0.03640618337948265  1.0014086462278713
542  0.036398360493942294  1.0014083435408774
543  0.036389483137758916  1.0014080000537788
544  0.036376955298511815  1.0014075153203663
545  0.03638254667167351  1.001407731664569
546  0.03636881901893951  1.0014072005073742
547  0.036359675034789984  1.0014068467037731
548  0.036352913860857594  1.0014065850970548
549  0.03634211854394498  1.001406167399262
550  0.03633097286465092  1.0014057361450728
551  0.03632155771429224  1.0014053718493732
552  0.036309410921973595  1.001404901859619
553  0.03629967909170728  1.0014045253107826
554  0.03628976627312841  1.0014041417590558
555  0.03627616829885216  1.0014036156194444
556  0.03626815172996911  1.001403305438358
557  0.03626010924079004  1.0014029942543503
558  0.036246899143165257  1.0014024831226562
559  0.036239588771313946  1.0014022002660978
560  0.03623692030011971  1.0014020970162778
561  0.0362140500526541  1.001401212109242
562  0.036209177719198515  1.0014010235864828
563  0.03620054030537423  1.0014006893833536
564  0.036188795280879926  1.0014002349390005
565  0.03617461016661572  1.0013996860814758
566  0.036161465777706625  1.001399177492216
567  0.03614687332656674  1.0013986128738093
568  0.03613611189364496  1.0013981964870726
569  0.03612019278554368  1.0013975805369923
570  0.03610509062440681  1.0013969961966318
571  0.036092271939034304  1.001396500209656
572  0.03608027710154693  1.001396036099414
573  0.036068787569655814  1.0013955915407085
574  0.03605042411907511  1.0013948810129083
575  0.036042448064965926  1.0013945723994395
576  0.036032443431571526  1.0013941852951682
577  0.036012616197574565  1.0013934181299289
578  0.03602619581180044  1.001393943559144
579  0.036001216003125336  1.0013929770279122
580  0.035986837250678305  1.0013924206780422
581  0.03597622950444013  1.0013920102378275
582  0.03596302838747678  1.0013914994536175
583  0.03595230169639074  1.0013910844111293
584  0.03593585584393211  1.0013904480799931
585  0.03592679255201092  1.001390097398576
586  0.03591680842407552  1.0013897110877121
587  0.03590658765480392  1.0013893156206035
588  0.035893238975847175  1.0013887991268513
589  0.035881948437737954  1.0013883622677124
590  0.03587332037957758  1.0013880284265775
591  0.03586063967520958  1.0013875377784314
592  0.03584699945485248  1.0013870100042137
593  0.035838680706651305  1.001386688131054
594  0.03582925368952572  1.0013863233761997
595  0.03582058607160865  1.001385988004399
596  0.035809877664632284  1.0013855736693686
597  0.035797927264895724  1.0013851112785341
598  0.03578817943168533  1.0013847341105038
599  0.03577323704503477  1.0013841559522176
600  0.03576498713541221  1.0013838367425945
601  0.03575515788614958  1.0013834564243735
602  0.03575323675842801  1.0013833820911404
603  0.03573883677512879  1.0013828249197954
604  0.035731515557805626  1.0013825416435989
605  0.03572376227386187  1.0013822416496645
606  0.03571266390880534  1.0013818122261815
607  0.035735870226803246  1.0013827101366262
608  0.035705108722831724  1.0013815198971527
609  0.03568961926624248  1.0013809205713633
610  0.03567939756741845  1.001380525068288
611  0.03566654780027345  1.0013800278786806
612  0.035656619242394605  1.0013796437179612
613  0.035647049845594636  1.0013792734540812
614  0.03563321285513299  1.0013787380663364
615  0.035624000970608916  1.0013783816355002
616  0.03562202996199071  1.0013783053722505
617  0.03561345555572737  1.0013779736070414
618  0.03559851290634364  1.0013773954385894
619  0.0355913378499092  1.0013771178177227
620  0.03558111625914995  1.0013767223188286
621  0.035570115443922856  1.0013762966697923
622  0.03555221733238112  1.0013756041471225
623  0.035544578545835925  1.0013753085833788
624  0.03553071255406781  1.001374772073501
625  0.0355234646126138  1.0013744916325307
626  0.03551209041462733  1.0013740515363823
627  0.03550560418266757  1.001373800567856
628  0.03549133801216431  1.0013732485740627
629  0.03548446992328913  1.0013729828305382
630  0.03547593832664575  1.0013726527217404
631  0.0354635973723495  1.0013721752193738
632  0.035449392944440605  1.0013716256145557
633  0.03543829447471225  1.0013711961870226
634  0.03542141254816267  1.0013705429830901
635  0.035412186826658254  1.0013701860168664
636  0.035402299271977355  1.0013698034426632
637  0.035389001048527935  1.0013692889011605
638  0.035380049824152215  1.001368942555917
639  0.0353758577387856  1.0013687803536564
640  0.03535149408572491  1.0013678376630255
641  0.03534557279138628  1.001367608553348
642  0.03533499605905266  1.0013671993131388
643  0.03532695835553923  1.0013668883143005
644  0.03531305928332573  1.0013663505244574
645  0.03530381678979422  1.0013659929092824
646  0.035296871764822324  1.0013657241889078
647  0.03528418316521542  1.0013652332352754
648  0.03527922488672741  1.001365041387088
649  0.03526103435019068  1.0013643375497645
650  0.035254541916347804  1.001364086341272
651  0.03524675000786914  1.0013637848528578
652  0.035237128481822144  1.0013634125719673
653  0.03522643788345492  1.0013629989259967
654  0.03521731356978186  1.0013626458834954
655  0.03520677744015721  1.0013622382143066
656  0.0351995237323377  1.0013619575502213
657  0.035189178518754693  1.001361557268051
658  0.03517684568391455  1.0013610800798465
659  0.03516721028371106  1.0013607072621302
660  0.035159065849624804  1.0013603921336194
661  0.035149638952005846  1.0013600273833891
662  0.03514094591094874  1.0013596910279035
663  0.03513480143634784  1.0013594532828238
664  0.03512024183881557  1.0013588899356052
665  0.03511461926951387  1.001358672384346
666  0.035107744570516686  1.0013584063850594
667  0.035101110008315506  1.0013581496772654
668  0.03509255506720965  1.001357818665212
669  0.03508215748333088  1.001357416356704
670  0.035076062527348184  1.0013571805276236
671  0.035064463341360375  1.001356731726127
672  0.03505861112776498  1.001356505289356
673  0.03504877003007778  1.0013561245126898
674  0.03504277025208358  1.0013558923662835
675  0.035036650296341953  1.0013556555698997
676  0.03502731573367479  1.0013552943923396
677  0.03501676726278102  1.001354886245636
678  0.035009706086738035  1.0013546130310864
679  0.03500174694707592  1.00135430507208
680  0.034994709211279895  1.0013540327644919
681  0.0349874469899677  1.0013537517709983
682  0.03497786203938269  1.0013533809053037
683  0.0349712438382187  1.0013531248305592
684  0.03496597293491899  1.0013529208861367
685  0.03495532301673543  1.001352508814184
686  0.034949278974159226  1.0013522749550703
687  0.03493331035362113  1.00135165708923
688  0.03495621648983549  1.0013525433848913
689  0.034929089284231885  1.0013514937655053
690  0.034921810922539764  1.0013512121475001
691  0.03491546682889646  1.0013509666786606
692  0.03490757060909733  1.001350661154181
693  0.034900395003959916  1.0013503835120836
694  0.03489475048355706  1.0013501651114813
695  0.034886675341187945  1.0013498526640403
696  0.03488121842646119  1.0013496415223706
697  0.03487549113229749  1.0013494199190447
698  0.03486742546024557  1.0013491078380339
699  0.03486268820321636  1.001348924541719
700  0.03484713051719113  1.0013483225759623
701  0.03484838913635313  1.0013483712750835
702  0.034839260235106084  1.0013480180550776
703  0.03483295739144032  1.001347774182303
704  0.03482523403956539  1.0013474753465152
705  0.03481691375570051  1.001347153413937
706  0.03480598582463357  1.001346730584971
707  0.0347980201801269  1.0013464223742758
708  0.03478945836669334  1.0013460910963148
709  0.034783246763692266  1.0013458507538695
710  0.03477471108578811  1.0013455204871575
711  0.03477004081886681  1.0013453397828576
712  0.03476054786517346  1.0013449724767527
713  0.034755125250013785  1.001344762662219
714  0.03475005885846938  1.0013445666308673
715  0.03473987241146048  1.0013441724917727
716  0.03475604796466969  1.0013447983643553
717  0.03473453960967887  1.0013439661523431
718  0.03472436570266024  1.001343572498452
719  0.03471674416660009  1.001343277602173
720  0.034708987718066964  1.0013429774857927
721  0.03470184014555233  1.0013427009283475
722  0.03469211170027353  1.0013423245104847
723  0.034684803239106055  1.0013420417278556
724  0.03467634430827493  1.0013417144306795
725  0.03466561743509289  1.0013412993811455
726  0.03465653207903785  1.001340947846012
727  0.034649866728474366  1.0013406899469395
728  0.03463771317377584  1.0013402196955319
729  0.0346305073621721  1.0013399408846708
730  0.03462451631688668  1.0013397090761549
731  0.03461152800897549  1.0013392065260591
732  0.03461677086511872  1.001339409385267
733  0.03460475373543648  1.0013389444124843
734  0.03459409592925522  1.0013385320353252
735  0.03458586486953297  1.0013382135550521
736  0.03457545853366617  1.0013378109079079
737  0.03456625349203102  1.00133745474184
738  0.034557534983114535  1.0013371174009393
739  0.03454822546390779  1.0013367571923733
740  0.034541730862231  1.001336505900002
741  0.03453377088529641  1.0013361979085993
742  0.03452499727098579  1.001335858435533
743  0.03451852572252212  1.001335608035148
744  0.03451154362332498  1.0013353378802792
745  0.034504223527151656  1.0013350546474624
746  0.0344984869255911  1.0013348326840101
747  0.034490598391284544  1.0013345274569014
748  0.03448258766885581  1.0013342175020288
749  0.03447681176956996  1.0013339940180492
750  0.03446898133422238  1.0013336910389343
751  0.03446025228080973  1.0013333532900406
752  0.034450848633651554  1.0013329894394287
753  0.03444092979953295  1.0013326056549459
754  0.034434967489799684  1.00133237495828
755  0.03442863862187473  1.0013321300785618
756  0.034420561451110165  1.0013318175526371
757  0.034414663896228936  1.0013315893614985
758  0.034402839466861845  1.0013311318447724
759  0.03441711187409946  1.0013316840798807
760  0.034397030979333  1.0013309070998724
761  0.0343884741957472  1.0013305760165288
762  0.03438173178018045  1.0013303151356185
763  0.03437433153215308  1.0013300288015263
764  0.03436695212499641  1.0013297432738197
765  0.03435804085407479  1.0013293984744749
766  0.03435223247838015  1.001329173733902
767  0.03434628571992837  1.0013289436389543
768  0.03433746014226935  1.001328602155296
769  0.034330852473483886  1.0013283464880758
770  0.03432429624711775  1.001328092811291
771  0.0343119492259808  1.0013276150741834
772  0.03430720844114821  1.0013274316413694
773  0.03429954872053609  1.0013271352676343
774  0.034292338768223685  1.001326856296559
775  0.03428364789075711  1.0013265200247878
776  0.034273611639840884  1.0013261316971553
777  0.03426775068589194  1.0013259049221985
778  0.03426057106970404  1.0013256271249036
779  0.03424926329018785  1.0013251895986517
780  0.0342437667619917  1.0013249769242378
781  0.03423680974687504  1.0013247077399348
782  0.03423127791631342  1.001324493699584
783  0.0342252353709358  1.001324259898401
784  0.03421834156008263  1.0013239931596287
785  0.03420948415802816  1.0013236504446053
786  0.034203024012158134  1.001323400485415
787  0.03419640568941096  1.0013231444059663
788  0.034187160862324206  1.0013227867005
789  0.03417835897461319  1.001322446133465
790  0.03417162599221035  1.0013221856175478
791  0.03416398227199424  1.001321889862908
792  0.03415723895244405  1.0013216289470206
793  0.03415080796155645  1.0013213801159095
794  0.03414106461428279  1.001321003121451
795  0.034137102837291655  1.0013208498303974
796  0.03413079062883084  1.0013206055952752
797  0.03412297177687551  1.001320303064351
798  0.03411308065250618  1.0013199203520273
799  0.03410663492176402  1.0013196709505947
800  0.03409687579712395  1.0013192933456707
801  0.03408837775377149  1.0013189645351335
802  0.034078616462322686  1.00131858684637
803  0.034071111786753705  1.0013182964717153
804  0.03406304185352249  1.0013179842258286
805  0.034055828983265646  1.0013177051418507
806  0.0340471866706441  1.001317370749175
807  0.03403984322415432  1.0013170866128762
808  0.034033511014718965  1.0013168416038667
809  0.034027277728813865  1.0013166004224556
810  0.034018477512970824  1.0013162599201095
811  0.034012857607222946  1.0013160424719099
812  0.03401259994340322  1.0013160325022525
813  0.034006068457353544  1.0013157797827328
814  0.0339953636845598  1.001315365588318
815  0.03398752848069442  1.0013150624246974
816  0.0339776910218923  1.0013146817888288
817  0.033971361173753656  1.0013144368711835
818  0.03396098290701233  1.001314035310104
819  0.0339524615472665  1.0013137055973973
820  0.03394478988043714  1.0013134087614333
821  0.03393426637803798  1.0013130015808231
822  0.03392493574013811  1.001312640555122
823  0.033918479838075166  1.0013123907601356
824  0.033909870778742746  1.0013120576541126
825  0.03390353751655484  1.0013118126043694
826  0.033895813006586284  1.0013115137237723
827  0.03388530601235762  1.0013111071819045
828  0.03388108564240211  1.0013109438852426
829  0.03387550760904612  1.0013107280571905
830  0.03386827759495259  1.0013104483098745
831  0.033862142451886346  1.0013102109258554
832  0.0338511704633917  1.0013097863921974
833  0.03386927953542984  1.0013104870774558
834  0.0338463006339873  1.001309597966326
835  0.03383843287048438  1.0013092935428916
836  0.03383279433594577  1.0013090753738976
837  0.033825110787420565  1.0013087780782008
838  0.03381817474934512  1.001308509705552
839  0.03381296122770838  1.0013083079813694
840  0.03380815866310771  1.0013081221581412
841  0.033804359715945864  1.0013079751673806
842  0.03380018055660572  1.0013078134652607
843  0.033789313705382074  1.0013073929996261
844  0.03380211352429707  1.0013078882566115
845  0.03378561555286763  1.0013072499088624
846  0.03378155976461816  1.001307092980278
847  0.03377464157569654  1.0013068252982575
848  0.033770421490384006  1.0013066620126092
849  0.03376447168495178  1.0013064317997662
850  0.033759216554392735  1.0013062284656302
851  0.033754363308253765  1.0013060406814072
852  0.033746260479528556  1.0013057271627115
853  0.033739418866177595  1.001305462443591
854  0.03373515029271612  1.0013052972818153
855  0.033730220364469155  1.0013051065305696
856  0.03372528555560972  1.0013049155904807
857  0.03371953604257805  1.0013046931274514
858  0.03371370241789873  1.001304467409932
859  0.03371081189208236  1.0013043555682637
860  0.03370521201874299  1.001304138895168
861  0.03369908615706518  1.0013039018702687
862  0.03369308719244957  1.0013036697553341
863  0.03368874628377361  1.0013035017947278
864  0.03368368932365873  1.0013033061283019
865  0.03368001748805294  1.001303164055805
866  0.03367621958303835  1.0013030171053676
867  0.03367059664391581  1.001302799539799
868  0.03366698783635136  1.0013026599060146
869  0.033663927391793025  1.0013025414897654
870  0.03365930712240173  1.0013023627199948
871  0.033656220485331456  1.0013022432902918
872  0.033648421418755126  1.0013019415249131
873  0.03366233181670031  1.001302479752977
874  0.03364546787993916  1.0013018272451144
875  0.03364004728586356  1.0013016175087814
876  0.033635491606570644  1.0013014412381633
877  0.0336296486224833  1.001301215158505
878  0.03362609454945786  1.0013010776425366
879  0.03362251817570605  1.0013009392636976
880  0.03361875353995525  1.0013007936005311
881  0.03361542013754493  1.0013006646228604
882  0.033609520528246284  1.001300436352231
883  0.033603606359940086  1.0013002075182778
884  0.03360015303292696  1.0013000739004245
885  0.03359438509981172  1.001299850724676
886  0.03359000730089978  1.0012996813366943
887  0.033584002715763006  1.0012994490042875
888  0.03357887165258555  1.0012992504706288
889  0.03357389481891149  1.001299057904495
890  0.033569016261278395  1.0012988691409066
891  0.03356308931066676  1.0012986398123738
892  0.03355750614719266  1.0012984237858247
893  0.033551963449443  1.0012982093249954
894  0.033547098535319675  1.0012980210893085
895  0.03354182125722771  1.0012978168982292
896  0.03353673963698478  1.0012976202776411
897  0.03353413537483674  1.0012975195122296
898  0.03352806166308464  1.0012972845051413
899  0.03352483245515703  1.0012971595590157
900  0.03352135267585521  1.0012970249176572
901  0.03351622721746039  1.0012968266008615
902  0.03350901311304921  1.001296547469131
903  0.03350105306820683  1.0012962394751008
904  0.03349697723018752  1.0012960817707408
905  0.03349306311642897  1.0012959303238966
906  0.03348881413340543  1.0012957659201236
907  0.03348094854283812  1.0012954615807654
908  0.033479618852137794  1.0012954101317089
909  0.033473880024591174  1.0012951880821275
910  0.033471336686693554  1.0012950896740276
911  0.0334670416331202  1.0012949234876698
912  0.033461743680341605  1.0012947184966352
913  0.03345663096607032  1.0012945206729416
914  0.03345232177032165  1.0012943539393877
915  0.03344653895744265  1.001294130187904
916  0.03344200460494973  1.0012939547424728
917  0.033442656340354815  1.0012939799597447
918  0.03343738380104244  1.0012937759520206
919  0.03343222155575554  1.001293576211848
920  0.03342958019649567  1.0012934740110564
921  0.033425724216324504  1.001293324813546
922  0.03342216061569481  1.0012931869289308
923  0.033418626551504294  1.0012930501871544
924  0.03341334016667408  1.0012928456437127
925  0.03340935166593051  1.00129269131865
926  0.03340462842489178  1.0012925085646491
927  0.033401471483674006  1.001292386414703
928  0.03339648235636161  1.0012921933728975
929  0.03339375407720779  1.001292087808958
930  0.03338818455902737  1.0012918723103792
931  0.03339014167124066  1.0012919480359423
932  0.03338577770255424  1.0012917791830866
933  0.03338174798188198  1.001291623263122
934  0.03337810930968843  1.0012914824738004
935  0.03337440512095091  1.00129133914948
936  0.03337100831252948  1.0012912077184724
937  0.03336792631654051  1.0012910884683444
938  0.03336275001952771  1.0012908881844755
939  0.03335933355446974  1.0012907559929032
940  0.03335377556894237  1.0012905409405517
941  0.03334926714650932  1.0012903664984194
942  0.033344551117128085  1.0012901840234556
943  0.0333409565524837  1.0012900449407653
944  0.03333644076169329  1.001289870213533
945  0.03333179136773956  1.0012896903168602
946  0.033327555645356166  1.0012895264261745
947  0.03332321372649394  1.0012893584264817
948  0.033320416432425115  1.0012892501921826
949  0.033317255684699454  1.0012891278949534
950  0.03331258342140142  1.0012889471134085
951  0.03330883228603165  1.0012888019726056
952  0.0333135491325377  1.001288984479186
953  0.03330581203192651  1.0012886851114253
954  0.03330073584515714  1.001288488701072
955  0.03329784889287457  1.0012883769976726
956  0.03329423425190936  1.0012882371381793
957  0.03329040873611444  1.0012880891194118
958  0.03328493896775764  1.001287877480403
959  0.033286909272408516  1.0012879537164145
960  0.03328250765535956  1.0012877834068497
961  0.03327954429747326  1.0012876687471264
962  0.033275881947569697  1.001287527041655
963  0.03327271750654559  1.0012874046015225
964  0.03326918575971061  1.0012872679494105
965  0.03326575902477946  1.001287135360471
966  0.03326361186872451  1.0012870522816368
967  0.03326048400592141  1.0012869312568073
968  0.03325642156846653  1.0012867740709486
969  0.03325338087201912  1.0012866564188032
970  0.03325067561863193  1.001286551745788
971  0.033248465071728295  1.0012864662142036
972  0.03324569090693075  1.0012863588748337
973  0.03324139817298444  1.0012861927782282
974  0.0332373849171288  1.0012860374953285
975  0.0332338276716545  1.00128589985661
976  0.03322966759465107  1.0012857388928333
977  0.03322676657774448  1.0012856266452383
978  0.03322204015867547  1.0012854437682717
979  0.03321908682791286  1.0012853294965227
980  0.03321595718187753  1.0012852084026955
981  0.03321315664676472  1.0012851000429923
982  0.03321013568014608  1.0012849831542434
983  0.033206782058324724  1.0012848533942331
984  0.03320370501152825  1.0012847343356017
985  0.03320065126826044  1.0012846161786424
986  0.033195578254982316  1.0012844198910793
987  0.03319366652151279  1.0012843459213332
988  0.033189923431634294  1.0012842010918304
989  0.03318749230323215  1.0012841070253962
990  0.03318363914124656  1.0012839579369284
991  0.033180571700419215  1.001283839249976
992  0.0331783247048274  1.0012837523081006
993  0.033172963298270464  1.0012835448618806
994  0.033180566997281  1.001283839068
995  0.03317052802280862  1.0012834506349864
996  0.03316672927501296  1.0012833036519397
997  0.03316392027218129  1.0012831949645993
998  0.033160665557432134  1.0012830690315508
999  0.03315734867854847  1.0012829406932169
1000  0.03315477710544057  1.001282841192626
1001  0.03315071487194998  1.0012826840146591
1002  0.03314854334846251  1.001282599992988
1003  0.03314482857038137  1.0012824562589393
1004  0.03314155691629217  1.0012823296704654
1005  0.033138661580348505  1.0012822176426812
1006  0.03313260968913467  1.001281983479884
1007  0.03313420356919172  1.0012820451510873
1008  0.03312931031216604  1.0012818558187428
1009  0.03312593672667663  1.0012817252862884
1010  0.03312295723818681  1.001281610002432
1011  0.03311955138412104  1.0012814782214257
1012  0.033115376037886946  1.001281316666844
1013  0.03310942592349597  1.0012810864420465
1014  0.03310672278016891  1.001280981850675
1015  0.03310368184061363  1.0012808641891233
1016  0.033099938932037776  1.0012807193666353
1017  0.033096631015670286  1.0012805913750835
1018  0.033090472522597225  1.001280353087594
1019  0.03308869808384618  1.0012802844301238
1020  0.03308278812072196  1.0012800557588792
1021  0.033080953244307154  1.0012799847629248
1022  0.033077595000010396  1.0012798548240593
1023  0.03307410815305001  1.0012797199092354
1024  0.03307021404432209  1.001279569236436
1025  0.03306662511078762  1.0012794303716273
1026  0.03306347858793346  1.0012793086247938
1027  0.03306596993958999  1.0012794050214162
1028  0.033060142913443724  1.0012791795592106
1029  0.033055100683524796  1.0012789844627328
1030  0.03305118428133391  1.0012788329273432
1031  0.033047847198692026  1.0012787038072752
1032  0.033045815991328054  1.0012786252147856
1033  0.03304151918731846  1.0012784589606991
1034  0.033039197822696376  1.0012783691412999
1035  0.033036625603665826  1.0012782696157165
1036  0.03303220340125823  1.0012780985096528
1037  0.03304215530307619  1.0012784835736075
1038  0.03303016474777076  1.0012780196290538
1039  0.03302573716736079  1.0012778483149016
1040  0.033022695688657344  1.0012777306324887
1041  0.03301882807840506  1.0012775809849814
1042  0.0330161065025516  1.0012774756804095
1043  0.03301348072022903  1.0012773740823286
1044  0.033010481399166514  1.0012772580311002
1045  0.03300839417115253  1.0012771772710316
1046  0.033004588214492925  1.0012770300090559
1047  0.03300105850590318  1.0012768934358085
1048  0.03299871710596758  1.001276802841193
1049  0.03299478049984861  1.0012766505240631
1050  0.03299370770953591  1.0012766090151246
1051  0.03299013665872952  1.0012764708422435
1052  0.03298804398971622  1.0012763898716488
1053  0.032985885424822614  1.001276306351378
1054  0.03298245902880281  1.0012761737755522
1055  0.032987306908132785  1.0012763613521203
1056  0.03298062502670729  1.0012761028134272
1057  0.03297724624008558  1.0012759720797282
1058  0.03297478155550815  1.0012758767149217
1059  0.03297131183845614  1.0012757424628966
1060  0.032968453315310065  1.0012756318594915
1061  0.03296596807704355  1.0012755356994114
1062  0.03296247291238785  1.0012754004627553
1063  0.03296066060071201  1.001275330339887
1064  0.03295833381645219  1.0012752403107883
1065  0.03295466010302184  1.0012750981656338
1066  0.0329521840269128  1.0012750023600605
1067  0.03294906339747683  1.0012748816151078
1068  0.03294518687261072  1.0012747316226718
1069  0.03294317367366395  1.001274653726973
1070  0.032939746635652245  1.0012745211263068
1071  0.032938292365215616  1.0012744648569487
1072  0.03293485946054786  1.001274332029287
1073  0.03293213679020801  1.0012742266823667
1074  0.032929593025900594  1.0012741282577677
1075  0.03292466319589549  1.0012739375103232
1076  0.0329317589071918  1.0012742120611282
1077  0.03292207606129138  1.001273837407619
1078  0.032916793914973486  1.0012736330281762
1079  0.032912852004871596  1.0012734805058219
1080  0.03290759214194139  1.0012732769885788
1081  0.03290379593638537  1.0012731301038975
1082  0.03290010171405311  1.0012729871652022
1083  0.03289533287188162  1.0012728026467794
1084  0.032891833626878086  1.0012726672522443
1085  0.032888314677492314  1.0012725310952975
1086  0.0328827678527176  1.0012723164747834
1087  0.03288029255768088  1.0012722206994316
1088  0.03287555038835255  1.001272037213048
1089  0.032873614534338236  1.0012719623100175
1090  0.03286678657849762  1.0012716981193406
1091  0.032864146617459844  1.0012715959726497
1092  0.0328612385949032  1.0012714834539886
1093  0.032856715214393706  1.001271308433091
1094  0.0328512861579926  1.0012710983693296
1095  0.03284432204036114  1.0012708289102126
1096  0.0328409868432088  1.0012706998630987
1097  0.03283567975759627  1.0012704945186919
1098  0.03283096510932659  1.0012703120971667
1099  0.032825337714084246  1.0012700943591797
1100  0.03281995320177  1.0012698860189404
1101  0.03281603615675377  1.0012697344586785
1102  0.032811308785913096  1.0012695515448853
1103  0.032805855202944434  1.0012693405321296
1104  0.032800261813448084  1.00126912410991
1105  0.03279601532834442  1.0012689598027877
1106  0.0327909373290296  1.0012687633223023
1107  0.03278445201916258  1.0012685123894542
1108  0.03277601962914645  1.0012681861192088
1109  0.03277146225167504  1.0012680097828839
1110  0.03276563531180898  1.0012677843240168
1111  0.032758584947117364  1.0012675115277851
1112  0.032750524706011475  1.0012671996569111
1113  0.0327435111084059  1.0012669282832902
1114  0.0327387120539816  1.0012667425958799
1115  0.03273382300470129  1.0012665534263436
1116  0.03272613337326691  1.001266255895284
1117  0.03272038986314474  1.0012660336645223
1118  0.03271293131935371  1.0012657450748212
1119  0.03270445005585465  1.0012654169135384
1120  0.03270021667922973  1.0012652531136161
1121  0.032693811575686516  1.0012650052841512
1122  0.03268651996918759  1.0012647231536713
1123  0.032678269753939504  1.001264403932223
1124  0.03267023145463388  1.001264092910332
1125  0.032665274475269124  1.0012639011124111
1126  0.03265964910171759  1.0012636834526483
1127  0.032650976948182864  1.0012633479053532
1128  0.03264479857176672  1.0012631088485273
1129  0.03264099221382333  1.0012629615710251
1130  0.03263184174892464  1.0012626075166675
1131  0.03262510098087623  1.001262346699504
1132  0.032617904924944874  1.0012620682661144
1133  0.0326100060523169  1.0012617626389901
1134  0.03260577329891634  1.0012615988631817
1135  0.03259713539892228  1.0012612646412418
1136  0.03258743557268873  1.001260889330721
1137  0.03258091760906501  1.0012606371344177
1138  0.03257348591057163  1.0012603495834282
1139  0.03256879310984684  1.001260168007239
1140  0.03256445896869453  1.0012600003084853
1141  0.032557347348147525  1.0012597251421118
1142  0.03255034183397487  1.001259454081259
1143  0.03254373073882577  1.001259198281464
1144  0.03253869605915671  1.0012590034771238
1145  0.03253312666015595  1.0012587879831565
1146  0.03252829949623948  1.0012586012081197
1147  0.032524111590812144  1.0012584391675916
1148  0.032518091643051306  1.0012582062407667
1149  0.03251331631457055  1.0012580214713722
1150  0.03251052552139233  1.001257913488609
1151  0.03250303755473016  1.0012576237604636
1152  0.032501528549816694  1.0012575653732918
1153  0.03249478172329623  1.001257304321711
1154  0.03249179708220362  1.0012571888384874
1155  0.03248834673144507  1.0012570553357927
1156  0.032484948238212574  1.0012569238395954
1157  0.03248009908831562  1.001256736213866
1158  0.032475004548349506  1.0012565390933814
1159  0.03247173422433425  1.0012564125563714
1160  0.03246516585166137  1.001256158409616
1161  0.03246270721805333  1.0012560632789365
1162  0.032457175879075484  1.0012558492576067
1163  0.032455035646973496  1.0012557664466772
1164  0.03245124519503462  1.001255619784618
1165  0.03244822363413602  1.001255502872875
1166  0.03244284865964131  1.0012552949016775
1167  0.03244034261783879  1.0012551979366566
1168  0.03243730394689526  1.001255080362883
1169  0.032433259946099136  1.0012549238903847
1170  0.03242927195752543  1.0012547695851393
1171  0.032426140636346634  1.0012546484264966
1172  0.03242295277789542  1.0012545250802853
1173  0.032419950651703  1.0012544089205195
1174  0.032414380269628396  1.0012541933885146
1175  0.03241143794980628  1.0012540795428069
1176  0.032408699521789264  1.0012539735861823
1177  0.0324053459338256  1.001253843827482
1178  0.032402043488421906  1.0012537160476154
1179  0.032398108682950566  1.0012535638001572
1180  0.03239443601317282  1.0012534216953841
1181  0.03239116766090133  1.0012532952346658
1182  0.032388168441292775  1.001253179187363
1183  0.032384876144911146  1.0012530518001872
1184  0.03238280942881255  1.001252971833776
1185  0.03237992320361227  1.0012528601585091
1186  0.03237457221402118  1.0012526531153476
1187  0.03237430609588032  1.0012526428185717
1188  0.032372595681848804  1.0012525766383777
1189  0.032369845626887606  1.001252470231878
1190  0.032366205599782205  1.0012523293901314
1191  0.03236331471902909  1.0012522175347296
1192  0.0323604515496162  1.001252106751549
1193  0.03235784219391524  1.001252005789055
1194  0.032355702560527555  1.0012519230012915
1195  0.03235324777637949  1.0012518280195573
1196  0.032350125191323076  1.001251707198937
1197  0.03234743465904877  1.0012516030955187
1198  0.032344881612989984  1.0012515043117856
1199  0.03234165422597368  1.0012513794361155
1200  0.032339581636452785  1.0012512992424467
1201  0.03233719048097694  1.001251206722665
1202  0.032333424352121165  1.0012510610017267
1203  0.03233063741149844  1.0012509531680283
1204  0.03232737475126757  1.0012508269275493
1205  0.032323989578785906  1.001250695946765
1206  0.03232200906160365  1.0012506193156052
1207  0.032319176016281426  1.001250509698001
1208  0.03231716972336329  1.0012504320695135
1209  0.03231430513633238  1.0012503212314814
1210  0.03231197225386628  1.0012502309664282
1211  0.03231011299319786  1.0012501590269858
1212  0.032306783994187294  1.0012500302196936
1213  0.032303541669061464  1.0012499047660308
1214  0.032301712699227214  1.0012498339986167
1215  0.032298795705703154  1.0012497211328464
1216  0.03229660483383778  1.0012496363625383
1217  0.03229375329954842  1.0012495260295495
1218  0.03229051034195962  1.001249400551415
1219  0.03228851273866529  1.0012493232591508
1220  0.03228600937926318  1.0012492263979187
1221  0.03228330341445118  1.001249121697377
1222  0.032280660219442314  1.0012490194255554
1223  0.03227803345296554  1.0012489177893953
1224  0.03227442582767226  1.001248778201356
1225  0.03227167872472747  1.0012486719090767
1226  0.032269948434043405  1.0012486049598055
1227  0.03226681052185443  1.0012484835461402
1228  0.032264762887995624  1.0012484043180683
1229  0.03226189756097275  1.0012482934514042
1230  0.03225801399645278  1.0012481431865867
1231  0.032255561228046514  1.0012480482828465
1232  0.03225233518932635  1.0012479234593454
1233  0.03225004331446424  1.0012478347809786
1234  0.03224703005526164  1.0012477181904489
1235  0.032245323540947446  1.0012476521611449
1236  0.032242257817781894  1.001247533540653
1237  0.032240344022204215  1.001247459491119
1238  0.032237808647893496  1.00124736139115
1239  0.03223285524336017  1.0012471697315481
1240  0.03223910461207158  1.001247411535243
1241  0.0322305142058934  1.0012470791509573
1242  0.03222551506521798  1.0012468857217098
1243  0.0322217100384512  1.0012467384957142
1244  0.03221860584774716  1.0012466183868172
1245  0.03221554711219199  1.0012465000366935
1246  0.032213219972010765  1.0012464099938236
1247  0.03220986539835946  1.0012462801969848
1248  0.03220650619125054  1.0012461502208656
1249  0.03220278721028225  1.0012460063241968
1250  0.03219974147915672  1.0012458884772473
1251  0.032195221397785634  1.0012457135840014
1252  0.03219221507924197  1.0012455972620231
1253  0.032189048906291706  1.0012454747548782
1254  0.03218510269985353  1.001245322066288
1255  0.032183154981918816  1.001245246704213
1256  0.03218090273272112  1.0012451595590623
1257  0.03217717642842299  1.0012450153790355
1258  0.03217322175515114  1.0012448623628425
1259  0.03217103134544452  1.0012447776104163
1260  0.032164843572264123  1.0012445381900064
1261  0.032162111419222206  1.0012444324761764
1262  0.03215834393376582  1.0012442867027478
1263  0.03215374101423818  1.0012441086042867
1264  0.03214950709096975  1.0012439447832133
1265  0.0321410124894439  1.001243616105849
1266  0.032146966276922484  1.0012438464727673
1267  0.03213635634993384  1.0012434359481739
1268  0.03213098237146761  1.0012432280155155
1269  0.032125486260975444  1.0012430153572638
1270  0.032118902083260736  1.0012427605989715
1271  0.03211155834387025  1.0012424764513397
1272  0.03210379698248533  1.001242176144869
1273  0.032096527388880136  1.001241894866123
1274  0.03209025226443485  1.0012416520658742
1275  0.03208655082871714  1.001241508848075
1276  0.032077416420648985  1.0012411554149965
1277  0.03207185963705006  1.0012409404091507
1278  0.03206656298501265  1.001240735468445
1279  0.032056247708830865  1.0012403363446276
1280  0.03205765127945959  1.0012403906522833
1281  0.032048868987068935  1.0012400508434405
1282  0.03203982420591367  1.0012397008782512
1283  0.03203206356065591  1.0012394005994893
1284  0.03202226072819292  1.0012390213034004
1285  0.03201725062344141  1.0012388274499253
1286  0.03200406373264453  1.0012383172161614
1287  0.03199757514503687  1.0012380661564895
1288  0.03198899521716636  1.0012377341776355
1289  0.031975629707855724  1.0012372170326749
1290  0.03198090480006899  1.001237421139177
1291  0.03196808285065056  1.001236925025907
1292  0.03195850393958777  1.0012365543938968
1293  0.03195164795168681  1.001236289118589
1294  0.03194345171743429  1.0012359719858004
1295  0.03193448447833791  1.0012356250209071
1296  0.031926027567904636  1.0012352978019055
1297  0.03191854285192808  1.0012350081995374
1298  0.03191361998445841  1.0012348177214907
1299  0.03190808370344489  1.001234603508941
1300  0.03189872825397899  1.0012342415232183
1301  0.03189237176871573  1.0012339955749163
1302  0.03188537377634493  1.0012337248051006
1303  0.03187561075659617  1.0012333470494652
1304  0.031871418066476864  1.0012331848238052
1305  0.03186247745381199  1.0012328388891554
1306  0.03186132567019373  1.0012327943237682
1307  0.03184912348748814  1.0012323221908217
1308  0.03184467490334042  1.0012321500639823
1309  0.031840014751750356  1.0012319697510697
1310  0.031834281548785315  1.0012317479191175
1311  0.031826764292113285  1.0012314570576684
1312  0.031819120171776794  1.0012311612875469
1313  0.03181623825783875  1.0012310497790937
1314  0.03180827094634786  1.0012307415038988
1315  0.03180448538119174  1.0012305950309213
1316  0.031797906620577576  1.0012303404822305
1317  0.03179137614817518  1.001230087801931
1318  0.03179512850780164  1.0012302329901035
1319  0.031786936451956516  1.001229916018988
1320  0.031780188284655675  1.0012296549155286
1321  0.03177577136998433  1.0012294840140605
1322  0.031769935687413264  1.0012292582169162
1323  0.03176472402102337  1.0012290565645177
1324  0.03175947312526228  1.0012288533942366
1325  0.031754029285008145  1.001228642758451
1326  0.03175060160445298  1.0012285101329232
1327  0.031743907395736404  1.0012282511172566
1328  0.031738780667499356  1.0012280527513275
1329  0.031733340556718614  1.0012278422598446
1330  0.031729357180860895  1.0012276881330766
1331  0.0317239024693291  1.001227477076654
1332  0.03171851365708167  1.0012272685700394
1333  0.031712396006563726  1.0012270318628507
1334  0.03170870014041427  1.0012268888605518
1335  0.03170482092858484  1.0012267387641505
1336  0.031700102866136004  1.0012265562105223
1337  0.031694983371037044  1.0012263581244611
1338  0.03169153915382539  1.0012262248590889
1339  0.031688377146400715  1.0012261025131186
1340  0.031683501385557644  1.0012259138577453
1341  0.031679112602757686  1.0012257440447694
1342  0.03167382726774781  1.0012255395419478
1343  0.03167058635931508  1.0012254141431003
1344  0.03166715761426708  1.0012252814763847
1345  0.03166258139906142  1.0012251044111806
1346  0.03165737758574383  1.001224903062637
1347  0.03165370643324594  1.0012247610165714
1348  0.03164889480628619  1.001224574842698
1349  0.031645023505191716  1.001224425052383
1350  0.031640132054725156  1.0012242357899388
1351  0.03163630135694251  1.0012240875706673
1352  0.031632865641424424  1.0012239546342467
1353  0.031629735330950925  1.0012238335147106
1354  0.03162634680268106  1.0012237024040826
1355  0.03162236287170539  1.0012235482558358
1356  0.03161905966233669  1.0012234204464094
1357  0.03161482921159764  1.0012232567596968
1358  0.03160914790141556  1.001223036935606
1359  0.03160678290641783  1.0012229454280386
1360  0.031602009977096834  1.0012227607514737
1361  0.03159984754528278  1.0012226770815822
1362  0.03159549932882477  1.0012225088382194
1363  0.0315923072792742  1.0012223853298443
1364  0.031589151939384275  1.0012222632418577
1365  0.03158567280485847  1.001222128625447
1366  0.03158086747744315  1.001221942695319
1367  0.03157814758643718  1.0012218374559378
1368  0.03157489111949063  1.0012217114550925
1369  0.03157154233002679  1.0012215818820585
1370  0.03156753869384388  1.0012214269713677
1371  0.03156401030641609  1.0012212904492395
1372  0.031560180829972584  1.0012211422772246
1373  0.03155722956839169  1.0012210280855376
1374  0.03155249661168047  1.001220844955613
1375  0.031549015801838665  1.0012207102743804
1376  0.031545721856884756  1.0012205828234173
1377  0.031541895621922444  1.0012204347768234
1378  0.03153669116024327  1.0012202334031932
1379  0.03153256368794488  1.0012200737009738
1380  0.031527759277366396  1.0012198878063205
1381  0.03152217101530386  1.001219671582494
1382  0.03151683137971106  1.0012194649786472
1383  0.031513512258800946  1.0012193365535633
1384  0.03150938237908785  1.0012191767581953
1385  0.031505709520549985  1.0012190346461185
1386  0.03150065219587117  1.0012188389655865
1388  0.031500651815439595  1.0012188389508665
1389  0.03149591686217501  1.0012186557436902
1391  0.03149591641435101  1.001218655726363
1393  0.03149591621926673  1.0012186557188145
1394  0.031495912990499586  1.0012186555938856
1396  0.031495912942074766  1.0012186555920117
1398  0.03149591292073195  1.0012186555911862
1399  0.031495912834185735  1.0012186555878373
1401  0.03149591282857411  1.0012186555876204
1402  0.031495912823366834  1.0012186555874187
1404  0.03149591282215458  1.0012186555873719
1406  0.03149591282165254  1.0012186555873526
1408  0.031495912821373206  1.0012186555873417
1409  0.03149591282099773  1.001218655587327
1410  0.03149579192258156  1.0012186509094652
1412  0.031495791922703575  1.00121865090947
1413  0.03149579192258156  1.0012186509094652
1415  0.0314957907674126  1.001218650864769
1417  0.03149579026347382  1.00121865084527
1418  0.03149578543986642  1.0012186506586327
1420  0.03149578531479613  1.0012186506537935
1422  0.03149578526008323  1.0012186506516765
1423  0.03149578474255832  1.001218650631652
1425  0.03149578472872483  1.001218650631117
1426  0.03149578471501335  1.0012186506305862
1428  0.03149578471124714  1.0012186506304406
1429  0.03149578470861758  1.0012186506303389
1431  0.0314957847076518  1.0012186506303016
1432  0.03149578470592762  1.0012186506302347
1434  0.031495784706418894  1.0012186506302538
1435  0.03149578470592762  1.0012186506302347
1437  0.03149578155984145  1.0012186505085048
1439  0.03149578023833044  1.0012186504573724
1440  0.03149575724495857  1.0012186495677013
1442  0.03149575691859796  1.0012186495550737
1444  0.03149575677617922  1.0012186495495632
1446  0.03149575671173577  1.0012186495470696
1447  0.031495756649938644  1.0012186495446784
1449  0.03149575663530524  1.0012186495441122
1451  0.03149575662959636  1.0012186495438913
1452  0.031495756626369054  1.0012186495437665
1454  0.03149575662408477  1.0012186495436781
1455  0.03149575662365056  1.0012186495436615
1457  0.03149575662299997  1.0012186495436362
1458  0.031495756622722526  1.0012186495436253
1460  0.03149575662316606  1.0012186495436426
1461  0.031495756622722526  1.0012186495436253
1463  0.03149575191278631  1.0012186493613862
1465  0.03149575191508913  1.0012186493614752
1466  0.03149575191278631  1.0012186493613862
1468  0.031495743049537506  1.001218649018445
1470  0.03149573950408602  1.0012186488812627
1472  0.031495739504089126  1.0012186488812627
1473  0.03149573950408602  1.0012186488812627
1475  0.03149573002679118  1.0012186485145624
1477  0.031495727491878234  1.0012186484164802
1478  0.031495724961164595  1.0012186483185606
1480  0.03149572433208425  1.00121864829422
1482  0.03149572420322866  1.0012186482892342
1483  0.031495724076791354  1.001218648284342
1485  0.031495724043332674  1.0012186482830474
1486  0.03149572401250755  1.0012186482818548
1488  0.031495724004211856  1.0012186482815337
1489  0.031495723996277536  1.0012186482812266
1491  0.03149572399427536  1.0012186482811494
1492  0.031495723990665137  1.0012186482810097
1494  0.03149572398968048  1.0012186482809715
1495  0.03149572399001521  1.0012186482809844
1496  0.03149572398968048  1.0012186482809715
1498  0.0314957051944289  1.0012186475537364
1501  0.03149570519772382  1.0012186475538636
1502  0.0314957051944289  1.0012186475537364
1505  0.03149570521114953  1.0012186475543832
1506  0.0314957051944289  1.0012186475537364
1507  0.0314957051944289  1.0012186475537364
1508  0.031495705197213786  1.0012186475538438
1509  0.0314957051944289  1.0012186475537364
1510  0.03149570519438283  1.0012186475537346
1511  0.03149570520025091  1.0012186475539615
1512  0.03149570519438283  1.0012186475537346
1513  0.03149570519438283  1.0012186475537346
1514  0.03149570520177314  1.0012186475540203
1515  0.03149570519438283  1.0012186475537346
1516  0.03149570519438283  1.0012186475537346
1517  0.03149570519235034  1.0012186475536557
1518  0.031495705210732194  1.0012186475543672
1519  0.03149570519235034  1.0012186475536557
1520  0.03149570519927192  1.0012186475539235
1521  0.03149570519235034  1.0012186475536557
1522  0.031495705190976  1.0012186475536027
