0  0.15979768027473862  1.1802986508793312
1  0.11126623371619185  1.1255409452312624
2  -0.04009204259215253  0.9547644172435181
3  -0.09445313912607711  0.8934291566281166
4  -0.15910712209828126  0.8204805012795419
5  -0.23013659639954076  0.7403384218252776
6  -0.24035058988634156  0.7288140414801171
7  0.0022866478040871664  1.0025800093806385
8  -0.28827391899159627  0.6747424706759098
9  -0.3631034051335777  0.5903128633487147
10  -0.45192693599201916  0.49009386922701276
11  -0.5172607540587817  0.41637816050095117
12  -0.5633990706005162  0.3643206073999547
13  -0.5845879784352632  0.3404133048055546
14  -0.5987418534647003  0.3244435825409093
15  -0.6026979911448134  0.31997989893054074
16  -0.6052079585776229  0.31714791951063576
17  -0.6082222099020035  0.31374695995813984
18  -0.6102749049428088  0.31143091791117405
19  -0.6126772595265773  0.3087203573470749
20  -0.6152923113111819  0.3057698119578479
21  -0.6169571483514179  0.30389138749153266
22  -0.6178643847002961  0.30286775880399347
23  -0.618388325634434  0.3022765997621156
24  -0.6188643330917665  0.301739523740624
25  -0.6194674684421501  0.30105901017005887
26  -0.6199308431885294  0.30053618755160716
27  -0.620329665802169  0.3000861986715699
28  -0.6207762607700916  0.29958230856460766
29  -0.621192635430976  0.2991125158273869
30  -0.6214872710848891  0.2987800803952195
31  -0.6217143011858355  0.2985239238550291
32  -0.6220719603987785  0.2981203793639118
33  -0.6224374899748362  0.29770795479487944
34  -0.6226787236773149  0.2974357724263446
35  -0.623212643049995  0.2968333547791857
36  -0.623381113341078  0.2966432708796992
37  -0.6236356212614571  0.29635611130013867
38  -0.6238344523026645  0.29613177156991854
39  -0.6240596467409466  0.29587768619560034
40  -0.6242289067302196  0.2956867112849427
41  -0.6244239232757202  0.29546667542464455
42  -0.6246829591507198  0.2951744069842549
43  -0.6249504271678147  0.29487262461449415
44  -0.6251261584327441  0.2946743482069167
45  -0.6253099887996708  0.2944669336368769
46  -0.6255109353206914  0.29424020702497233
47  -0.625757238621724  0.2939623046623913
48  -0.6260802520692843  0.2935978507559837
49  -0.6264527838555956  0.29317752564008653
50  -0.6266265699844975  0.29298144391644265
51  -0.6268548154991138  0.29272391603316034
52  -0.627018905931499  0.29253877389886657
53  -0.627227663389632  0.29230323425900656
54  -0.6273710266537402  0.2921414784496611
55  -0.6277872069238616  0.29167190504223445
56  -0.6281277664579293  0.2912876540041034
57  -0.6287656092453296  0.2905679802651375
58  -0.6277698922488246  0.2916914410739479
59  -0.6296682833048327  0.28954949917810074
60  -0.6111791662169623  0.3104106459804927
61  -0.630351095089882  0.28877908722069795
62  -0.6237132485337745  0.2962685249694347
63  -0.631632326042964  0.28733348292964456
64  -0.630823414443086  0.2882461724623581
65  -0.6334231452426645  0.28531291363777705
66  -0.6380482580066931  0.28009442992709116
67  -0.6395917766047033  0.27835288824544757
68  -0.6429187306204509  0.274599108343602
69  -0.39309256345137955  0.5564762971582035
70  -0.6474575962835325  0.26947793665844894
71  -0.6529659891105531  0.2632628539769126
72  -0.6592223032806281  0.2562038966603709
73  -0.6654554174716788  0.24917111572455836
74  -0.6732824013481612  0.24033998231287304
75  -0.680274048693944  0.2324513535061132
76  -0.6841659078558116  0.22806019491676036
77  -0.6877852278782384  0.22397654041049864
78  -0.6922679488852914  0.21891871636417629
79  -0.694699485243956  0.21617523019918616
80  -0.6974475523237522  0.21307460454453772
81  -0.699662127737957  0.21057591395800873
82  -0.7010411548332587  0.2090199669356148
83  -0.702582965858985  0.20728035189632635
84  -0.7033652243406328  0.20639773489814775
85  -0.7039373144491127  0.2057522494657998
86  -0.7044373012683425  0.20518811769111076
87  -0.7046668659917946  0.204929101353347
88  -0.7049965494007504  0.20455712177423277
89  -0.7053151228702274  0.20419767746531733
90  -0.7057401382382206  0.20371813547621956
91  -0.7053377681152331  0.20417212698726067
92  -0.7059040580289582  0.20353318587575228
93  -0.7060823095970875  0.20333206582697816
94  -0.7061909177250704  0.2032095240046177
95  -0.7062785135222133  0.20311069025421274
96  -0.7063765306008591  0.20300009824178428
97  -0.7065088619528216  0.20285078966492104
98  -0.7065712330163016  0.20278041681232375
99  -0.7066297077584436  0.20271444015295936
100  -0.7066567397281551  0.20268394016283922
101  -0.7067266881571355  0.20260501781956988
102  -0.70679789829883  0.20252467189430753
103  -0.7068487785826755  0.20246726401130247
104  -0.7068818445976294  0.20242995584840615
105  -0.7068986604681166  0.2024109826145207
106  -0.7069187037835629  0.20238836787613457
107  -0.7069411081259941  0.20236308920683702
108  -0.7069538496939696  0.2023487129811489
109  -0.7069650223372022  0.2023361069627253
110  -0.7069713332710212  0.20232898637842514
111  -0.7069775751095039  0.20232194375392965
112  -0.7069857688177544  0.20231269884786632
113  -0.7069938608422547  0.2023035686708965
114  -0.707003844153355  0.20229230456794076
115  -0.7070112144460305  0.20228398871614808
116  -0.7070193065418808  0.20227485845867446
117  -0.7070226059465727  0.20227113576248995
118  -0.7070249343100039  0.20226850868564705
119  -0.7070276865732933  0.20226540332543727
120  -0.7070312082925628  0.20226142979320588
121  -0.7070371900116303  0.2022546806597018
122  -0.7070390054171083  0.20225263234987712
123  -0.7070420251641115  0.20224922518958702
124  -0.707043819611327  0.2022472005268293
125  -0.7070450376468868  0.20224582622547668
126  -0.7070464387254763  0.20224424539790117
127  -0.7070482511623453  0.20224220043753813
128  -0.7070515818443922  0.2022384424513237
129  -0.7070541006892052  0.2022356004556153
130  -0.7070590696955165  0.20222999395912175
131  -0.7070520195984574  0.20223794853634794
132  -0.7070611548353221  0.2022276413098643
133  -0.7070649407671064  0.20222336966842458
134  -0.7070680830047081  0.2022198243028137
135  -0.7070707377032758  0.20221682902422508
136  -0.707073368564721  0.2022138606409018
137  -0.7070760777332462  0.2022108039042254
138  -0.7070794204935003  0.20220703229025092
139  -0.7070817917179916  0.20220435685356133
140  -0.707083972086917  0.20220189675792669
141  -0.7070839529108879  0.2022019183941117
142  -0.7070853089987126  0.20220038832931447
143  -0.7070871547302542  0.20219830580279555
144  -0.7070882516104583  0.2021970682002181
145  -0.7070894682845188  0.20219569543503596
146  -0.7070915500172033  0.20219334663001043
147  -0.707093980234948  0.20219060463162872
148  -0.7070966874112461  0.20218755014276876
149  -0.7070979874812738  0.20218608328247611
150  -0.7070991418664359  0.20218478079744037
151  -0.707099573814407  0.2021842934334416
152  -0.7071003091475186  0.20218346376202367
153  -0.7071006956424613  0.2021830276823722
154  -0.7071009089920987  0.20218278696140726
155  -0.7071011692312948  0.20218249333526764
156  -0.7071014568917433  0.202182168769913
157  -0.7071019143782808  0.20218165259092108
158  -0.7071022446121273  0.202181279990287
159  -0.7071024547827675  0.2021810428561634
160  -0.7071026480176983  0.20218082483048697
161  -0.7071027395809978  0.20218072152023026
162  -0.707102851769295  0.20218059493892698
163  -0.707102934377413  0.2021805017327415
164  -0.7071029868125795  0.20218044257049475
165  -0.7071030537925884  0.2021803669974
166  -0.7071030765865888  0.20218034127908227
167  -0.707103119410302  0.20218029296137385
168  -0.7071031433519914  0.20218026594812627
169  -0.7071031776468978  0.20218022725341345
170  -0.7071032247519151  0.2021801741051383
171  -0.7071032281706185  0.20218017024783816
172  -0.7071032548945781  0.2021801400953738
173  -0.7071033026162854  0.20218008625129158
174  -0.7071033276886585  0.2021800579623012
175  -0.7071033512854182  0.20218003133823542
176  -0.70710337648348  0.20218000290743135
177  -0.7071034096115815  0.20217996552921663
178  -0.7071034591517626  0.2021799096333625
179  -0.7071034624954834  0.20217990586066478
180  -0.7071034937564423  0.2021798705891345
181  -0.7071035065736048  0.20217985612761608
182  -0.7071035191495466  0.20217984193826524
183  -0.7071035322702282  0.20217982713428825
184  -0.7071035566945914  0.20217979957644308
185  -0.707103594796754  0.20217975658602852
186  -0.7071036205462529  0.20217972753304167
187  -0.7071036489879797  0.202179695442432
188  -0.707103662407569  0.20217968030119948
189  -0.7071036877763338  0.20217965167779225
190  -0.7071037107723277  0.2021796257315666
191  -0.7071037459876862  0.20217958599831376
192  -0.7071036942907857  0.2021796443275799
193  -0.7071037566163979  0.20217957400600964
194  -0.7071037795855567  0.20217954809006183
195  -0.7071038023320367  0.20217952242536097
196  -0.7071038316968137  0.20217948929328008
197  -0.7071038680764248  0.20217944824640888
198  -0.7071038977601242  0.20217941475448997
199  -0.7071039463106005  0.20217935997531317
200  -0.7071039668097827  0.20217933684622336
201  -0.7071039966864118  0.20217930313662316
202  -0.7071040366676261  0.2021792580260872
203  -0.7071040841467099  0.2021792044557554
204  -0.7071041231685437  0.20217916042768208
205  -0.7071041556973169  0.20217912372568542
206  -0.7071041672514855  0.20217911068919447
207  -0.7071041839359423  0.20217909186423375
208  -0.7071042096877395  0.20217906280865375
209  -0.7071042372197838  0.2021790317444328
210  -0.7071042563025712  0.20217901021345172
211  -0.7071042695870738  0.2021789952246365
212  -0.7071042857207727  0.20217897702109233
213  -0.7071043144425784  0.2021789446144716
214  -0.7071043381386588  0.20217891787834297
215  -0.7071043555520782  0.20217889823089868
216  -0.7071043908830248  0.2021788583672286
217  -0.7071042263934596  0.20217904395970177
218  -0.7071044006836584  0.2021788473092394
219  -0.7071044254217238  0.20217881939744617
220  -0.707104438986093  0.20217880409285938
221  -0.7071044656784821  0.2021787739760158
222  -0.7071044839853732  0.20217875332047336
223  -0.7071045148622994  0.20217871848224458
224  -0.7071045472324924  0.20217868195917296
225  -0.7071045655955932  0.20217866124020947
226  -0.7071045953816664  0.20217862763278288
227  -0.7071045360054772  0.20217869462653892
228  -0.7071046145575685  0.20217860599674117
229  -0.7071046404186376  0.2021785768178703
230  -0.7071046697707234  0.2021785437001088
231  -0.707104694606453  0.20217851567812167
232  -0.7071047264592943  0.2021784797387744
233  -0.7071047619460875  0.2021784396992637
234  -0.7071048424314431  0.20217834888817676
235  -0.707104892537798  0.20217829235351267
236  -0.707104883256172  0.20217830282590893
237  -0.707104925799845  0.20217825482416812
238  -0.7071049666285956  0.20217820875736267
239  -0.7071050005072103  0.20217817053234893
240  -0.7071050288592526  0.20217813854292968
241  -0.7071050555355365  0.20217810844425751
242  -0.7071050951868384  0.20217806370595953
243  -0.7071051094639572  0.2021780475971821
244  -0.7071051295295017  0.2021780249573629
245  -0.7071051397117806  0.2021780134687659
246  -0.7071051591457003  0.20217799154160465
247  -0.707105173616545  0.20217797521424757
248  -0.7071051876064549  0.20217795942952607
249  -0.707105218882432  0.20217792414105085
250  -0.7071052075450937  0.2021779369328937
251  -0.7071052333722886  0.2021779077922429
252  -0.7071052468730424  0.2021778925594329
253  -0.7071052562927282  0.20217788193126457
254  -0.7071052685631246  0.20217786808665864
255  -0.7071052878555004  0.2021778463192004
256  -0.7071052613925646  0.20217787617715344
257  -0.707105294132974  0.20217783923636912
258  -0.707105307274344  0.2021778244090495
259  -0.7071053155474263  0.20217781507458618
260  -0.7071053237724599  0.2021778057943359
261  -0.7071053247938898  0.20217780464186347
262  -0.7071053342787871  0.20217779394011742
263  -0.7071053393594238  0.20217778820766913
264  -0.7071053457569114  0.20217778098942674
265  -0.7071053539042816  0.20217777179680355
266  -0.7071053755944866  0.20217774732389077
267  -0.7071053582889026  0.20217776684966507
268  -0.7071053846799772  0.20217773707279268
269  -0.7071053983112658  0.20217772169270112
270  -0.7071054070787118  0.2021777118004506
271  -0.7071054185261176  0.20217769888441942
272  -0.7071054330609698  0.20217768248484316
273  -0.7071054521406344  0.20217766095738565
274  -0.7071054756362175  0.20217763444747677
275  -0.7071054929627957  0.20217761489801483
276  -0.7071055042426508  0.20217760217102992
277  -0.707105516910075  0.20217758787846024
278  -0.7071055265990558  0.20217757694644814
279  -0.7071055310605068  0.20217757191262292
280  -0.7071055507314817  0.20217754971799382
281  -0.7071055419121155  0.20217755966882558
282  -0.707105562453041  0.2021775364926371
283  -0.7071055848089892  0.20217751126857067
284  -0.7071056063774311  0.20217748693304233
285  -0.7071056265730868  0.20217746414641946
286  -0.707105630547161  0.2021774596624982
287  -0.7071056543963735  0.2021774327535917
288  -0.7071056664101667  0.20217741919850943
289  -0.7071056836992485  0.20217739969135437
290  -0.7071057079203127  0.20217737236289013
291  -0.7071056983004073  0.2021773832169649
292  -0.7071057241323967  0.20217735407090448
293  -0.707105740199748  0.20217733594221973
294  -0.707105748113574  0.202177327013103
295  -0.7071057644230441  0.20217730861123728
296  -0.7071057759630615  0.20217729559071307
297  -0.7071057885505423  0.20217728138834287
298  -0.7071057949367614  0.20217727418281467
299  -0.7071058040543838  0.20217726389546242
300  -0.7071058204295477  0.20217724541947485
301  -0.7071057928457004  0.20217727654214476
302  -0.7071058283765366  0.20217723645294064
303  -0.7071058410515642  0.202177222151792
304  -0.7071058532004312  0.20217720844430684
305  -0.7071058631071546  0.20217719726661723
306  -0.7071058724150792  0.2021771867645484
307  -0.7071058831738632  0.20217717462548446
308  -0.7071058925864472  0.20217716400532915
309  -0.7071059017989416  0.20217715361093347
310  -0.7071059260210566  0.2021771262812836
311  -0.7071059084137952  0.20217714614743856
312  -0.7071059372886915  0.20217711356808668
313  -0.7071059549077133  0.20217709368866255
314  -0.7071059756524132  0.20217707028255685
315  -0.7071060073184912  0.20217703455393343
316  -0.7071060494357401  0.20217698703332398
317  -0.707106094817653  0.20217693582921603
318  -0.7071061157137639  0.20217691225227422
319  -0.707106148381649  0.2021768753933186
320  -0.7071061674156002  0.20217685391743911
321  -0.7071062018821279  0.20217681502908705
322  -0.7071062329919585  0.20217677992807384
323  -0.70710627188858  0.2021767360412767
