0  0.16083369419797283  1.1814675784402955
1  0.08726128615342105  1.0984563238991163
2  -0.06877962830683157  0.9223964066913682
3  -0.12277762871724965  0.8614708249968072
4  -0.18789209793356793  0.788002606107513
5  -0.06889406132585744  0.9222672926835119
6  -0.2345850000571777  0.7353193178141325
7  -0.3045703831438983  0.656355279474437
8  -0.3967152760145962  0.5523888148709225
9  -0.4664189225041296  0.47374265804420546
10  -0.5294517892715048  0.4026230972365949
11  -0.5799457780314471  0.34565106838560483
12  -0.604350342514345  0.3181155619627389
13  -0.6089669103517874  0.3129067194354087
14  -0.6121245124091139  0.3093440182123937
15  -0.6142422397262551  0.3069546006842143
16  -0.6160420836449418  0.3049238488624441
17  -0.6178176172338932  0.30292052622266313
18  -0.6201212203275472  0.30032138630252664
19  -0.6163919081960325  0.3045291441677472
20  -0.6205924535627793  0.2997896970038099
21  -0.6211899259014921  0.29911557297133057
22  -0.6215046553598488  0.29876046583438015
23  -0.6217231226522204  0.29851397065367324
24  -0.6219074064034957  0.29830604453311377
25  -0.6221381837447353  0.29804566000683363
26  -0.6225267978589748  0.2976071893082003
27  -0.622858902390176  0.29723247799309516
28  -0.623198366421622  0.2968494630032246
29  -0.6233752270667544  0.2966499123235389
30  -0.6234545288917676  0.2965604366062597
31  -0.6235520755592351  0.29645037535560864
32  -0.623795860913006  0.296175313976035
33  -0.6238167423093828  0.29615175363655616
34  -0.6238941789468433  0.2960643823978826
35  -0.6239764796278814  0.29597152309146396
36  -0.6240957774618127  0.29583692014557855
37  -0.6241548514182053  0.29577026739679413
38  -0.6242032531903173  0.29571565600195426
39  -0.6242678808676498  0.29564273702708255
40  -0.6243218851596279  0.2955818043466543
41  -0.6244141560219277  0.2954776957515889
42  -0.6244289540057834  0.2954609992856557
43  -0.6244662188181987  0.29541895364774523
44  -0.6245530838576093  0.2953209444063884
45  -0.6246617556110435  0.29519833079585794
46  -0.6247748866708329  0.29507068577987583
47  -0.6248367070915255  0.29500093421384244
48  -0.6249217101484353  0.29490502583485273
49  -0.6249731833826766  0.29484694892989305
50  -0.6250445064265692  0.2947664756178379
51  -0.6250962335977766  0.29470811219750254
52  -0.625198177497988  0.2945930895786391
53  -0.6252474340538889  0.29453751373698334
54  -0.6252725527823773  0.29450917244410313
55  -0.6253006598664501  0.29447745940965997
56  -0.6253256206512395  0.2944492963235959
57  -0.6253489281628314  0.294422998614592
58  -0.6253675611729935  0.29440197511419897
59  -0.6253957428857007  0.29437017787676834
60  -0.6254191890561106  0.29434372371994993
61  -0.6254484225303576  0.2943107397870281
62  -0.6254916744654478  0.2942619389187596
63  -0.6255141608047949  0.2942365677328918
64  -0.6255456049882627  0.2942010894715835
65  -0.625578351500625  0.2941641418013184
66  -0.6256231211208327  0.29411362853911116
67  -0.6257266654745253  0.29399680013931934
68  -0.6258504389217414  0.2938571473889829
69  -0.6260613062750786  0.2936192271685152
70  -0.626311312234957  0.2933371471207926
71  -0.6267283850068984  0.29286656670954847
72  -0.6269496900198347  0.29261686974776124
73  -0.6266783493209379  0.2929230216384247
74  -0.6271929123716601  0.2923424435995067
75  -0.6275718568478914  0.291914883088583
76  -0.6279279755387467  0.2915130767582049
77  -0.628290724846879  0.2911037891468253
78  -0.6284905464609252  0.290878331759915
79  -0.627959984936999  0.2914769607688462
80  -0.6287975741236728  0.29053191450729376
81  -0.629035523886213  0.290263437386166
82  -0.6291950256594321  0.2900834726052329
83  -0.6293343361554229  0.2899262895069721
84  -0.6294642787945368  0.2897796760987945
85  -0.6297377538324871  0.2894711160476922
86  -0.6298961644012375  0.2892923824654423
87  -0.6302124056944802  0.2889355695353299
88  -0.6303149400458531  0.28881988071438125
89  -0.630424966711782  0.28869573836517043
90  -0.6305709801236535  0.2885309924118784
91  -0.6307211619270554  0.28836154329038033
92  -0.6307718871911957  0.28830431031506887
93  -0.6309425823522351  0.28811171610973296
94  -0.6309863118352314  0.28806237642736515
95  -0.6310590222654779  0.28798033773659204
96  -0.631133130197518  0.2878967222539185
97  -0.6311800567266428  0.28784377536584665
98  -0.6312468595200004  0.2877684022221525
99  -0.6312898387814215  0.287719909009756
100  -0.6313356645955323  0.287668204051052
101  -0.6313335045092852  0.2876706412618767
102  -0.6313771555936726  0.2876213900361334
103  -0.6314321520410602  0.28755933791341115
104  -0.6314749283146768  0.2875110737307931
105  -0.6315164148023937  0.28746426480495496
106  -0.6315992869955847  0.28737076066520745
107  -0.6316821341175989  0.28727728481310044
108  -0.6318219238917175  0.2871195609485426
109  -0.6318976200692008  0.287034153459188
110  -0.6320061264588975  0.2869117264274534
111  -0.6321019124117783  0.28680365177926137
112  -0.6322094418070641  0.2866823270837679
113  -0.6322458717129585  0.2866412234652852
114  -0.6323232846496517  0.2865538789680285
115  -0.6323481500707885  0.28652582348013406
116  -0.6323993483000585  0.28646805686143895
117  -0.6324696523430078  0.2863887332813136
118  -0.6325487600724193  0.2862994765607998
119  -0.6325620806358646  0.2862844470584065
120  -0.632665985981924  0.2861672113533484
121  -0.6327002627823528  0.28612853706932156
122  -0.6327398876706046  0.28608382857367404
123  -0.6327797421628008  0.28603886101743614
124  -0.6328143610502814  0.2859998007588831
125  -0.6328395509393869  0.2859713791759558
126  -0.6328680846926821  0.2859391847334908
127  -0.6329039168261197  0.28589875557766187
128  -0.6329275049693682  0.2858721412338419
129  -0.6329541913222525  0.28584203120086993
130  -0.6329735993635882  0.285820133238002
131  -0.6330037675239863  0.2857860947049648
132  -0.6330614858799515  0.2857209714710506
133  -0.6331186146317297  0.2856565134835859
134  -0.6331856194012757  0.28558091245151296
135  -0.6332371472686917  0.28552277390430864
136  -0.6332805523848656  0.28547380020285096
137  -0.63332892947757  0.2854192166536212
138  -0.633366458582692  0.2853768728160225
139  -0.6333928012958929  0.2853471505094004
140  -0.6334109949229217  0.2853266227620498
141  -0.633434008541113  0.2853006566509986
142  -0.6334593216058144  0.28527209608987253
143  -0.6334822926851649  0.2852461779751101
144  -0.6335098819390672  0.28521504920497526
145  -0.6335380362732966  0.28518328285849737
146  -0.6335661603469391  0.2851515506548367
147  -0.6335804504379956  0.2851354272409424
148  -0.6336001362217845  0.2851132159031274
149  -0.6336101868455167  0.28510187585178054
150  -0.6336166821452549  0.2850945472486504
151  -0.6336227081763939  0.2850877481181333
152  -0.6336285851648523  0.28508111715147305
153  -0.6336366615896342  0.28507200457556087
154  -0.6336461527870388  0.2850612957211873
155  -0.6336563454812348  0.28504979537268915
156  -0.6336671040420166  0.28503765656071745
157  -0.6336823555372408  0.28502044840094887
158  -0.6337024655991399  0.28499775835298785
159  -0.633725728684551  0.2849715107697457
160  -0.6337568446903853  0.2849364027890602
161  -0.6337759268771528  0.284914872485716
162  -0.6338054619987104  0.28488154820615685
163  -0.6337806160672058  0.2849095817040299
164  -0.6338191851263881  0.28486606449324
165  -0.6338393250637964  0.28484334073694234
166  -0.6338534594858946  0.2848273929632895
167  -0.6338754195489891  0.2848026155713877
168  -0.6338974180303744  0.28477779483238613
169  -0.6339198210434465  0.2847525176629955
170  -0.6339151336573206  0.28475780640932274
171  -0.6339383931358007  0.2847315628957566
172  -0.6339712086222816  0.28469453740245604
173  -0.6340026257365173  0.2846590896831807
174  -0.6340022735363813  0.284659487068232
175  -0.6340189185752623  0.28464070658250207
176  -0.6340360181183486  0.2846214132827256
177  -0.6340537737354218  0.2846013797390701
178  -0.6340679320417556  0.28458540501699453
179  -0.6340835832842581  0.284567745825053
180  -0.6340982728991116  0.28455117163113813
181  -0.6341171201486981  0.28452990640583947
182  -0.6341381321516464  0.284506198703842
183  -0.6341541324119693  0.2844881457174346
184  -0.6341634732719225  0.28447760648779924
185  -0.6342005849364375  0.28443573364563757
186  -0.6342203969384657  0.28441337989662974
187  -0.6342441169823085  0.28438661673025384
188  -0.6342737597958564  0.28435317094254425
189  -0.6343131276398449  0.284308752468215
190  -0.6343548520789579  0.2842616750634127
191  -0.6343839547389226  0.2842288387273682
192  -0.6344133862535415  0.284195631346823
193  -0.6344453237225651  0.28415959651473055
194  -0.6344771790566943  0.2841236543548886
195  -0.6344984295339682  0.284099677583909
196  -0.6345181193180651  0.28407746173257326
197  -0.6345598522213063  0.2840303747777519
198  -0.6345430096614574  0.28404937812506514
199  -0.6345795217293146  0.2840081818037909
200  -0.6346053274953474  0.2839790653310573
201  -0.6346212406660019  0.2839611106073386
202  -0.6346438938594033  0.28393555116116037
203  -0.6346661317394091  0.2839104603103009
204  -0.6346784697809158  0.28389653938082104
205  -0.6346974860634094  0.28387508343682716
206  -0.6347171158437943  0.2838529352872772
207  -0.6347363272961426  0.28383125913444524
208  -0.6347427407310647  0.28382402289883796
209  -0.6347714686564404  0.2837916093733169
210  -0.634785292463399  0.2837760120646428
211  -0.6348058582508764  0.28375280782456824
212  -0.634828734689571  0.28372699649222305
213  -0.6348290191403976  0.28372667554826325
214  -0.6348381572898695  0.28371636503550435
215  -0.6348449566250081  0.28370869339127114
216  -0.6348491160125586  0.28370400038219523
217  -0.6348552417123833  0.2836970887961685
218  -0.6348577840381916  0.2836942203070105
219  -0.6348650354218699  0.28368603861944186
220  -0.6348673652270742  0.283683409915856
221  -0.6348701992699382  0.2836802122843008
222  -0.6348728179986877  0.28367725759021667
223  -0.634876340573709  0.28367328309244627
224  -0.6348781731817565  0.28367121537307766
225  -0.6348793242981092  0.2836699165762176
226  -0.6348809815808828  0.28366804667517964
227  -0.6348824733355166  0.2836663635384316
228  -0.6348836000280312  0.2836650922988242
229  -0.6348846637206337  0.28366389214159515
230  -0.6348856892146242  0.2836627350836037
231  -0.6348872741515537  0.28366094680989645
232  -0.6348883270797675  0.28365975879805483
233  -0.6348891311173641  0.28365885160782733
234  -0.6348897695392899  0.2836581312806504
235  -0.6348901385741074  0.283657714901141
236  -0.6348904523717004  0.2836573608454215
237  -0.6348909891983472  0.2836567551475164
238  -0.6348914330734785  0.28365625432618286
239  -0.6348919309290642  0.2836556925990647
240  -0.6348922586772942  0.28365532280293504
241  -0.6348924326978516  0.28365512645670726
242  -0.6348925506150419  0.2836549934115323
243  -0.6348928282836398  0.2836546801199156
244  -0.6348929439966828  0.2836545495616653
245  -0.6348930425940913  0.28365443831487064
246  -0.6348931216951212  0.2836543490657091
247  -0.6348932133184259  0.283654245687749
248  -0.6348933259786057  0.2836541185740237
249  -0.6348932586184194  0.2836541945760701
250  -0.6348933823933077  0.28365405492169377
251  -0.6348934778551842  0.28365394721269876
252  -0.6348935355529142  0.28365388211273707
253  -0.6348935766358708  0.2836538357591127
254  -0.6348936066509412  0.28365380189331
255  -0.6348936213543699  0.2836537853035301
256  -0.6348936437391507  0.283653760046932
257  -0.6348936679032567  0.28365373278273326
258  -0.6348936940668177  0.28365370326256284
259  -0.6348937158858127  0.2836536786443372
260  -0.6348937272590706  0.2836536658119666
261  -0.6348937446912717  0.283653646143331
262  -0.634893757700203  0.2836536314654411
263  -0.6348937709496134  0.2836536165162201
264  -0.6348937886588226  0.2836535965350382
265  -0.6348938018044815  0.2836535817028794
266  -0.6348938236022594  0.2836535571085928
267  -0.6348938368963731  0.28365354210893345
268  -0.6348938483214115  0.2836535292181393
269  -0.6348938558836761  0.2836535206856869
270  -0.6348938627102769  0.28365351298327895
271  -0.6348938698780586  0.28365350489591895
272  -0.6348938759885863  0.28365349800145157
273  -0.6348938812140533  0.28365349210559215
274  -0.6348938892822906  0.2836534830022541
275  -0.6348938945649811  0.28365347704182986
276  -0.6348938946892372  0.28365347690163256
277  -0.6348938988178141  0.28365347224338694
278  -0.6348939040429117  0.28365346634794436
279  -0.6348939068389458  0.2836534631931979
280  -0.6348939109778946  0.28365345852324964
281  -0.6348939140199953  0.28365345509086787
282  -0.6348939180312081  0.2836534505650434
283  -0.6348939209517172  0.2836534472698526
284  -0.6348939237397896  0.28365344412408916
285  -0.6348939273523495  0.28365344004806203
286  -0.6348939302750651  0.28365343675038157
287  -0.6348939327795429  0.28365343392459613
288  -0.6348939348343573  0.2836534316061628
289  -0.6348939364440008  0.2836534297900128
290  -0.6348939361386295  0.2836534301345612
291  -0.6348939380550189  0.2836534279723119
292  -0.6348939402618142  0.2836534254823995
293  -0.634893941403694  0.28365342419402423
294  -0.6348939431497612  0.28365342222394835
295  -0.6348939449576343  0.28365342018413725
296  -0.63489394725015  0.2836534175975071
297  -0.634893950184691  0.2836534142864843
298  -0.6348939522778786  0.28365341192475474
299  -0.6348939549906748  0.2836534088639249
300  -0.6348939588749134  0.2836534044813646
301  -0.6348939630317955  0.2836533997911824
302  -0.6348939703228359  0.28365339156475045
303  -0.6348939620901147  0.2836534008536745
304  -0.6348939741934542  0.2836533871975578
305  -0.6348939805299988  0.283653380048077
306  -0.6348939854356834  0.2836533745130259
307  -0.6348939911268109  0.283653368091765
308  -0.6348939973637717  0.2836533610546439
309  -0.6348940043478535  0.2836533531745513
310  -0.6348940119347797  0.28365334461427333
311  -0.6348940205690008  0.28365333487233957
312  -0.6348940332630789  0.2836533205496964
313  -0.634894049372316  0.28365330237375225
314  -0.6348940548200732  0.2836532962270843
315  -0.6348940701785227  0.2836532788982487
316  -0.6348940749530805  0.2836532735111472
