0  0.17026592831939055  1.1921099049368113
1  -0.0656696524065301  0.925905371640844
2  -0.13934949845792563  0.8427728955171372
3  -0.20218329173593075  0.7718779479923826
4  -0.11095610257039872  0.874808973660464
5  -0.26265891418696796  0.7036437087952728
6  -0.34586966915595746  0.6097575720643438
7  -0.42216148965546496  0.5236780226895348
8  -0.48778413793968495  0.4496364287663212
9  -0.5189248296301198  0.4145005951948862
10  -0.5870566521245261  0.3376279168395332
11  -0.6171101561192729  0.3037187498532961
12  -0.6362127329255276  0.28216544056517
13  -0.6553117487708322  0.2606161490854003
14  -0.6648447542086371  0.24986012298848542
15  -0.6729307790599786  0.24073671538227326
16  -0.679998659214706  0.23276207360848017
17  -0.6849132485577043  0.22721697541528316
18  -0.6873711560251166  0.22444373490516595
19  -0.6896867248557913  0.2218310941242041
20  -0.6923697024619622  0.21880390848608733
21  -0.6955724591550672  0.2151902595903789
22  -0.6955294712832746  0.2152387625177997
23  -0.6973284189731568  0.2132090219049785
24  -0.6992356665260103  0.21105708728314182
25  -0.7001844582615666  0.2099865719315288
26  -0.7014620804993635  0.20854503932972773
27  -0.7026024761922964  0.20725833851810835
28  -0.7034642007661646  0.2062860604610623
29  -0.7038760156192716  0.20582141252437378
30  -0.7042367013808675  0.20541445319871077
31  -0.7045429805514903  0.20506888046473365
32  -0.7048826397024294  0.20468564532284775
33  -0.705140622224264  0.20439456537376927
34  -0.705381505657505  0.20412277821166613
35  -0.705457803357166  0.20403669202887284
36  -0.7055782815137083  0.20390075733290197
37  -0.7057063843412522  0.2037562197717791
38  -0.7058527078449913  0.20359112394391266
39  -0.7060227459869485  0.20339927104880057
40  -0.7061555903789908  0.20324938361225622
41  -0.706296334810421  0.20309058261425667
42  -0.7064592228642574  0.202906797115615
43  -0.7065505665459331  0.20280373465222912
44  -0.706621595635163  0.2027235930072482
45  -0.7067036728026956  0.2026309858896187
46  -0.7067372535470288  0.20259309696101613
47  -0.7067772430183286  0.20254797710876085
48  -0.7068037701831751  0.20251804668658413
49  -0.706842969217825  0.20247381867869946
50  -0.7068545435243109  0.2024607594663211
51  -0.7068671367372431  0.20244655062863326
52  -0.7068785051322757  0.20243372374476667
53  -0.7068897092124943  0.20242108225620262
54  -0.706905369098858  0.20240341331145037
55  -0.7069188220898375  0.20238823439195847
56  -0.7069424816798887  0.20236153943519025
57  -0.7069470010447698  0.2023564402661066
58  -0.7069719430078469  0.20232829841645425
59  -0.7069836190758059  0.2023151243872884
60  -0.7069993408627389  0.2022973856005391
61  -0.7070198965798047  0.20227419272284242
62  -0.7070145362073004  0.2022802407951866
63  -0.7070335843590312  0.20225874889334608
64  -0.7070449066754481  0.2022459739996725
65  -0.7070520652631731  0.20223789701315553
66  -0.707059376399107  0.20222964790751763
67  -0.7070570828103084  0.2022322357483758
68  -0.7070637692714425  0.20222469145912475
69  -0.7070694842696874  0.20221824326493598
70  -0.7070718913935292  0.20221552732325002
71  -0.70707378586821  0.20221338980017406
72  -0.7070756061969631  0.20221133593545104
73  -0.7070777631327138  0.2022089022793103
74  -0.70708014216527  0.20220621803283337
75  -0.7070823253312968  0.20220375478124805
76  -0.7070835704540089  0.20220234991764305
77  -0.7070852998816838  0.20220039861599692
78  -0.7070850933994474  0.2022006315885194
79  -0.707086002029234  0.20219960638762538
80  -0.7070869223310006  0.20219856801731467
81  -0.7070879627169455  0.20219739415683094
82  -0.707088796188222  0.2021964537567799
83  -0.7070900303338387  0.20219506127855807
84  -0.7070918878132868  0.20219296549695498
85  -0.7070925799863185  0.2021921845227658
86  -0.7070949708472182  0.20218948693044833
87  -0.7070956471426042  0.20218872387090026
88  -0.7070966537863289  0.20218758808153728
89  -0.7070967966320494  0.20218742690966895
90  -0.7070982542560748  0.20218578228225753
91  -0.7070987588111602  0.20218521299613865
92  -0.7070994692792675  0.20218441137973842
93  -0.7071003464827528  0.20218342163692943
94  -0.7070945963121794  0.20218990951582053
95  -0.7071006066806993  0.20218312805733155
96  -0.7071012305952084  0.2021824240987756
97  -0.7071016457790212  0.2021819556496642
98  -0.707102389467641  0.20218111655078244
99  -0.707102554745449  0.20218093006894022
100  -0.7071030225510415  0.20218040224702782
101  -0.7071032622047914  0.20218013184730926
102  -0.7071035332334502  0.20217982604749127
103  -0.70710393990856  0.20217936719869248
104  -0.7071036894264259  0.20217964981600445
105  -0.7071041602928012  0.20217911854063128
106  -0.7071045593357597  0.20217866830313766
107  -0.7071047520717777  0.20217845084038122
108  -0.7071049446674573  0.20217823353596764
109  -0.70710508282322  0.2021780776557472
110  -0.7071050795977589  0.20217808129501333
111  -0.7071051684023755  0.2021779810973601
112  -0.7071052925828172  0.20217784098540062
113  -0.7071053777021927  0.20217774494578009
114  -0.7071054689476448  0.20217764199414848
115  -0.7071055677973054  0.20217753046273945
116  -0.7071056749729135  0.2021774095372196
117  -0.7071057751211967  0.20217729654058347
118  -0.7071058053514234  0.20217726243202136
119  -0.7071058590801044  0.202177201810311
120  -0.7071058887729826  0.20217716830803562
121  -0.7071059301644842  0.202177121606282
122  -0.70710598689821  0.20217705759399968
123  -0.7071060520217443  0.2021769841155528
124  -0.7071061129645595  0.2021769153541831
125  -0.7071061562320293  0.2021768665357871
126  -0.7071062079675595  0.20217680816293537
127  -0.7071062714455206  0.20217673654117763
128  -0.7071063298219241  0.2021766706754731
129  -0.7071064036775581  0.20217658734465668
130  -0.7071064354728465  0.20217655147024602
131  -0.7071064711541739  0.20217651121124358
132  -0.7071065107926084  0.20217646648746376
133  -0.7071065318795896  0.20217644269516433
134  -0.7071065521854311  0.20217641978421963
135  -0.7071065714535673  0.20217639804411078
136  -0.7071065804587974  0.20217638788357004
137  -0.7071065945100249  0.20217637202966426
138  -0.7071066084120876  0.20217635634406014
139  -0.7071066194363625  0.20217634390544467
140  -0.7071066357594464  0.2021763254882186
141  -0.7071066482391116  0.2021763114074961
142  -0.7071066602095945  0.20217629790128058
143  -0.7071066702268988  0.2021762865988233
144  -0.7071066833996076  0.2021762717361443
145  -0.7071067031523396  0.20217624944926926
146  -0.7071067131636363  0.20217623815359037
147  -0.7071067241703781  0.20217622573475735
148  -0.7071067292676282  0.2021762199835643
149  -0.7071067340506483  0.20217621458691482
150  -0.7071067402576287  0.20217620758362048
151  -0.7071067418096201  0.20217620583251897
152  -0.7071067456766891  0.20217620146933096
153  -0.7071067469065556  0.2021762000816808
154  -0.7071067492797367  0.20217619740403647
155  -0.7071067527299708  0.20217619351116048
156  -0.707106744239673  0.20217620309070655
157  -0.7071067543397325  0.2021761916948772
158  -0.7071067570880136  0.20217618859401001
159  -0.7071067598882774  0.20217618543449115
160  -0.707106763523194  0.20217618133323914
161  -0.7071067662171995  0.20217617829361084
162  -0.7071067677523246  0.20217617656153944
163  -0.7071067689924375  0.20217617516232836
164  -0.7071067702314345  0.20217617376437635
165  -0.7071067723321726  0.20217617139412772
166  -0.7071067733965679  0.20217617019317757
167  -0.7071067744426859  0.2021761690128497
168  -0.7071067751651736  0.20217616819767162
169  -0.707106775931285  0.2021761673332733
170  -0.7071067766523075  0.20217616651974846
171  -0.7071067771741281  0.2021761659309818
172  -0.7071067776978825  0.20217616534003313
173  -0.7071067779951681  0.20217616500460786
174  -0.707106778492598  0.20217616444336106
175  -0.7071067788893836  0.20217616399567054
176  -0.7071067790397721  0.2021761638259881
