0  -0.5932802440743523  0.7670193929620069
1  -0.8675709198123331  0.6593056964811793
2  -1.541227106683171  0.39476153051633717
3  -1.7439989400757006  0.31513321774872416
4  -1.975068012753866  0.22439260509903286
5  -2.1074450846967174  0.17240825050910916
6  -2.2253761992204546  0.12609681013193053
7  -2.316558752885686  0.09028950504064955
8  -2.3791732948774427  0.06570083189950046
9  -2.43871060119442  0.042320586382007835
10  -2.4645386344552693  0.03217794143838818
11  -2.4771067194742646  0.027242465992717235
12  -2.480597369624191  0.025871690884309562
13  -2.487824670612128  0.023033536423186552
14  -2.495181647431822  0.020144458382013855
15  -2.5027446669758144  0.01717446755221853
16  -2.507373176609033  0.015356856069619892
17  -2.509814320227799  0.01439822121223582
18  -2.5117080609295614  0.013654550977678183
19  -2.5145569412786655  0.012535798280715493
20  -2.516613241761546  0.011728290969391712
21  -2.5182643198780466  0.011079914109229039
22  -2.518703515191457  0.010907442512966386
23  -2.5191403801104095  0.010735886060467329
24  -2.5197586587381644  0.01049308861111404
25  -2.520334367186995  0.010267008431932028
26  -2.5210270703532722  0.009994984534645203
27  -2.52167013281827  0.009742454495165654
28  -2.5229771189292456  0.009229202249592559
29  -2.521875053896114  0.009661982176075654
30  -2.5234854901688903  0.009029565330622023
31  -2.52408122550045  0.008795620612983017
32  -2.5246663170940313  0.008565855681474029
33  -2.5257383928744583  0.0081448525069889
34  -2.5268936890091216  0.007691168775816555
35  -2.527895180083517  0.0072978841505720125
36  -2.5295083014865014  0.006664412856951474
37  -2.531057039683758  0.006056224789097007
38  -2.5327392105323936  0.0053956378415775125
39  -2.5348302949596286  0.004574470907247808
40  -2.537627085482758  0.0034761738371112765
41  -2.539937082287559  0.002569040213138834
42  -2.541932493363315  0.001785444116077962
43  -2.5431039346404813  0.0013254202022708248
44  -2.543760114102051  0.0010677391302827946
45  -2.544846881425874  0.0006409666001974701
46  -2.545966483982226  0.0002012997044504889
47  -2.5474974681831593  0.0003999163853513317
48  -2.5485653766432375  0.0008192830569623411
49  -2.550413008581516  0.0015448464224416393
50  -2.5500965071887  0.001420556616126288
51  -2.551654428635052  0.002032350937467521
52  -2.5531737771056195  0.0026289976866397634
53  -2.5540220802588385  0.00296212555591097
54  -2.555233761606119  0.0034379517082994745
55  -2.557251518085217  0.0042303228247328965
56  -2.5580622086714113  0.004548680273473249
57  -2.5597249974365925  0.00520165589461887
58  -2.5605035712944337  0.005507401133627739
59  -2.5618243439046484  0.006026067324791872
60  -2.5642616708662818  0.006983203384424828
61  -2.5639992727135317  0.006880159870800427
62  -2.5663454762929945  0.007801511861933729
63  -2.568992371380297  0.008840945132070255
64  -2.5724873509329296  0.010213420392944924
65  -2.5696389187010777  0.009094843671215663
66  -2.5742001162508714  0.01088602176046611
67  -2.5766545206555276  0.011849864116291887
68  -2.578539848865293  0.012590230772967413
69  -2.579535995906922  0.012981416801452145
70  -2.5815503199581  0.01377244000659334
71  -2.584272732808003  0.014841529032755074
72  -2.5869151476377876  0.01587920290987856
73  -2.5888659076202423  0.016645264563603115
74  -2.5907288373639585  0.017376835363229735
75  -2.5919412325333147  0.01785294183289185
76  -2.5949999550459593  0.0190540993547786
77  -2.598094812983618  0.02026944722488515
78  -2.6006577004740326  0.02127589078886814
79  -2.6024306876641283  0.02197214123028235
80  -2.604074055373532  0.02261749022065859
81  -2.6071778858060672  0.023836361581263652
82  -2.6099755419610497  0.024934998584234067
83  -2.6119037831510097  0.025692217128824985
84  -2.6136160997464217  0.026364642283420784
85  -2.615070196836164  0.026935664875263377
86  -2.6161161044775234  0.027346391845566878
87  -2.6173605189307323  0.027835072258594627
88  -2.6192323258209935  0.028570129105517556
89  -2.6219332398051445  0.02963077554684088
90  -2.624776450782681  0.030747301886795274
91  -2.6235970784444937  0.03028416345260819
92  -2.6264872385579787  0.03141912667513602
93  -2.628976826025303  0.03239678538736293
94  -2.6308230194003595  0.03312178383038585
95  -2.6334884086033155  0.03416847972275637
96  -2.634891041081421  0.03471929220886923
97  -2.637455057586778  0.03572617913598334
98  -2.639587628271031  0.03656363768534702
99  -2.6416768264187906  0.03738406387945895
100  -2.6448880784132247  0.0386451195887764
101  -2.6452570085574103  0.03878999811760907
102  -2.646826417233924  0.03940630346368608
103  -2.649667019530208  0.04052180537690806
104  -2.6505946103942777  0.04088606945742031
105  -2.6528510500597484  0.04177217124195924
106  -2.6536404870200854  0.042082182411342595
107  -2.656865874783198  0.04334878922403928
108  -2.658072817265114  0.043822754428350826
109  -2.6595181733053863  0.04439034441809346
110  -2.660426419821643  0.044747011990983514
111  -2.661996596760888  0.045363619033129576
112  -2.6642135918686742  0.04623423097608777
113  -2.663330656936785  0.04588750323913521
114  -2.6651299973719205  0.04659410257567622
115  -2.666194354358221  0.04701207458679604
116  -2.6666112561979576  0.04717579155641913
117  -2.667234571705633  0.0474205669838919
118  -2.6680312784969358  0.047733433009219575
119  -2.668907399617473  0.04807748496871132
120  -2.669511880523396  0.048314864065371756
121  -2.6703111378057267  0.04862873166618406
122  -2.6715103747054205  0.049099670895433045
123  -2.6725321641441684  0.04950092666971879
124  -2.6737477287071765  0.049978277757357574
125  -2.6744468397553476  0.0502528180239798
126  -2.6748988403119123  0.05043031822747007
127  -2.6753610049718253  0.05061180986501151
128  -2.675956099714277  0.050845503023896066
129  -2.676646318878432  0.05111655145583056
130  -2.676693510945011  0.05113508373703959
131  -2.6771247691610704  0.05130443844246119
132  -2.6772974463069894  0.051372248599093916
133  -2.6775161006889654  0.05145811397410529
134  -2.6777619645600494  0.05155466449050289
135  -2.6780490372426975  0.051667397669359565
136  -2.678306987372913  0.051768694448619194
137  -2.6784989800135803  0.05184408978230223
138  -2.6788031247684407  0.051963527148239395
139  -2.6789288316720845  0.0520128921338635
140  -2.679162657450206  0.05210471530220934
141  -2.6792754265909733  0.05214899964023256
142  -2.679380973907897  0.05219044797466431
143  -2.679630630611109  0.05228848793275558
144  -2.6791629671536112  0.05210483692245214
145  -2.679705669728644  0.052317955725302984
146  -2.6798315943551065  0.052367406210478126
147  -2.6799367173905426  0.05240868792995926
148  -2.680099558443712  0.052472635462001704
149  -2.680275801994138  0.05254184614240941
150  -2.6803731941991176  0.05258009197186943
151  -2.680524172316157  0.05263938093978743
152  -2.680585175578408  0.05266333686485402
153  -2.6806624543977704  0.052693684186252386
154  -2.680667182080673  0.05269554074298676
155  -2.680719483977762  0.05271607964994482
156  -2.6807885649419854  0.05274320768115813
157  -2.6808612835939685  0.052771764229014265
158  -2.680901794342465  0.052787672762747824
159  -2.6808203011885565  0.05275567047604319
160  -2.680922149648675  0.05279566627280416
161  -2.680952213081203  0.05280747215515057
162  -2.680970526630576  0.052814663869171975
163  -2.680996809292777  0.05282498504648302
164  -2.6810197239554374  0.05283398361346713
165  -2.6810412802768693  0.052842448761098226
166  -2.681063647995431  0.05285123254363714
167  -2.681082888080287  0.05285878810729189
168  -2.6810958452383975  0.05286387637138329
169  -2.6811051970931894  0.05286754883617224
170  -2.6811134822991862  0.052870802428958884
171  -2.681125869887535  0.052875667023527945
172  -2.6811348028610453  0.052879174994022254
173  -2.681146871959089  0.052883914517740924
174  -2.6811506406422105  0.052885394476141975
175  -2.6811529088052115  0.0528862851816696
176  -2.681156656131901  0.052887756753419356
177  -2.68116175886439  0.05288976059178194
178  -2.6811664401145867  0.05289159891443543
179  -2.6811707807112097  0.05289330346274331
180  -2.6811755205412697  0.05289516478965528
181  -2.6811805888908498  0.052897155125881085
182  -2.6811864940939816  0.052899474093728194
183  -2.681189765539924  0.052900758787545674
184  -2.681193246001377  0.05290212556156208
185  -2.681196845288279  0.05290353899822321
186  -2.681200856712995  0.05290511428102548
187  -2.6812022651639484  0.05290566737842159
188  -2.6812034690603057  0.05290614014741555
189  -2.6812051385931195  0.05290679577141839
190  -2.6812070016916363  0.052907527408495046
191  -2.681208138715303  0.052907973916644854
192  -2.6812088246208328  0.052908243271116505
193  -2.681210179038126  0.052908775149543875
194  -2.6812102998202394  0.05290882258056881
195  -2.6812110474837034  0.05290911618732456
196  -2.6812121422750157  0.05290954611086754
197  -2.681213111734678  0.052909926816786676
198  -2.681214119165109  0.05291032243379183
199  -2.681215570882326  0.05291089252180988
200  -2.681217355726514  0.052911593428483485
201  -2.6812199666495724  0.05291261873557082
202  -2.681222303676513  0.052913536483904226
203  -2.681224034849877  0.05291421631409462
204  -2.6812256422013037  0.05291484751952382
205  -2.681227361228263  0.05291552257983221
206  -2.681229589417737  0.05291639758779243
207  -2.681231866852324  0.05291729193426343
208  -2.681233538823178  0.05291794851568233
209  -2.6812349574480208  0.05291850560835542
210  -2.6812360216070763  0.05291892350263932
211  -2.68123687967789  0.05291926046625982
212  -2.6812383152387205  0.052919824209679736
213  -2.681239222405036  0.05292018045305874
214  -2.681241108404346  0.052920921083255884
215  -2.6812419062316173  0.0529212343892927
216  -2.68124286082514  0.052921609257292536
217  -2.681243304703025  0.05292178356773024
218  -2.6812438944800916  0.05292201517264275
219  -2.6812448440864225  0.05292238808217687
220  -2.681245916952523  0.052922809395709286
221  -2.6812471826122435  0.052923306419119305
222  -2.681248613486847  0.052923868322262195
223  -2.681249796524001  0.05292433289986619
224  -2.681250197704806  0.052924490443199926
225  -2.681251384059069  0.05292495632342951
226  -2.6812519244916455  0.05292516855080601
227  -2.681252785605301  0.05292550670934775
228  -2.6812536694320155  0.05292585378728691
229  -2.681254798230063  0.05292629706524358
230  -2.6812558347517874  0.05292670410637293
231  -2.681257688824574  0.05292743219905356
232  -2.6812586229803568  0.05292779904117169
233  -2.681260052651884  0.05292836047186762
234  -2.6812619207336668  0.05292909406586819
235  -2.681263509502297  0.05292971797385039
236  -2.6812664242233044  0.05293086258211333
237  -2.6812671813793805  0.052931159916609107
238  -2.681269761722458  0.05293217321496608
239  -2.681270648597787  0.05293252149009343
240  -2.6812721345065627  0.052933105005105084
241  -2.681274804592099  0.052934153545243216
242  -2.681268255038558  0.05293158154158219
243  -2.681276079264587  0.05293465410795872
244  -2.6812790095534473  0.05293580482970333
245  -2.6812812636860355  0.05293669002550072
246  -2.681284310824028  0.052937886633792224
247  -2.6812853555149028  0.05293829688293938
248  -2.681287399464128  0.05293909953992324
249  -2.681288795437722  0.05293964773747153
250  -2.681291111773881  0.052940557360554204
251  -2.681293591715527  0.05294153123136118
252  -2.6812960522555116  0.05294249748315363
253  -2.6812977926035853  0.052943180916244
254  -2.681299625777485  0.052943900801951035
255  -2.6813001778087187  0.052944117584109544
256  -2.681301376740132  0.05294458840337455
257  -2.68130213556782  0.05294488639431089
258  -2.6813028149079625  0.052945153170560956
259  -2.6813039942579633  0.052945616300223264
260  -2.681303666177454  0.05294548746330849
261  -2.6813046377109657  0.05294586898362644
262  -2.6813057061687062  0.05294628856599996
263  -2.6813063506105714  0.05294654163772864
264  -2.681307112315813  0.05294684075867752
265  -2.681307479609557  0.05294698499459345
266  -2.681308047599029  0.052947208043537655
267  -2.6813084505383533  0.05294736627744022
268  -2.6813088165057066  0.05294750999248379
269  -2.6813096618583097  0.052947841961674715
270  -2.6813088136219583  0.05294750886003847
271  -2.6813102095147077  0.0529480570258393
272  -2.6813113977240013  0.052948523634537774
273  -2.681312375332631  0.05294890754054888
274  -2.681313202463349  0.05294923235402234
275  -2.681313966118193  0.05294953224057823
276  -2.68131474771619  0.05294983917339391
277  -2.681315886012871  0.05295028618145538
278  -2.6813164214879848  0.05295049646204076
279  -2.6813170028534863  0.05295072476373933
280  -2.6813172120364293  0.052950806909688945
281  -2.68131822609739  0.052951205130496934
282  -2.6813186190256397  0.052951359433059855
283  -2.681319002156679  0.052951509888267176
284  -2.6813195948644304  0.05295174264405684
285  -2.681320391122125  0.05295205533372224
286  -2.681321326459072  0.05295242263968241
287  -2.6813216404194233  0.05295254593162413
288  -2.681321962755698  0.05295267251278315
289  -2.681322236988481  0.05295278020374526
290  -2.6813224971132583  0.052952882354506424
291  -2.681322815740885  0.052953007479282756
292  -2.681322996151368  0.05295307832631376
293  -2.681323187058722  0.05295315329545651
294  -2.681323337343743  0.0529532123122462
295  -2.6813236583056135  0.05295333835367797
296  -2.6813237431844263  0.05295337168550984
297  -2.681323827870316  0.05295340494158102
298  -2.681323930181497  0.05295344511908779
299  -2.681324082590308  0.05295350496988788
300  -2.68132429899681  0.05295358995252251
301  -2.681324423716676  0.05295363892989935
302  -2.681324548513684  0.05295368793756973
303  -2.681324631607891  0.05295372056858854
304  -2.681324701613043  0.052953748059547404
305  -2.6813247798529796  0.052953778784298716
306  -2.6813248635382294  0.05295381164741948
307  -2.6813249220928252  0.052953834641755494
308  -2.6813250702621394  0.0529538928277091
309  -2.6813251491634125  0.05295392381216658
310  -2.6813252286439284  0.052953955024092204
311  -2.681325373169002  0.05295401177895592
312  -2.681324821709719  0.052953795221401846
313  -2.681325418025586  0.05295402939409518
314  -2.6813255264539784  0.05295407197382534
315  -2.681325580031102  0.05295409301351259
