0  -0.5877441749995254  0.7691934022039122
1  -0.8599946388182672  0.6622808950702406
2  -1.6233691225577427  0.3625044363135109
3  -1.8393088720951878  0.27770509496790374
4  -2.03559438932892  0.20062395259945803
5  -2.150789184303129  0.15538706239661337
6  -2.2403752604993743  0.12020669254135585
7  -2.3176428880121542  0.08986376617204811
8  -2.386370062977162  0.06287466767554199
9  -2.4237391198162093  0.048199873370900724
10  -2.451160406340801  0.03743155933369603
11  -2.4587129116834086  0.03446569742112926
12  -2.4677311760323484  0.030924233292784247
13  -2.479858946435172  0.02616166899254239
14  -2.4884389509184253  0.02279230911099795
15  -2.4959990829212115  0.019823452215982647
16  -2.4997794603184675  0.0183389014836056
17  -2.5018160247114927  0.01753914451664431
18  -2.504724851638368  0.01639685085363976
19  -2.5075815584120162  0.015275024726945658
20  -2.509983408513809  0.014331820397593625
21  -2.510820241011204  0.014003197044330926
22  -2.5121092571786585  0.013497001579076792
23  -2.511541004702178  0.013720153804763715
24  -2.512572529228646  0.01331507507047009
25  -2.513163696376742  0.013082924274282235
26  -2.51383134547751  0.01282073908551375
27  -2.515204339845148  0.012281565458164813
28  -2.5172568977715755  0.01147552784532323
29  -2.518205817315941  0.011102888011644843
30  -2.51916530425855  0.010726098370380438
31  -2.5198906065230626  0.010441272837152328
32  -2.5207583762692054  0.010100500454716124
33  -2.5219003569888367  0.00965204567479925
34  -2.5237523316305586  0.008924776933665767
35  -2.518944387734247  0.01081285208660639
36  -2.524388624471983  0.008674905319146884
37  -2.5251897272249204  0.008360313003722078
38  -2.5258863641559675  0.008086744320622485
39  -2.526752811321431  0.007746491314404476
40  -2.527653230048042  0.0073928977073200635
41  -2.528992910087185  0.006866806586178506
42  -2.5299294531505248  0.006499026985233617
43  -2.5314405998257414  0.0059056010735639465
44  -2.5330594139679596  0.0052698942464739496
45  -2.53421546839254  0.004815912735547506
46  -2.535045676841024  0.00448989064020935
47  -2.536276906527254  0.004006387873066526
48  -2.5358809662995228  0.00416187323690422
49  -2.5366957616871244  0.0038419038364206955
50  -2.537163512800516  0.003658218403728306
51  -2.537655383377243  0.003465061279933011
52  -2.5386419399689277  0.0030776414123345297
53  -2.5393753783965254  0.0027896208153343747
54  -2.539926471056816  0.002573207233707293
55  -2.5401519759605584  0.0024846516650891366
56  -2.5404512013466753  0.002367146130740072
57  -2.5412821079704915  0.0020408498625900905
58  -2.541754744463569  0.0018552459457812096
59  -2.542177723384372  0.001689142512003951
60  -2.5424106903394064  0.0015976566026958434
61  -2.5426169636058753  0.0015166532803744955
62  -2.5428761869531558  0.0014148565099425905
63  -2.5430914523309904  0.0013303219937453857
64  -2.5433835522651496  0.001215614617836838
65  -2.5429062163894827  0.0014030639778730841
66  -2.5434657698644334  0.0011833278420986001
67  -2.5436088398828924  0.0011271443772311177
68  -2.5437087026928067  0.0010879283434819362
69  -2.54380630560415  0.0010495997698262971
70  -2.5439342835413066  0.0009993429514272127
71  -2.5441222802047023  0.0009255168343492771
72  -2.544136176148382  0.0009200599100269094
73  -2.5442180779673538  0.0008878971409272602
74  -2.5442772898720882  0.0008646446803124064
75  -2.5443205246226555  0.0008476664334671846
76  -2.5443777103011302  0.0008252096700438156
77  -2.544467241964278  0.0007900506681427405
78  -2.544482433527548  0.0007840849551970389
79  -2.5446217097048804  0.0007293913282560778
80  -2.544646242400608  0.0007197573611721866
81  -2.5446904283883147  0.0007024055643758921
82  -2.5447256571795207  0.0006885712504199446
83  -2.5447997896014853  0.0006594595163903303
84  -2.5448427408256684  0.000642592610095801
85  -2.544881743633678  0.0006272762432067975
86  -2.544903813204889  0.0006186095428587608
87  -2.5449511374977782  0.0006000253364990758
88  -2.5449785919930203  0.0005892439814289982
89  -2.545012632091372  0.0005758764660653838
90  -2.545053195363457  0.0005599473063668158
91  -2.5450971625339927  0.0005426814388726523
92  -2.545102946334898  0.0005404101455684035
93  -2.545152842248951  0.000520816065939307
94  -2.5451721218664782  0.0005132449778408156
95  -2.545186233645777  0.0005077032950690078
96  -2.545215568386997  0.0004961835691301664
97  -2.5452254863535466  0.0004922887927737371
98  -2.545273041924076  0.0004736137638971477
99  -2.5452893411461113  0.00046721307437153466
100  -2.545311245295941  0.00045861133484792466
101  -2.5453149437652756  0.00045715894933663626
102  -2.5453537756948172  0.00044190968626502786
103  -2.545367586845096  0.0004364860602334413
104  -2.545379447456332  0.000431828409092577
105  -2.5453906231264103  0.0004274397337154823
106  -2.5454021114848318  0.00042292826591314793
107  -2.5454113930880027  0.0004192833888712319
108  -2.545417889248239  0.00041673235271182894
109  -2.5454274700590975  0.00041296997708578843
110  -2.5454414105231944  0.0004074955696364966
111  -2.545433052691076  0.00041077768263437993
112  -2.545447258160286  0.0004051992079205814
113  -2.5454554940042926  0.0004019649995421063
114  -2.5454596717258404  0.00040032441212668616
115  -2.545464676417378  0.0003983590743556713
116  -2.5454728188594538  0.0003951615448297596
117  -2.5454848093826223  0.0003904528773923704
118  -2.5455011148027125  0.00038404975389626694
119  -2.545492490188121  0.0003874366321263114
120  -2.545507284945501  0.00038162674448919553
121  -2.5455092985621506  0.0003808359990800746
122  -2.5455112157659627  0.0003800831149036133
123  -2.5455133982459834  0.0003792260570036558
124  -2.5455168327711175  0.00037787732213743466
125  -2.545509665005337  0.00038069209717725644
126  -2.545518252658683  0.0003773197335944253
127  -2.5455211107588136  0.00037619736029766225
128  -2.5455262161940135  0.00037419246058297467
129  -2.545529277383614  0.0003729903342379633
130  -2.545532193309724  0.00037184525273230296
131  -2.5455335903696246  0.000371296628592238
132  -2.5455356693580593  0.00037048021174305356
133  -2.5455372018470688  0.0003698784047163212
134  -2.5455384475575724  0.0003693892153454797
135  -2.545544673165826  0.00036694442470119366
136  -2.5455468153267446  0.00036610320007567613
137  -2.5455514659091683  0.0003642769206285625
138  -2.545555155745952  0.0003628279251119966
139  -2.545559332864092  0.0003611875746541657
140  -2.545565134369291  0.0003589093288900833
141  -2.545571487790861  0.0003564143460740023
142  -2.5455778975064987  0.00035389725662908364
143  -2.545585004982833  0.0003511061571994695
144  -2.5455895570185505  0.0003493185769532699
145  -2.5455950819659274  0.00034714893519191423
146  -2.545599869429815  0.0003452689025196093
147  -2.5456055642370607  0.0003430325569437439
148  -2.5456122589133923  0.00034040356369608577
149  -2.5456147271597747  0.00033943428560831413
150  -2.5456200497121264  0.00033734412418748864
151  -2.5456239934822373  0.0003357954092864972
152  -2.5456370838759494  0.00033065482369667613
153  -2.545644440132644  0.00032776602844802264
154  -2.545651037987478  0.00032517505691351603
155  -2.545657311328777  0.00032271152154626353
156  -2.5456327370141985  0.00033236183231456215
157  -2.545663143734425  0.0003204211412041128
158  -2.5456691399095766  0.0003180664487284091
159  -2.545673603692589  0.0003163135252384769
160  -2.545679880255276  0.00031384872483509725
161  -2.545686803881319  0.00031112982324592536
162  -2.5456917419217966  0.0003091906592850557
163  -2.5456979116298717  0.0003067678205896152
164  -2.5456986855061534  0.000306463920084434
165  -2.5457014009131234  0.00030539758226089857
166  -2.5457070865929845  0.0003031648210005941
167  -2.5457112363188483  0.0003015352274645696
168  -2.5457165574643503  0.0002994456185123481
169  -2.545722168462072  0.0002972421848596774
170  -2.545726921304783  0.00029537574789162754
171  -2.5457295435458756  0.0002943459962225281
172  -2.545732585123855  0.0002931515713431588
173  -2.5457336641272246  0.0002927278477107027
174  -2.545735557827345  0.00029198419341245984
175  -2.545737223789034  0.00029132997178702634
176  -2.5457408108490567  0.00028992133661007787
177  -2.545743057114251  0.0002890392303310266
178  -2.545745401908794  0.00028811843166722835
179  -2.5457500843493723  0.00028627964155198766
180  -2.5457512067412855  0.0002858388792783724
181  -2.545752354657729  0.00028538809354507324
182  -2.5457532333297586  0.0002850430398460298
183  -2.5457543590006138  0.00028460098993489955
184  -2.545755104269692  0.0002843083234521736
185  -2.545756440076425  0.0002837837533748828
186  -2.545757675505729  0.00028329860142162303
187  -2.545758341802242  0.0002830369473929741
188  -2.545760616280882  0.0002821437617196649
189  -2.5457616393036897  0.0002817420216024849
190  -2.5457630242845015  0.0002811981409095153
191  -2.545763392594423  0.00028105350594149407
192  -2.545763953192551  0.0002808333595714583
193  -2.545764678910391  0.0002805483708421005
194  -2.5457656360168106  0.0002801725160300936
195  -2.5457676460904666  0.00027938316195124855
196  -2.545768784757338  0.000278936008516466
197  -2.545769448028635  0.00027867554248721827
198  -2.545771277623657  0.00027795706220213885
199  -2.5457723116456283  0.0002775510027236088
200  -2.5457735432142417  0.0002770673668601116
201  -2.545776012611557  0.0002760976368019581
202  -2.5457742450680922  0.00027679174949749697
203  -2.5457772593105674  0.00027560805924547863
204  -2.545779251344115  0.00027482578950068247
205  -2.54577991414344  0.0002745655088143252
206  -2.5457805127873607  0.00027433042189641856
207  -2.5457812556196395  0.00027403871234267784
208  -2.545782177847437  0.0002736765543334103
209  -2.5457834694603183  0.00027316933914109463
210  -2.545785488880578  0.0002723763146594672
211  -2.5457873989945035  0.00027162621467508084
212  -2.545784045524428  0.00027294311929419723
213  -2.5457891263641628  0.0002709478781961155
214  -2.545793151557101  0.00026936718862567407
215  -2.54579878588309  0.0002671545939836756
216  -2.5458038015533324  0.0002651849448854413
217  -2.545808135277002  0.000263483095580013
218  -2.5458110037562203  0.0002623566464251719
219  -2.545814693213534  0.00026090779992604365
220  -2.5458160709870015  0.00026036674955064024
221  -2.5458186065565753  0.00025937103370740286
222  -2.545820917431554  0.00025846355522543167
223  -2.5458234866403218  0.0002574546293015634
224  -2.5458258420654514  0.00025652965601615635
225  -2.545827684417139  0.0002558061662002489
226  -2.5458298809180944  0.0002549436022921355
227  -2.5458327427807528  0.0002538197514542301
228  -2.5458355964717283  0.00025269910962868986
229  -2.545838075551098  0.0002517255774367158
230  -2.5458399534260208  0.00025098813767903696
231  -2.5458432687461863  0.0002496862144945043
232  -2.5458470238906457  0.00024821157271365853
233  -2.54585154924349  0.000246434470807279
234  -2.54585511154558  0.0002450355580478989
235  -2.545857384526028  0.000244142960713131
236  -2.5458588515683407  0.00024356685454419137
237  -2.5458601382725083  0.0002430615669991342
238  -2.5458635035728974  0.00024174001662672395
239  -2.545867819242419  0.00024004525716861822
240  -2.5458701418990444  0.00023913315204477983
241  -2.545873251042713  0.00023791219418119438
242  -2.545875586497833  0.00023699506310023683
243  -2.5458780288707628  0.00023603594549358626
244  -2.545881548261041  0.00023465388416315174
245  -2.545882984165919  0.00023409000563611083
246  -2.5458866645479015  0.00023264472301136698
247  -2.54588833871183  0.00023198728037407984
248  -2.545891095516905  0.0002309046855525744
249  -2.54589490980476  0.0002294068182146216
250  -2.5458985566677246  0.0002279746984773808
251  -2.545903014513378  0.00022622410658289474
252  -2.5459062399140957  0.00022495749468297446
253  -2.5459076771314386  0.00022439310075221045
254  -2.545909796476166  0.00022356083602400874
255  -2.545911221588777  0.0002230011956103396
256  -2.5459121502692494  0.00022263650364158836
257  -2.5459138353186255  0.00022197478629900347
258  -2.545915855698173  0.0002211813851059535
259  -2.545918071459839  0.00022031125753456886
260  -2.5459198625799915  0.0002196078862954155
261  -2.545920781837447  0.0002192468947368001
262  -2.545921603851987  0.00021892409038180234
263  -2.5459234147959835  0.00021821293433735381
264  -2.5459247530980895  0.0002176873843292826
265  -2.5459265184208477  0.0002169941437032372
266  -2.5459292686316277  0.00021591413845545312
267  -2.5459306449816683  0.00021537364705841153
268  -2.5459319815252326  0.00021484878762807332
269  -2.5459341327794522  0.0002140039920715158
270  -2.545936408110309  0.000213110471733562
271  -2.5459398048565536  0.00021177657260249623
272  -2.5459423205820007  0.00021078864952962494
273  -2.54594438922146  0.00020997629671359796
274  -2.5459451266428523  0.00020968671200997992
275  -2.545946053622902  0.00020932268779574534
276  -2.545947503564311  0.0002087532971358514
277  -2.5459491271821126  0.00020811570391615763
278  -2.545951184614041  0.00020730775228722448
279  -2.5459531447996984  0.00020653798917962576
280  -2.5459547744336404  0.0002058980334270922
281  -2.545956234725163  0.00020532457828707047
282  -2.5459574118604182  0.00020486231835337783
283  -2.545958932523764  0.00020426515525386572
284  -2.5459598056746566  0.00020392226970020538
285  -2.5459606199792666  0.0002036024930276495
286  -2.545962491041352  0.00020286772866496343
287  -2.54596503364809  0.00020186924933381298
288  -2.5459686748992656  0.0002004393333408851
289  -2.54597157089129  0.00019930207993229253
290  -2.5459742801915963  0.00019823814018995263
291  -2.545975963615625  0.00019757706111980396
292  -2.545977822293311  0.00019684716009934407
293  -2.5459779770071638  0.00019678640411140768
294  -2.5459788604610947  0.00019643947256402014
295  -2.545980090852068  0.00019595629915875103
296  -2.545982399672957  0.0001950496273157786
297  -2.5459835443391614  0.0001946001179484242
298  -2.5459851341569677  0.00019397579795582537
299  -2.5459862331287204  0.00019354423275772293
300  -2.545986735338442  0.00019334701546114844
301  -2.5459874439466756  0.00019306874565859868
302  -2.545988359959135  0.00019270902840703925
303  -2.5459887955244125  0.00019253798232249673
304  -2.5459896330804637  0.0001922090748303268
305  -2.545990043908977  0.00019204774285036687
306  -2.5459907845241356  0.00019175690395771832
307  -2.545990621538836  0.00019182090813515406
308  -2.5459912612493034  0.000191569694422106
309  -2.545991950251753  0.00019129912379279676
310  -2.545993140376055  0.00019083176307238225
311  -2.5459930438049487  0.0001908696864571146
312  -2.5459935374778047  0.0001906758215799321
313  -2.545994082941505  0.00019046161848567333
314  -2.545995148371308  0.0001900432251804016
315  -2.5459957124545127  0.0001898217102239572
