0  -0.5865174751469967  0.7696751261095202
1  -0.8599221961893054  0.6623093432241097
2  -1.6481378391814534  0.3527777840405238
3  -1.8760705268320017  0.2632688269110313
4  -2.119204047489203  0.1677905166187706
5  -2.1924241181686996  0.1390370621010166
6  -2.2789771841141193  0.1050477525860412
7  -2.3181886134564875  0.08964946029119879
8  -2.336234406446273  0.08256289395558485
9  -2.398299145412915  0.058190127957513514
10  -2.4295253787388607  0.045927614805504474
11  -2.4327396822693426  0.044665360760783264
12  -2.45360937841956  0.03646985024726154
13  -2.464505919467592  0.03219078858400694
14  -2.4719092249044845  0.029283517337404
15  -2.4817972080346538  0.025400515442334057
16  -2.4916197953024044  0.0215431944423828
17  -2.491711338132602  0.021507245657028128
18  -2.496665998941941  0.019561554907072076
19  -2.5017405739586884  0.017568773957984014
20  -2.503380044158715  0.016924955515961217
21  -2.504501909982314  0.016484399837244722
22  -2.5053501581781905  0.01615129354967134
23  -2.5074371123636134  0.015331748557508448
24  -2.508325025102131  0.014983066040463932
25  -2.5100893896727823  0.014290201693787483
26  -2.5107140578104334  0.014044895089765419
27  -2.5114000207083067  0.013775518089691192
28  -2.512765868122101  0.013239151064553678
29  -2.513935379466042  0.012779885033751655
30  -2.515313512064103  0.01223869362803408
31  -2.5161842729399027  0.011896746631728392
32  -2.5173477716953716  0.011439841738898126
33  -2.5185441181093964  0.010970037600717035
34  -2.5197984725939846  0.010477453746494567
35  -2.5216388603810427  0.00975473515254731
36  -2.522988961759451  0.00922455158104619
37  -2.5241027107153835  0.008787183388808574
38  -2.525538953519883  0.008223172158385177
39  -2.5272256864116147  0.007560793700731144
40  -2.5257639018949005  0.008134835138086221
41  -2.52833331009147  0.007125830898784125
42  -2.529500492527726  0.00666747942789168
43  -2.5305051655025106  0.0062729452732861665
44  -2.5310646193755892  0.006053248251075385
45  -2.532802656548033  0.0053707226494984555
46  -2.5355734738457723  0.00428262524112133
47  -2.5269696998644586  0.0076613193827265655
48  -2.5366568538868255  0.003857182893868997
49  -2.538435314195236  0.0031587831639186287
50  -2.539684085495939  0.0026683918208807523
51  -2.5402850222205506  0.002432404520966742
52  -2.5407999907094894  0.0022301768682567243
53  -2.5413032387380783  0.0020325518295631617
54  -2.5416708131880643  0.0018882056805977342
55  -2.542169079938258  0.0016925367853556131
56  -2.54264119113391  0.0015071391523633676
57  -2.543011630709436  0.0013616678712294577
58  -2.5432871643698727  0.001253466055798943
59  -2.543567214760233  0.0011434905246750498
60  -2.543667069533626  0.0011042776468603742
61  -2.543837754252425  0.0010372499145280903
62  -2.5439323029009175  0.001000120747089161
63  -2.544005600297146  0.0009713369268993128
64  -2.544114751764809  0.0009284732457819873
65  -2.5441473416161635  0.0009156752410823934
66  -2.544269186024562  0.0008678270537942359
67  -2.5443159115112  0.0008494779980995327
68  -2.54437290350021  0.0008270972963511689
69  -2.5444197246676508  0.0008087106668930556
70  -2.5444648495429907  0.0007909901697853
71  -2.5445514815700685  0.0007569698523061429
72  -2.5446140851934405  0.0007323854668969615
73  -2.544608213622102  0.0007346912275697061
74  -2.5446531298283155  0.0007170526746362755
75  -2.54469119031514  0.0007021063564113192
76  -2.544723210067016  0.0006895322292533274
77  -2.5447780667118085  0.0006679900752182657
78  -2.5447912875565275  0.0006627982616378339
79  -2.544856515764614  0.0006371832042214475
80  -2.5448872277738315  0.0006251226264045892
81  -2.5449203332064703  0.0006121221534080969
82  -2.5449581639785297  0.0005972660439604038
83  -2.5448210689339508  0.0006511031420719943
84  -2.544968528280989  0.0005931959919021592
85  -2.544990201894839  0.0005846847836462265
86  -2.5450015073674477  0.0005802451349346015
87  -2.545026159613029  0.0005705642207329951
88  -2.545055373394623  0.0005590919955281558
89  -2.5450954519483897  0.0005433531842680951
90  -2.5451469279677057  0.0005231385987532009
91  -2.5451572582396644  0.0005190819104413071
92  -2.5451664667520775  0.0005154657360728953
93  -2.545179101706406  0.0005105040011107598
94  -2.5451948657593606  0.0005043134719916545
95  -2.545207499480262  0.0004993522213952234
96  -2.5452244276994316  0.0004927045252725491
97  -2.545239516039387  0.00048677934802777333
98  -2.5452506938456185  0.0004823898337851701
99  -2.5452511662964015  0.00048220430279656166
100  -2.545260903689839  0.00047838043733557594
101  -2.545272617427971  0.0004737804631277399
102  -2.5452797288365736  0.0004709878194999798
103  -2.545285664161155  0.00046865702298720305
104  -2.5452897279084565  0.00046706119315371487
105  -2.545294628983631  0.0004651365454333168
106  -2.545298830127653  0.00046348676003379413
107  -2.5453052802865628  0.000460953788553162
108  -2.545316097004767  0.0004567060732473619
109  -2.545322999736659  0.00045399537677221765
110  -2.545331036926066  0.00045083917987251675
111  -2.5453350004079054  0.000449282724193943
112  -2.545337739887188  0.00044820693319536006
113  -2.545343309213437  0.00044601986389167106
114  -2.5453467567063157  0.0004446660366040319
115  -2.545351811148113  0.00044268116195180976
116  -2.5453561608851816  0.0004409730241992792
117  -2.5453605719968215  0.0004392407847089975
118  -2.5453703422024083  0.0004354040339470574
119  -2.5453740021727307  0.00043396676696241923
120  -2.5453796204428962  0.0004317604774276757
121  -2.5453823528124557  0.00043068747841079873
122  -2.5453836097289146  0.00043019388847161127
123  -2.5453852050837966  0.00042956739407447493
124  -2.5453880297990366  0.00042845813099369196
125  -2.5453932490042583  0.00042640855389589993
126  -2.5453960737228973  0.0004252992894803097
127  -2.5454035537725415  0.0004223618808540004
128  -2.545407858301046  0.00042067149646303893
129  -2.545413211259314  0.0004185693946669192
130  -2.5454248981779672  0.0004139799524438903
131  -2.5453768083863353  0.0004328647694568422
132  -2.5454296351588894  0.000412119744385725
133  -2.5454343312827374  0.00041027558086306656
134  -2.545436710465677  0.00040934127790751235
135  -2.5454377530512433  0.00040893185551302443
136  -2.545439637237084  0.0004081919374636382
137  -2.5454420266267124  0.00040725362635075425
138  -2.545444422227839  0.00040631287598814214
139  -2.545449043354482  0.00040449816379914866
140  -2.5454532730638153  0.00040283716082805125
141  -2.545460602303962  0.00039995897495285674
142  -2.545462949384005  0.00039903727877538996
143  -2.5454660348867857  0.00039782560466677887
144  -2.5454681522215887  0.0003969941292339754
145  -2.545469563319183  0.0003964399925044954
146  -2.5454735017250005  0.0003948933841566173
147  -2.545477503237155  0.00039332199400813234
148  -2.5454811460613493  0.0003918914602922431
149  -2.545487049174438  0.0003895733132031988
150  -2.5454892315830993  0.00038871628332599753
151  -2.545493215132084  0.0003871519472977261
152  -2.5454936175834835  0.00038699390500278585
153  -2.5454981255496407  0.000385223630832504
154  -2.545498791296179  0.000384962192778253
155  -2.5454995015651707  0.0003846832707974841
156  -2.5455009094729615  0.0003841303867009221
157  -2.5455044527497606  0.0003827389451557196
158  -2.5455079596561925  0.0003813617862203029
159  -2.5455147003099183  0.00037871473769211003
160  -2.5455192214518383  0.00037693928941191394
161  -2.545522679431685  0.00037558134390149956
162  -2.545524284172055  0.00037495116383186696
163  -2.545527426329093  0.00037371724164861987
164  -2.545529893743487  0.00037274829028187244
165  -2.5455323692344556  0.0003717761672517276
166  -2.545535010062489  0.00037073911650801475
167  -2.545539149138365  0.000369113705212499
168  -2.545546634389821  0.00036617425383944516
169  -2.545554820570402  0.00036295954824268215
170  -2.54556131587571  0.0003604088478127701
171  -2.5455666295957196  0.00035832215484469946
172  -2.545569587643367  0.00035716053224999454
173  -2.545571620383474  0.00035636227707650626
174  -2.5455737015172533  0.00035554501775256697
175  -2.5455761795901015  0.00035457188082067457
176  -2.5455793400811455  0.00035333075888998444
177  -2.545585950053729  0.00035073502872638853
178  -2.545588299047154  0.00034981258116543334
179  -2.545590367307505  0.00034900037722488775
180  -2.545593457162356  0.00034778699406228214
181  -2.5455963536998283  0.00034664952645688376
182  -2.5455980331274737  0.00034599001676275743
183  -2.545600549153937  0.0003450019754811397
184  -2.5456048146471186  0.0003433269202256639
185  -2.5456051236448136  0.00034320557711459566
186  -2.545608382708934  0.0003419257456273356
187  -2.5456131706419822  0.00034004552871605057
188  -2.5456159291534743  0.00033896226378624046
189  -2.5456176096014316  0.0003383023534165934
190  -2.5456187083160633  0.0003378708891896681
191  -2.5456194311814135  0.00033758702063043527
192  -2.5456222471251757  0.0003364812021009163
193  -2.545623869163785  0.0003358442290286013
194  -2.5456263978627964  0.0003348512112488861
195  -2.5456284832921443  0.0003340322650590278
196  -2.545629196256269  0.0003337522847020025
197  -2.5456298265956  0.0003335047510255784
198  -2.5456308714371594  0.0003330944427046443
199  -2.545632124873602  0.0003326022193646524
200  -2.5456342924076836  0.00033175103072127543
201  -2.5456336134750153  0.0003320176469566551
202  -2.5456349762439334  0.00033148248885392763
203  -2.5456354769087564  0.00033128587823772284
204  -2.5456360623081298  0.00033105599244135357
205  -2.545636614554693  0.00033083912572313495
206  -2.545637646126117  0.000330434028572113
207  -2.545638740901726  0.00033000411119585765
208  -2.5456399745320724  0.0003295196656917021
209  -2.545642734648659  0.00032843577044266786
210  -2.545643621067197  0.00032808767469691934
211  -2.545645358600568  0.0003274053469377224
212  -2.5456463233353954  0.000327026496456849
213  -2.545647083805107  0.0003267278606994255
214  -2.545648603751637  0.00032613097909287475
215  -2.5456504365327697  0.0003254112476251331
216  -2.545652646136341  0.0003245435383317953
217  -2.5456546813979317  0.0003237442929740652
218  -2.545658042027788  0.00032242457671561594
219  -2.5456629293575177  0.00032050532681876146
220  -2.5456667014196848  0.00031902404146964564
221  -2.545668973204349  0.00031813191371812355
222  -2.545670532256555  0.00031751967534850633
223  -2.545671602987999  0.0003170992000937201
224  -2.545673436864944  0.0003163790383014828
225  -2.5456753025707064  0.0003156463773618969
226  -2.5456785927028838  0.0003143543454771765
227  -2.5456800547951084  0.0003137801832032077
228  -2.545684987915839  0.0003118429512224012
229  -2.5456875916732336  0.0003108204580845828
230  -2.5456902689349667  0.0003097690998604891
231  -2.5456931165197014  0.0003086508559501219
232  -2.5456957723483864  0.00030760791446438426
233  -2.545696900661078  0.0003071648271064757
234  -2.545698365905065  0.00030658942713830407
235  -2.5457007869448565  0.00030563868703549995
236  -2.5457047452455503  0.00030408426598792394
237  -2.545708662541906  0.000302545947306284
238  -2.5457119542673747  0.0003012532897375424
239  -2.5457127740713736  0.0003009313534599982
240  -2.5457142017272147  0.00030037071432221563
241  -2.5457150530146313  0.00030003641453547127
242  -2.5457170535417992  0.0002992508093537148
243  -2.545719930954509  0.00029812085202487727
244  -2.5457195579665965  0.00029826732403562267
245  -2.545721934457803  0.0002973340781211687
246  -2.5457247455249505  0.00029623017463375155
247  -2.545725611829927  0.0002958899774649527
248  -2.545726612453781  0.00029549703339636215
249  -2.5457270797315514  0.0002953135338450847
250  -2.545728473721275  0.00029476611536070885
251  -2.5457290223951183  0.0002945506516463132
252  -2.545729811944315  0.00029424059640181745
253  -2.5457310524444647  0.00029375345313217805
254  -2.5457321899241205  0.00029330676591589463
255  -2.545733550178987  0.000292772595078935
256  -2.545733229376559  0.00029289857389788704
257  -2.545734147776667  0.00029253791901885786
258  -2.5457347098929257  0.0002923171764801905
259  -2.5457351224425695  0.0002921551686139229
260  -2.5457359279702145  0.0002918388386474361
261  -2.5457369093236193  0.0002914534620665646
262  -2.545738809467011  0.00029070727750161876
263  -2.5457383291164786  0.0002908959107145226
264  -2.545739967042066  0.0002902526988403792
265  -2.5457413477502344  0.0002897104960106168
266  -2.5457422176475806  0.00028936888812160905
267  -2.5457433577205033  0.0002889211825317818
268  -2.5457446184840338  0.0002884260818511294
269  -2.5457466525859456  0.0002876272918982853
270  -2.5457490988239293  0.0002866666564884568
271  -2.5457512741337984  0.0002858124143004418
272  -2.5457536259580213  0.0002848888550877829
273  -2.545756290355038  0.00028384254882600707
274  -2.545758305535581  0.00028305118927736086
275  -2.54576189292131  0.00028164242619591474
276  -2.5457657128641826  0.0002801423381376698
277  -2.545768195851821  0.0002791672711722936
278  -2.5457701261351953  0.0002784092506637194
279  -2.5457723601146807  0.0002775319689712691
280  -2.545774756443995  0.0002765909326500032
281  -2.545778602140763  0.0002750807310608351
282  -2.545783502074301  0.000273156531660067
283  -2.5457426622428927  0.0002891942959508115
284  -2.5457866214236935  0.00027193156601810873
285  -2.5457946873887427  0.0002687640689502704
286  -2.5457960417106444  0.0002682322279831341
287  -2.545800770757994  0.00026637513543159065
288  -2.545801841960831  0.00026595447506132296
289  -2.5458038769596514  0.00026515533289322876
290  -2.5458100313696557  0.00026273850173614714
291  -2.545806182743555  0.0002642498536716065
292  -2.5458141996370327  0.00026110162696491035
293  -2.545822201975406  0.00025795911603428053
294  -2.5458292493898655  0.000255191602847661
295  -2.5458323001356638  0.0002539935777742095
296  -2.5458359734642113  0.000252551065026805
297  -2.5458377171487196  0.0002518663217216086
298  -2.545841004157345  0.0002505755164529232
299  -2.545846972566133  0.0002482317278026408
300  -2.5458487104714886  0.0002475492539654074
301  -2.5458546994168536  0.00024519740062024174
302  -2.54585699738343  0.000244294991255844
303  -2.545859586947632  0.00024327807177182154
304  -2.545862896345306  0.00024197847434421764
305  -2.545864091344185  0.0002415091993818184
306  -2.545866885169315  0.000240412066818876
307  -2.5458678095730196  0.00024004905433292376
308  -2.5458693350561443  0.00023944999851070357
309  -2.545870343276871  0.00023905407115727245
310  -2.5458713970189923  0.00023864026759378877
311  -2.5458719522215323  0.00023842224006619657
312  -2.545872382886893  0.0002382531181745276
313  -2.545872977371662  0.00023801966455167013
314  -2.545873675887207  0.00023774535813861158
315  -2.5458747818783536  0.00023731103643094892
