0  -0.2443827092507899  0.9040311344941685
1  -0.34456001450622376  0.8646915987133069
2  -0.9793018740467611  0.6154290533559973
3  -1.3181151756955207  0.48237738093121657
4  -1.4878930935819472  0.41570574848449554
5  -1.6733945351953246  0.34285950270913274
6  -1.7981572827453105  0.29386528631604353
7  -2.0220469378719574  0.20594402434596523
8  -2.1535053045172834  0.15432044448273155
9  -2.219061018524091  0.12857677579215396
10  -2.2685016053170384  0.10916150275991751
11  -2.30408271997859  0.09518883170650924
12  -2.3240763702337364  0.08733734361150773
13  -2.3349681320662414  0.08306015874180178
14  -2.3484503478582086  0.07776570498103223
15  -2.361861231257299  0.07249926338544083
16  -2.3809743329684414  0.06499356589506083
17  -2.398837032923602  0.05797890002600945
18  -2.40985152978785  0.05365351722204568
19  -2.429134571080326  0.046081084614131844
20  -2.4445226360575294  0.04003820562846379
21  -2.458113849068347  0.034700948759943895
22  -2.4637239728656644  0.03249785829652128
23  -2.4725809158253664  0.029019744929588295
24  -2.4818555614925617  0.025377600092999664
25  -2.4896320627447723  0.022323775192427567
26  -2.4935271339637493  0.020794184301584202
27  -2.4966244451100734  0.01957787305868748
28  -2.4979372493292247  0.01906233604737657
29  -2.5009064436894946  0.01789633614871356
30  -2.5018710693923008  0.017517528521038578
31  -2.5038126298865455  0.016755079497886138
32  -2.5048230591302074  0.016358284861778573
33  -2.5066615593092934  0.015636307529748587
34  -2.5084624155310555  0.014929112945191145
35  -2.5100098331889904  0.014321443451915732
36  -2.511305059914406  0.01381280910625338
37  -2.512138667443853  0.013485452194942467
38  -2.5129206803903976  0.013178356428957816
39  -2.513746811630581  0.012853935449575261
40  -2.5141782938786394  0.012684492766993322
41  -2.5146621528950694  0.012494481775569612
42  -2.515292962703021  0.012246763343260513
43  -2.516199443701953  0.011890789087402626
44  -2.516717270363933  0.011687439032763931
45  -2.517204639443687  0.011496049642696186
46  -2.5175516742540482  0.01135976939134979
47  -2.517808039429419  0.011259095022402205
48  -2.518146563045698  0.01112615710915613
49  -2.5185295043762337  0.010975776400310215
50  -2.5188921523270946  0.0108333648830272
51  -2.5187655651629837  0.01088307554612842
52  -2.5191388446780234  0.01073648902335537
53  -2.5194651777358548  0.010608338331217057
54  -2.5199007347673756  0.010437295484911388
55  -2.5203114530405775  0.010276006796188146
56  -2.520746757904962  0.010105062975685416
57  -2.521155704666396  0.00994446995800649
58  -2.5213360236641726  0.00987365885316683
59  -2.521573639409071  0.009780347368348052
60  -2.5217607007937874  0.009706888534348646
61  -2.521952304804137  0.009631645815434665
62  -2.5223273301683244  0.009484373699304445
63  -2.522621279161637  0.009368940199564371
64  -2.52281738521401  0.009291929532881944
65  -2.523260012531053  0.009118110191944289
66  -2.5234577586048497  0.009040455490354865
67  -2.523930724718533  0.008854722131836731
68  -2.5248647986360804  0.008487912162177222
69  -2.524256362332255  0.008726844539961556
70  -2.525620314522007  0.008191221767565007
71  -2.5255022765602733  0.008237575166743467
72  -2.526137034475835  0.007988306316201402
73  -2.526932854174456  0.007675788651355149
74  -2.5273843338302195  0.007498493005131154
75  -2.5278868232652494  0.007301165865431626
76  -2.5283011414757777  0.007138463484626109
77  -2.5286072607271133  0.007018250735736313
78  -2.52888304880147  0.006909949012192982
79  -2.5291589405449204  0.0068016065778917344
80  -2.5296093884617865  0.006624716094585313
81  -2.529863306805639  0.006525002594128032
82  -2.530240213270644  0.0063769917714342605
83  -2.5305138047580367  0.006269552645574516
84  -2.530789805899551  0.006161167250754019
85  -2.531483986830284  0.005888563036722477
86  -2.5318826139263555  0.005732022542154917
87  -2.533452908576821  0.005115369274920723
88  -2.53300047678893  0.005293038822556789
89  -2.5346999112346316  0.004625672476322618
90  -2.535371461940119  0.004361955130963538
91  -2.53632354312262  0.003988073724892756
92  -2.540411000577171  0.0023829329360080297
93  -2.54589407318067  0.00022973535972649396
94  -2.5349221410116978  0.004538403046942606
95  -2.550170972289949  0.0014497989930054508
96  -2.509410397209148  0.014556841410736956
97  -2.5566751560220116  0.004003985971786183
98  -2.562697382811425  0.00636890890177021
99  -2.5714565690835336  0.009808633307255411
100  -2.57904586752276  0.012788943835077221
101  -2.5849776331381893  0.015118342745108329
102  -2.5885926523963994  0.016537957488130625
103  -2.59328705958952  0.01838144688198903
104  -2.590924188480233  0.01745354956719953
105  -2.600170848133873  0.02108470432196452
106  -2.6089931349364344  0.024549208247813228
107  -2.6147030356861554  0.026791481028819522
108  -2.6232311580456837  0.030140466848020672
109  -2.6296474205450386  0.0326601272394553
110  -2.6379492457858724  0.03592024638795402
111  -2.64371274623777  0.03818356772278441
112  -2.6475580597133592  0.039693618793491994
113  -2.6459836297566377  0.03907534159528849
114  -2.6514083587891517  0.04120562770482115
115  -2.654933371686348  0.042589897032526344
116  -2.656499336954167  0.04320485015517089
117  -2.6595732006724915  0.04441195361462396
118  -2.662236061818076  0.04545765674118623
119  -2.6652779755917653  0.04665221348672069
120  -2.667088605981293  0.04736324637798396
121  -2.668922335326152  0.048083350207794154
122  -2.6701813925612035  0.048577780827805006
123  -2.671358603948692  0.04904007065863707
124  -2.6721815484686724  0.04936324021592234
125  -2.673142001721647  0.04974040932638008
126  -2.673746569832626  0.049977822668385775
127  -2.6746189124355064  0.050320390807463616
128  -2.675342779069449  0.050604652569885236
129  -2.6759865582450857  0.0508574640609745
130  -2.676577436821267  0.05108950153523641
131  -2.6769228944952137  0.051225162446561
132  -2.6776047261073472  0.051492917094519
133  -2.6778409775108174  0.051585692803711766
134  -2.678122761724554  0.05169634920568341
135  -2.6781362550419905  0.05170164801904971
136  -2.6782603516397296  0.05175038063902381
137  -2.6784544798204077  0.05182661459730794
138  -2.6786342250063653  0.051897200366773234
139  -2.6787834074244796  0.05195578416537233
140  -2.6789361216080527  0.05201575488502386
141  -2.679070193730315  0.05206840488431773
142  -2.679168761045446  0.0521071121784551
143  -2.6792609229324595  0.05214330406685295
144  -2.6793636397398677  0.05218364086279715
145  -2.6794917795565247  0.05223396125112741
146  -2.6796425347945556  0.052293162694663414
147  -2.679790000975328  0.05235107252843432
148  -2.6799392313911743  0.05240967517569871
149  -2.6800180646766982  0.05244063293453125
150  -2.6800713994684897  0.05246157745829036
151  -2.680108225307067  0.05247603893128242
152  -2.6801464367864294  0.0524910445441384
153  -2.680222743012674  0.05252100992911262
154  -2.68025024969525  0.052531811778100665
155  -2.68031856508582  0.052558639169243505
156  -2.6803413171761914  0.05256757389423903
157  -2.680371739481259  0.052579520705502224
158  -2.6804318223191075  0.05260311518075119
159  -2.680395293118036  0.0525887701970352
160  -2.68046066988402  0.052614443593001534
161  -2.680507097417209  0.052632675642650416
162  -2.6805328003209845  0.05264276914936007
163  -2.68055787567278  0.0526526162169834
164  -2.680578241258863  0.0526606137639364
165  -2.6806072167840536  0.052671992426070555
166  -2.6806296300347934  0.05268079408905396
167  -2.68070180725386  0.052709138016701074
168  -2.680691588552057  0.05270512514188673
169  -2.6807376803089706  0.05272322533250067
170  -2.680778785081391  0.05273936713888363
171  -2.6808081851874634  0.05275091253354008
172  -2.680837881656714  0.05276257430974455
173  -2.6808733225479013  0.05277649191516832
174  -2.6809013960404746  0.05278751634992192
175  -2.6809284878320696  0.052798155271602844
176  -2.680948822851474  0.05280614081504926
177  -2.680965156758091  0.05281255512517832
178  -2.68098063722903  0.05281863429190029
179  -2.6809926596435587  0.05282335548304556
180  -2.681006299777809  0.052828711951239817
181  -2.6810161771068555  0.05283259076928608
182  -2.6810381691742524  0.052841227033957515
183  -2.681043914731289  0.052843483308929545
184  -2.681056708232967  0.05284850730529022
185  -2.6810626283463717  0.052850832128387856
186  -2.681068974576842  0.05285332428726586
187  -2.6810806962029576  0.05285792735907743
188  -2.681076669684819  0.052856346149102014
189  -2.681087499935436  0.05286059917857378
190  -2.6810940695667425  0.05286317906675495
191  -2.681098678847299  0.05286498912699672
192  -2.681103282785969  0.052866797089484746
193  -2.6811074660457543  0.052868439851760915
194  -2.6811104370920518  0.052869606578913604
195  -2.6811122580095335  0.05287032165153651
196  -2.6811166361898464  0.05287204095892492
197  -2.6811228794611397  0.052874492685828584
198  -2.6811212042877686  0.05287383484678406
199  -2.6811253544757774  0.052875464621803994
200  -2.6811287676812947  0.0528768049844763
201  -2.681131624920403  0.05287792701965037
202  -2.681135090278149  0.05287928786245485
203  -2.6811396382533093  0.052881073848123954
204  -2.681142464956274  0.05288218389178238
205  -2.6811449549062623  0.052883161692856305
206  -2.6811466455770883  0.052883825617737135
207  -2.6811479688352438  0.052884345259999646
208  -2.6811496568072504  0.05288500812505658
209  -2.681151638377839  0.05288578628600701
210  -2.6811532723699956  0.05288642795322644
211  -2.6811565881707247  0.052887730065127855
212  -2.681151481016673  0.05288572449042167
213  -2.6811585251698795  0.052888490722917215
214  -2.6811627500450905  0.052890149827532866
215  -2.6811665954501938  0.052891659914585665
216  -2.6811688174674004  0.052892532498702245
217  -2.6811728158186683  0.052894102647573445
218  -2.6811770603139444  0.05289576945697066
219  -2.6811817050236026  0.0528975934301882
220  -2.6811840681299826  0.05289852141989355
221  -2.6811859323382103  0.05289925349275269
222  -2.6811871589975236  0.052899735200738554
223  -2.6811896694547768  0.052900721054996526
224  -2.681192198377938  0.052901714160799584
225  -2.6811911403572752  0.052901298677056945
226  -2.681193449559699  0.05290220549872829
227  -2.6811946736448435  0.0529026861958404
228  -2.6811959120232673  0.05290317250591022
229  -2.6811973056537597  0.05290371978332479
230  -2.6811988780560694  0.05290433726426787
231  -2.681201960667485  0.052905547802939955
232  -2.681203723573388  0.0529062400944692
233  -2.6812035627992845  0.05290617695862644
234  -2.68120516062027  0.05290680442146009
235  -2.681207193922928  0.0529076028975468
236  -2.681208632651035  0.05290816788475318
237  -2.6812115055350114  0.05290929606365258
238  -2.6812140636553425  0.05291030063515748
239  -2.6812160272806946  0.05291107174903005
240  -2.6812171196124575  0.05291150070671022
241  -2.6812182567081204  0.05291194724313287
242  -2.681219698172504  0.05291251330487254
243  -2.6812209399795117  0.05291300096134418
244  -2.6812216212913658  0.05291326851188362
245  -2.6812224675413585  0.05291360083347865
246  -2.6812233205647478  0.05291393581498029
247  -2.6812233173502293  0.05291393455264185
248  -2.6812238589973236  0.05291414725695838
249  -2.681224495801676  0.052914397329442774
250  -2.6812248402339622  0.05291453258768529
251  -2.6812255377708816  0.052914806509792967
252  -2.681226395783478  0.052915143450551705
253  -2.6812267519486706  0.05291528331629571
254  -2.681227994802851  0.05291577138399107
255  -2.681228526419193  0.05291598014924041
256  -2.681229228256337  0.052916255760042344
257  -2.6812288538201825  0.052916108719308304
258  -2.681229674093683  0.05291643083995876
259  -2.6812303736932286  0.052916705572057805
260  -2.681231239450095  0.05291704555398413
261  -2.6812319446909503  0.05291732250142046
262  -2.6812315143231475  0.052917153496379536
263  -2.6812322851184245  0.05291745618697697
264  -2.6812329417430587  0.052917714042867846
265  -2.6812336576165374  0.052917995165725554
266  -2.681234830291175  0.05291845567397879
267  -2.6812363594833792  0.0529190561863532
268  -2.6812356784545295  0.052918788746949295
269  -2.681237171529285  0.05291937507603464
270  -2.6812386492994524  0.05291995539502241
271  -2.681239472434696  0.05292027863947665
272  -2.681240380218008  0.05292063512514969
273  -2.6812412713075084  0.05292098505517821
274  -2.6812422174445585  0.052921356602328926
275  -2.6812431278989095  0.0529217141369165
276  -2.6812435935758128  0.05292189700780878
277  -2.6812440193580818  0.05292206421211482
278  -2.6812447299328923  0.052922343254190395
279  -2.6812454458908586  0.05292262441022628
280  -2.6812457859242618  0.05292275794103146
281  -2.681246498718376  0.052923037854625626
282  -2.681246166268449  0.05292290730184453
283  -2.6812469039095275  0.05292319697281866
284  -2.681247337058163  0.052923367069890107
285  -2.6812477759733992  0.052923539431500286
286  -2.681248578730814  0.05292385467359989
287  -2.681249476138335  0.05292420708470937
288  -2.6812497115071388  0.05292429951382239
289  -2.6812504040770313  0.0529245714853832
290  -2.6812505793056265  0.052924640297491624
291  -2.6812508800565795  0.0529247584021147
292  -2.681251197587447  0.052924883096194725
293  -2.681251638972812  0.052925056427822297
294  -2.681252005299899  0.05292520028413292
295  -2.6812525682808945  0.0529254213662529
296  -2.6812531388163414  0.05292564541499897
297  -2.681253857213926  0.05292592752907071
298  -2.6812541563122534  0.052926044984709236
299  -2.681254430414104  0.052926152624254236
300  -2.6812548009107777  0.05292629811795781
301  -2.6812552796736373  0.052926486127693115
302  -2.681256083103276  0.05292680163377449
303  -2.681257064439629  0.05292718700365917
304  -2.68125761775364  0.05292740428956303
305  -2.6812573867306595  0.05292731356705081
306  -2.6812584379760307  0.052927726390142725
307  -2.68125988670022  0.052928295302801576
308  -2.6812609647600865  0.052928718655921074
309  -2.6812623775621027  0.052929273461975485
310  -2.6812641787436178  0.052929980784302416
311  -2.681264487206955  0.05293010191757163
312  -2.681267198682479  0.05293116671152
313  -2.6812680022317568  0.05293148226458348
314  -2.681269560149661  0.05293209405751375
315  -2.6812708900013087  0.05293261628903469
316  -2.6812727620797627  0.05293335145252445
317  -2.681273700873293  0.05293372011588177
318  -2.681274388963558  0.05293399032829687
319  -2.6812719377452456  0.05293302773711658
320  -2.681274773347483  0.05293414127551129
321  -2.681275269481002  0.05293433610668849
322  -2.6812769371624428  0.052934991003658914
323  -2.6812776107464997  0.052935255519499534
324  -2.681278907872402  0.05293576489965019
325  -2.681279487178801  0.05293599239274104
