2             125                0.065
3             189                  0.041
4            249                  0.0267
5           313             0.0200
6            373              0.0156
7           437               0.0133
8             497               0.012097
9             561               0.008275
10            621              0.007931
11             685             0.0071
12            745            0.0053997
13             809           0.004953
14            869             0.0041057
