2 248 0.03939021252626462
3 552 0.019594213803530568
4 976 0.004228013010352683
5 1520 0.002986567820969566
6 2184 0.0019842699076348057
7 2968 0.0011921568590441758
8 3872 0.00014353968057535614
9 4896 0.00010695323462542284
10 6040 6.942503616527601e-05
11 7304 4.6637166765839894e-05
12 8688 3.748657420760285e-05
13 10192 2.7983514518495368e-05
14 11816 1.8199156617088232e-05
15 13560 1.1402117824323164e-05
16 15424 4.117857474123998e-06
17 17408 3.2219606975879987e-06
18 19512 2.2301585132933563e-06
19 21736 1.2407258206125402e-06
#20 24080 5.18631571573455e-07
#21 26544 4.2725024405744975e-07
#22 29128 3.341994691264358e-07
#23 31832 2.2708573811902057e-07
#24 34656 1.5748734729907426e-07
#25 37600 1.3668206289882048e-07

