#2 159.0 0.1364959048683408
#4 649.0 0.02702036865381234
#6 1437.0 0.018055471307161834
#8 2533.0 0.011331842792406994
10 3899.0 0.0072694633384435435
12 5505.0 0.0050117349038644
14 7407.0 0.0037349268401759292
16 9605.0 0.002750960511863435
18 12137.0 0.0019646813858503463
20 14701.0 0.0011688010574584296
22 17537.0 0.0009243856022985593
24 20645.0 0.0007105954056480079
26 24025.0 0.0005598513062135177
28 27677.0 0.00044818109677127407
30 31601.0 0.00034872571613760395
32 35797.0 0.00026661384484000125

