0  1.5125539304355051  
1  1.037489022835173  
2  1.405329116559297  
3  0.9934580817848409  
4  0.9906134322209161  
5  1.00903549936738  
6  0.9767788560161643  
7  1.218730245970032  
8  0.8167876390413995  
9  1.0850639522997003  
10  0.877959271742766  
11  0.8167876390413995  
12  0.8812567430971381  
13  0.7570217905039581  
14  1.4677302917438868  
15  0.883043753955212  
16  0.47509351499236496  
17  0.2933921367487293  
18  0.5149230609741335  
19  0.12235880777598718  
20  0.10589021557064426  
21  0.09888522515075815  
22  0.09306997689728957  
23  0.09021779198402036  
24  0.08853567233789494  
25  0.08843142901204915  
26  0.0882761237660179  
27  0.08815674823756225  
28  0.08768928858495872  
29  0.08717571767396182  
30  0.08679131128768902  
31  0.08647946810431151  
32  0.08593764586588493  
33  0.08524591982126029  
34  0.0845434900045694  
35  0.08373536260951897  
36  0.08279349007202796  
37  0.09485048375900962  
38  0.08261935791729291  
39  0.08214482002942924  
40  0.0809561893360955  
41  0.07711901300775748  
42  0.6748015491717293  
43  1.328508242389825  
44  0.07645645963868009  
45  0.07455089164819584  
46  0.07409371173892731  
47  0.07240318216266561  
48  0.06831440959207513  
49  0.058822837889819235  
50  0.05419505997033425  
51  0.044495563880084354  
52  0.03645370858649821  
53  0.03172929700625682  
54  0.025480841729860648  
55  0.0202607591279913  
56  0.018107565563581396  
57  0.017480738324276546  
58  0.017159141301350767  
59  0.01657705140304344  
60  0.01621083831943948  
61  0.015721368729167295  
62  0.015110486894786668  
63  0.014867494744338128  
64  0.014345313500533807  
65  0.014174224234504207  
66  0.013784224155853675  
67  0.01367384248082204  
68  0.013646618611378836  
69  0.01362519996589917  
70  0.013580935354210233  
71  0.013529946525598024  
72  0.013500070367432837  
73  0.013424862993935305  
74  0.013379667096316883  
75  0.01331162562803101  
76  0.013260401349430628  
77  0.013234942275837325  
78  0.013211436791913167  
79  0.013188530513656316  
80  0.013131322723373362  
81  0.013112982914834204  
82  0.013095376350254151  
83  0.013093467730074249  
84  0.013092981556766636  
85  0.013092448984977079  
86  0.013091763693224623  
87  0.013090327669630142  
88  0.013090250131024384  
89  0.013089421305318316  
90  0.013087547404594835  
91  0.013085773631611675  
92  0.013084525581187556  
93  0.013083081809162511  
94  0.013080793148175784  
95  0.013081103928735516  
96  0.013079209316299467  
97  0.013077581794032511  
98  0.013076914151334273  
99  0.013076610071756534  
100  0.01307621085878452  
101  0.013075793165707283  
102  0.013075507448467416  
103  0.013075268627244174  
104  0.01307486358264498  
105  0.01307436261180639  
106  0.013073487820508989  
107  0.013072501938736103  
108  0.013072555163386124  
109  0.013072038850443723  
110  0.013071539857383518  
111  0.013070957195914445  
112  0.013070386214244945  
113  0.013069911420793723  
114  0.01306889998611327  
115  0.013068678688522128  
116  0.013068509468251222  
117  0.013068347923828272  
118  0.013068128472641494  
119  0.013067871097052874  
120  0.013067667121955617  
121  0.013067537286643338  
122  0.013067178404241764  
123  0.01306686441194782  
124  0.013066510041743529  
125  0.013066402794888354  
126  0.013066378072341456  
127  0.01306636420945817  
128  0.013066358600541506  
129  0.013066344914456574  
130  0.013066329382832143  
131  0.013066359944786887  
132  0.013066318848626857  
133  0.013066294344208584  
134  0.013066280694502774  
135  0.013066273219685565  
136  0.013066265806960908  
137  0.013066255739679677  
138  0.013066246211301147  
139  0.013066240869309187  
140  0.013066237654399293  
141  0.013066235859657382  
142  0.013066234250545428  
143  0.013066230637811982  
144  0.013066229418740694  
145  0.013066227972885702  
146  0.013066226744347986  
147  0.013066225931287256  
148  0.013066225366615836  
149  0.01306622500676946  
150  0.01306622492985543  
