0  1.1621241677498186  
1  0.7858677710395068  
2  0.6745188736131608  
3  0.6063837083455954  
4  0.5684571558589625  
5  0.47795562047438367  
6  0.4658277802009727  
7  0.3882799887274608  
8  0.27549003306421566  
9  0.2802312758029215  
10  0.1493316425309007  
11  0.17732567239567665  
12  0.11236858962557306  
13  0.07219713814097173  
14  0.05401412902113667  
15  0.030282279543311974  
16  0.027870399921572586  
17  0.02468528478977494  
18  0.019247085525466612  
19  0.014242496046229847  
20  0.008903690904814132  
21  0.007810889676671096  
22  0.005559892572802871  
23  0.004466229841096903  
24  0.0034914678203263882  
25  0.003294919857265599  
26  0.0031222881729815466  
27  0.002860259211550531  
28  0.0023999516830750522  
29  0.0027568056266316088  
30  0.0022603445695388302  
31  0.002021729738151068  
32  0.0019365162519031642  
33  0.0018667339458702248  
34  0.0018536412803522584  
35  0.001779465484906817  
36  0.0017127529053062585  
37  0.0017178819200742712  
38  0.0016587570148078878  
39  0.0015541091759248005  
40  0.0014880016960321374  
41  0.0014065535494656167  
42  0.001354369964590152  
43  0.0013355087687070277  
44  0.0013124381446734112  
45  0.0013018967412599114  
46  0.001314050434679137  
47  0.0012941694908112922  
48  0.0012834294848114158  
49  0.0012765549978013269  
50  0.0012719652592201314  
51  0.0012670280600799444  
52  0.0012644191105493086  
53  0.0012582790909463348  
54  0.0012517299869680976  
55  0.0012377863164947378  
56  0.0012094732954930354  
57  0.00118012739830764  
58  0.0012459037852472488  
59  0.0011489657142300658  
60  0.001120531526141777  
61  0.00109931270482444  
62  0.0010887445747254088  
63  0.0010724653117060168  
64  0.0010565175617218703  
65  0.0010264306391247757  
66  0.0009973642783127623  
67  0.000966938104970172  
68  0.0009363974230522931  
69  0.0009071732876111405  
70  0.0010346786998316482  
71  0.0008967773279984215  
72  0.0008734611404312975  
73  0.0008559017102343081  
74  0.0008373674077630788  
75  0.0008124766310639853  
76  0.0007883355427646954  
77  0.0007569507019142829  
78  0.0007430574449236449  
79  0.0007251013916851345  
80  0.0007134939655795147  
81  0.0006892575136272505  
82  0.0006406036378421298  
83  0.0006975151575920879  
84  0.0006254686709585844  
85  0.0006099454074803834  
86  0.0006022031113948056  
87  0.0005823835681124656  
88  0.000574613232423804  
89  0.0005684190068822037  
90  0.0005667247113296803  
91  0.0005644255758643357  
92  0.0005619568832639921  
93  0.0005602821380981116  
94  0.0005574553346807676  
95  0.000553745680088813  
96  0.0005464530598537909  
97  0.0005489342009090681  
98  0.0005430758451729911  
99  0.0005390304032426574  
100  0.0005365108378962979  
101  0.0005356455920044745  
102  0.000531403399611996  
103  0.0005297788120912639  
104  0.0005257482026184146  
105  0.0005240229575103061  
106  0.0005230617026461548  
107  0.0005218598952363429  
108  0.000519630640626545  
109  0.0005190341691903022  
110  0.0005139971212191341  
111  0.0005105819706716641  
112  0.0005065428793997739  
113  0.0005001924118634982  
114  0.0005177567768397395  
115  0.0004977059631185998  
116  0.0004946487844443848  
117  0.0004919042747044688  
118  0.0004888992306377737  
119  0.00048421966208178624  
120  0.0004719396458972014  
121  0.0004691899003268496  
122  0.0004626782208665414  
123  0.00045593995273862653  
124  0.0004525851641055123  
125  0.00044762968133738035  
126  0.00044204103163392183  
127  0.0004383476184435242  
128  0.000443643533477589  
129  0.0004362692680541791  
130  0.00043349275680903965  
131  0.00042893722300396675  
132  0.0004238935457272497  
133  0.00041407887192335124  
134  0.00041139815153568016  
135  0.0003978315493167184  
136  0.00039452424534980324  
137  0.0003915968863283936  
138  0.00038845414232691056  
139  0.00038262071773154105  
140  0.0003872691633186598  
141  0.0003799456855992922  
142  0.00037649726803246075  
143  0.0003769917055023164  
144  0.0003753704660800494  
145  0.00037485690215000034  
146  0.0003739189189495562  
147  0.00037179499139239347  
148  0.00036951290664477554  
149  0.00036677922841121813  
150  0.0003638601524300622  
151  0.00036151387792338063  
152  0.00035946739228887026  
153  0.00035734096328088327  
154  0.0003524415900022504  
155  0.0003586353453575164  
156  0.0003507025401099373  
157  0.00034708604103084184  
158  0.0003428854727112185  
159  0.00033994762646316623  
160  0.0003378243589342578  
161  0.00033623838405505424  
162  0.00033194354277710225  
163  0.00032903675101914054  
164  0.0003272231588413721  
165  0.0003261844995683383  
166  0.00032554560699549207  
167  0.00032369115757768796  
168  0.0003222753613580931  
169  0.00032097009515119623  
170  0.0003202353127653712  
171  0.00031943518949062444  
172  0.00031821279736554686  
173  0.00031646981162802845  
174  0.00031536890636307824  
175  0.0003140332331119655  
176  0.0003127345567750517  
177  0.0003113840916204591  
178  0.00031033677678404814  
179  0.0003086507914469294  
180  0.0003085214590894392  
181  0.00030739617368658045  
182  0.000306499556530504  
183  0.0003050996405520312  
184  0.00030289464870469907  
185  0.00030282211308030327  
186  0.000301744909479984  
187  0.0003002244728380621  
188  0.00029903256217922447  
189  0.00029725725065388175  
190  0.00029526082765940487  
191  0.0002933903145587724  
192  0.0002914737833867864  
193  0.0002901153090568709  
194  0.0002896260407168061  
195  0.0002890738674925508  
196  0.0002883243664777435  
197  0.000287930745074938  
198  0.00028657320470348857  
199  0.00028765142131081944  
200  0.0002860174880923161  
201  0.00028511101295380925  
202  0.00028464167703501353  
203  0.00028438188850965496  
204  0.0002842028163083654  
205  0.00028389799796801896  
206  0.00028345733408197127  
207  0.0002830164607936503  
208  0.00028257953007004843  
209  0.00028218639675525736  
210  0.0002817086136852609  
211  0.0002807195607208435  
212  0.00028007244403793763  
213  0.00027952217867954765  
214  0.00027913266335666265  
215  0.0002788708494343428  
216  0.00027815656508978215  
217  0.0002818704568441355  
218  0.00027793035127787746  
219  0.0002772458344726392  
220  0.0002766211010747366  
221  0.00027569748939781924  
222  0.00027486983163860224  
223  0.0002729135738182009  
224  0.00027126712030844935  
225  0.00026973698906740395  
226  0.00026925625534479636  
227  0.00026820691769646743  
228  0.00026794409191688295  
229  0.0002672147153417459  
230  0.0002663098239288342  
231  0.00026544864027155946  
232  0.0002646291037067261  
233  0.00026400433558881886  
234  0.0002634149168834199  
235  0.00026229330975247045  
236  0.00026167413897471015  
237  0.00026137818849081285  
238  0.0002602141348873044  
239  0.00026019543372290954  
240  0.0002596413806874587  
241  0.00025919729112522383  
242  0.0002584439784107939  
243  0.0002576342427527134  
244  0.0002567573051901473  
245  0.00025569289692373154  
246  0.0002546085000338927  
247  0.00025304445816876076  
248  0.00025253433033545214  
249  0.00025181360052606294  
250  0.0002514204974344292  
251  0.00025063060725383224  
252  0.0002497463156108104  
253  0.0002486925734330736  
254  0.0002479858366857268  
255  0.0002472990456414692  
256  0.00024660450936409006  
257  0.0002460299330158122  
258  0.00024484543297909056  
259  0.00024492809627174594  
260  0.0002442065310837016  
261  0.00024356588709428806  
262  0.0002432789075104136  
263  0.00024289323323856138  
264  0.0002425826051575264  
265  0.00024212891552144455  
266  0.0002416533948983446  
267  0.00024121242631802708  
268  0.0002392912666220326  
269  0.00023888740283806165  
270  0.00023814302100610973  
271  0.00023656862170495785  
272  0.00023510404636817306  
273  0.00023413374872705006  
274  0.0002332566352258869  
275  0.00023279824477784317  
276  0.00023247552195293508  
277  0.00023224688815881578  
278  0.0002318038640822806  
279  0.00023150536731786353  
280  0.00023114674933100154  
281  0.00023075512735748482  
282  0.00023028413689196725  
283  0.00022953601114927835  
284  0.00022876848969421992  
285  0.00022799123774075447  
286  0.00022631442925202805  
287  0.00022501922182982526  
288  0.00022410514981618945  
289  0.00022230002083611922  
290  0.00022290193544183268  
291  0.00022169972297780838  
292  0.0002211649496972612  
293  0.00022084525107279873  
294  0.00022040304401094168  
295  0.00021999566960273498  
296  0.00021957633663882703  
297  0.00021915416216611305  
298  0.0002183444294727721  
299  0.00021738191614195657  
300  0.00021612553107819288  
301  0.00021550878633025405  
302  0.00021580185001845997  
303  0.0002151558566978462  
304  0.0002148712043079648  
305  0.0002146832101042051  
306  0.0002142942065694875  
307  0.00021357112706743564  
308  0.00021462841823538525  
309  0.00021324492700758313  
310  0.00021270619592228535  
311  0.0002123314677906496  
312  0.00021209259392640512  
313  0.00021187569312064447  
314  0.00021170295628247793  
315  0.0002113217818644486  
316  0.00021081323994920353  
317  0.000214325998783238  
318  0.00021069951518004615  
319  0.0002103237338368924  
320  0.00021014109202255327  
321  0.00020993690549397925  
322  0.00020981333458092166  
323  0.00020974114480543093  
324  0.00020961722461843024  
325  0.0002095594661097877  
326  0.00020943369153214597  
327  0.0002092607468018315  
328  0.0002093641121825307  
329  0.00020918107278600218  
330  0.000209050533555466  
331  0.00020901368888748273  
332  0.00020898571753491524  
333  0.00020896508750323228  
334  0.00020889479663432908  
335  0.00020884142630284153  
336  0.0002086722871150748  
337  0.00020871293675517322  
338  0.00020853930442887858  
339  0.00020824417362308445  
340  0.0002080033932809755  
341  0.00020783070749330612  
342  0.00020770393825486622  
343  0.00020755409095696287  
344  0.00020726555325367713  
345  0.0002086760951005573  
346  0.00020718895610505328  
347  0.00020700020972941324  
348  0.00020679273823698274  
349  0.0002066261447852824  
350  0.0002065020103507731  
351  0.00020636943705443223  
352  0.0002062660486876755  
353  0.00020610545441268613  
354  0.0002059610812068513  
355  0.00020583140178409565  
356  0.00020563402570239475  
357  0.00020575990320148563  
358  0.00020555287179391257  
359  0.0002054222248548676  
360  0.00020533876934791806  
361  0.00020524041096714463  
362  0.00020506112186113867  
363  0.00020497583081868775  
364  0.00020489543664181653  
365  0.0002048126888583024  
366  0.00020473959055511415  
367  0.00020463194577446941  
368  0.00020455284009512908  
369  0.00020452222808531317  
370  0.0002044833599879059  
371  0.00020444538646846588  
372  0.00020437444234167046  
373  0.00020429265912103034  
374  0.00020420944198829005  
375  0.00020418659003640371  
376  0.00020408429893503666  
377  0.00020403352849474032  
378  0.00020395185365784663  
379  0.0002038161133477434  
380  0.00020372221294939763  
381  0.00020344799410709768  
382  0.0002032525311073119  
383  0.00020299970265780232  
384  0.00020271812615590967  
385  0.00020323131629629287  
386  0.000202621781909329  
387  0.00020244390000301316  
388  0.00020233153322068986  
389  0.0002019730974740508  
390  0.0002015538419610774  
391  0.00020094845998452904  
392  0.00020062432891743143  
393  0.00020012741293684577  
394  0.0001999059568218442  
395  0.00019957629261457832  
396  0.0001992669653974044  
397  0.00019910512035981043  
398  0.00019842060873687117  
399  0.00019820823205130012  
400  0.00019790469313019088  
401  0.00019727864096408254  
402  0.0001964933209335218  
403  0.00019912884579942336  
404  0.00019614943819656894  
405  0.00019536841848477593  
406  0.0001948011501731184  
407  0.00019446841493087064  
408  0.00019371227057152218  
409  0.00019299556982921295  
410  0.0001941685594279985  
411  0.00019273633436656112  
412  0.00019233484218306174  
413  0.0001921463369256582  
414  0.0001919698276064974  
415  0.00019164723847375775  
416  0.00019140694782437961  
417  0.00019122399832238735  
418  0.00019117155527892393  
419  0.00019108801473799453  
420  0.00019097143728652455  
421  0.00019078778440873023  
422  0.00019060479022425802  
423  0.00019041454025270355  
424  0.00019023741119239546  
425  0.00018993132495892517  
426  0.00018971505148002166  
427  0.00018959608874458134  
428  0.00018933654708774839  
429  0.00018933061949155672  
430  0.00018924629685357353  
431  0.0001891273074881017  
432  0.00018903796656100091  
433  0.00018885412559610515  
434  0.00018865426955594344  
435  0.0001885081544057421  
436  0.00018843967128345795  
437  0.00018839151760285944  
438  0.00018833858247302437  
439  0.00018819494346833388  
440  0.00018801361843623354  
441  0.00018786370974055444  
442  0.00018768495768450855  
443  0.00018756250207729863  
444  0.00018746771156452624  
445  0.00018726074897412737  
446  0.00018716349436087576  
447  0.000187078630015991  
448  0.0001869559515912389  
449  0.00018679042995506379  
450  0.00018665481524360317  
451  0.00018655375665610485  
452  0.00018646639534991571  
453  0.0001864257966943672  
454  0.0001862815843312049  
455  0.00018612224598579807  
456  0.0001859515119220223  
457  0.00018587310413886726  
458  0.00018575994934311169  
459  0.00018569014461222721  
460  0.00018557712473121768  
461  0.0001854501849412049  
462  0.00018522893189931722  
463  0.00018509997242155407  
464  0.0001849853042299454  
465  0.00018492224210375774  
466  0.00018486803403150454  
467  0.00018479510171087732  
468  0.00018474335378204643  
469  0.00018457764167312263  
470  0.00018460302629375036  
471  0.00018449207536530565  
472  0.00018438258204822588  
473  0.0001843430501320409  
474  0.0001842938497698121  
475  0.00018424660471372256  
476  0.00018418245545004375  
477  0.00018409054436197003  
478  0.0001839610820157933  
479  0.00018377434061789266  
480  0.00018356184647694285  
481  0.00018348579220095473  
482  0.00018328817436885636  
483  0.000183066770036433  
484  0.00018287013703477406  
485  0.0001825955853638206  
486  0.00018232958370290042  
487  0.0001820972141837185  
488  0.0001812827293961039  
489  0.00018121540755444698  
490  0.0001806048569541474  
491  0.00018046084959189024  
492  0.00018010189071016036  
493  0.00017996937945263802  
494  0.00017972748242800485  
495  0.00017940402810423528  
496  0.00017897473126726737  
497  0.00017820497049636508  
498  0.0001765906263291317  
499  0.0001768089114946303  
500  0.00017518114272752072  
501  0.00017629822012010798  
502  0.00017360673994182285  
503  0.000171959965955093  
504  0.0001718557249710262  
505  0.00017146058631412053  
506  0.00017123948833686065  
507  0.0001710849184168861  
508  0.00017052291418062637  
509  0.00017020425348546198  
510  0.00016981265708171378  
511  0.00016914968450620904  
512  0.0001682264226712249  
513  0.00016734197900913905  
514  0.00016638839008109585  
515  0.0001650861918229829  
516  0.0001646737262084308  
517  0.00016417724406903034  
518  0.00016402385703151445  
519  0.00016387577821053156  
520  0.00016380038360064297  
521  0.00016372033425882115  
522  0.00016363437479194332  
523  0.00016356423620811356  
524  0.00016347658730953007  
525  0.0001632589429787501  
526  0.00016298432251438122  
527  0.00016263965410900916  
528  0.00016240308704729145  
529  0.00016228872405377182  
530  0.00016216852056150088  
531  0.00016193069173664476  
532  0.0001617470736938742  
533  0.0001616002039359632  
534  0.00016148418434314138  
535  0.00016143482870378811  
536  0.00016136059011073733  
537  0.00016131833197330359  
538  0.00016120591210944113  
539  0.00016108862551678094  
540  0.00016102825553554467  
541  0.00016086940231141433  
542  0.0001608137142814492  
543  0.00016075483903010834  
544  0.000160868769527589  
545  0.00016072546419598766  
546  0.00016068042451355957  
547  0.0001605952818912737  
548  0.0001605269891056249  
549  0.0001604449379879469  
550  0.0001603289350282644  
551  0.00016018118013416682  
552  0.0001600863726660684  
553  0.00016003822468468876  
554  0.00016000006813277068  
555  0.00015994695719556695  
556  0.00015990964019341192  
557  0.0001598720627025152  
558  0.00015985517575201058  
559  0.00015982211835097182  
560  0.000159805510856037  
561  0.0001597674447697539  
562  0.00015978179642228696  
563  0.00015974650536687562  
564  0.0001597190074371646  
565  0.00015970508727480848  
566  0.00015967964575547278  
567  0.00015964426768699802  
568  0.00015966874687034505  
569  0.000159630335413663  
570  0.0001596110840935694  
571  0.00015959142845489716  
572  0.00015955637106768172  
573  0.00015949458258313065  
574  0.00015940524156698999  
575  0.00015932657157913255  
576  0.00015930134716168887  
577  0.0001592187146621793  
578  0.0001592022771954582  
579  0.00015915149915324278  
580  0.00015911230329179737  
581  0.00015910596308299496  
582  0.00015906804153975607  
583  0.00015905311121988674  
584  0.00015902492280117642  
585  0.0001589920521520849  
586  0.0001595756401442383  
587  0.00015897398549058472  
588  0.00015894278605399492  
589  0.00015891950635982255  
590  0.00015889947781522196  
591  0.00015888444260481194  
592  0.00015884393339571368  
593  0.0001588094486821845  
594  0.00015876215193433296  
595  0.00015873860298998288  
596  0.000158716601267761  
597  0.00015870024883279932  
598  0.00015865743816445566  
599  0.00015858912353872157  
600  0.0001587402318399267  
601  0.00015857015802955843  
602  0.0001585259416028162  
603  0.0001584905384792723  
604  0.00015847651643796645  
605  0.00015844221749983234  
606  0.00015842511728925146  
607  0.00015839573336995372  
608  0.0001583769506208199  
609  0.0001583504399198521  
610  0.00015843720291153218  
611  0.0001583400627178655  
612  0.00015831439638258615  
613  0.00015829204630568583  
614  0.00015827686998570734  
615  0.00015827420257230607  
616  0.00015826495478488134  
617  0.00015826035828658824  
618  0.00015824926756335955  
619  0.0001582336926453376  
620  0.0001582028055815421  
621  0.00015833312846935677  
622  0.0001581876699325857  
623  0.0001581415890898885  
624  0.00015811289415568197  
625  0.00015809650683440424  
626  0.00015808493358537845  
627  0.00015805098747190272  
628  0.00015808317296994723  
629  0.0001580390046120872  
630  0.0001580187507463915  
631  0.00015799359508084088  
632  0.00015795510334193352  
633  0.0001579309740060708  
634  0.00015792152241012047  
635  0.00015789605306149035  
636  0.0001578874354237758  
637  0.00015788083671752773  
638  0.00015786801019368468  
639  0.00015788119425663716  
640  0.00015785848310478912  
641  0.0001578581760359743  
642  0.00015784897291881705  
643  0.00015783853655926272  
644  0.00015782635999572747  
645  0.0001578143591709491  
646  0.0001578043039667243  
647  0.00015778259464505062  
648  0.00015776212132623257  
649  0.000157759936366908  
650  0.00015774886590391723  
