0  1.1114822249847676  
1  0.4724162009585525  
2  0.7487599166092413  
3  0.27775294307505516  
4  0.12750718382765291  
5  0.05631499648847793  
6  0.031358766748656786  
7  0.02745911951092994  
8  0.023085142342073484  
9  0.018853701397516742  
10  0.016810104398912173  
11  0.014875150245782898  
12  0.013819458152653397  
13  0.013137588088108387  
14  0.011807668450556141  
15  0.011339427566825044  
16  0.011134548780726616  
17  0.01094104439971244  
18  0.010772383405650565  
19  0.010525403616215678  
20  0.010609798606215026  
21  0.010435867420412803  
22  0.010379450961594872  
23  0.010343680448236636  
24  0.01030943517042382  
25  0.010276268599700211  
26  0.01025744117684102  
27  0.01024212280997605  
28  0.0102336594106891  
29  0.010224398492259423  
30  0.010200289823618647  
31  0.010234098405279779  
32  0.010194923844587978  
33  0.010183498020137849  
34  0.010181414228205288  
35  0.010178635976375361  
36  0.01017813740050455  
37  0.010176365678232546  
38  0.010174153575506661  
39  0.010179282706684223  
40  0.01017298244190723  
41  0.010170329890454743  
42  0.010168829356458797  
43  0.010167952884407638  
44  0.01016732008505894  
45  0.010165807540290839  
46  0.010165111716865516  
47  0.010163302810166419  
48  0.010162575593950063  
49  0.010161738168179335  
50  0.010161455685424592  
51  0.010160605874855788  
52  0.010160023713182254  
53  0.01015903127690021  
54  0.010157565237118193  
55  0.010155604542789964  
56  0.010153011769945541  
57  0.01015076195767195  
58  0.010149758708832834  
59  0.010149068924975024  
60  0.010148811517251444  
61  0.01014858558358167  
62  0.010148636218921814  
63  0.010148440801279746  
64  0.01014828703929549  
65  0.010148243364144882  
66  0.010148190337544216  
67  0.010148172545100254  
68  0.010148142054071663  
69  0.010148127566283804  
70  0.01014811164150431  
71  0.01014808216427876  
72  0.010148066644552367  
73  0.010148041325942936  
74  0.010148032214813085  
75  0.010148022817751512  
76  0.010148021135844676  
77  0.010148011399633283  
78  0.010148007069487708  
79  0.010148001071620838  
80  0.01014799278247458  
81  0.010148013637034659  
82  0.010147989340720143  
83  0.010147982161919478  
84  0.01014798013187379  
85  0.010147978953114922  
86  0.01014797822621416  
87  0.010147977830091248  
88  0.01014797761145525  
