0  1.17613306905205  
1  0.31992176636961345  
2  0.23184035965512306  
3  0.07425584138876062  
4  0.04379953564151107  
5  0.02875487737060456  
6  0.02111904688114341  
7  0.014754521603902893  
8  0.009101832455686631  
9  0.006943585088073911  
10  0.005704128731321312  
11  0.004334809865907063  
12  0.0038045277070966055  
13  0.003451920401917885  
14  0.003202057948317405  
15  0.002972623516980244  
16  0.002796547703696417  
17  0.00263531085250146  
18  0.002493705384535083  
19  0.0023718067520170916  
20  0.002186952418565591  
21  0.0020605270503433193  
22  0.0019755451992200523  
23  0.0019148189360382872  
24  0.0018258787433800272  
25  0.0017916923142169416  
26  0.0017463857811745864  
27  0.0016867425113733514  
28  0.001624117644627221  
29  0.0015995642871491356  
30  0.0015920053536959689  
31  0.0015775420750037128  
32  0.001568605744381335  
33  0.0015600205544197276  
34  0.001549337957217789  
35  0.0015428993087147624  
36  0.0015347337981195253  
37  0.0015207590812362781  
38  0.001500300462250248  
39  0.0014703021273541061  
40  0.0015100763574897869  
41  0.0014596133014543877  
42  0.0014383130625565954  
43  0.0014276908716086556  
44  0.0014222102496395106  
45  0.0014157535451915226  
46  0.0014104052056136407  
47  0.0014049161106235442  
48  0.0013970549395878606  
49  0.0013828022323274514  
50  0.001361754671450388  
51  0.001314279959259368  
52  0.0013011173727865977  
53  0.001253819623048047  
54  0.001229823457191248  
55  0.001202791220711763  
56  0.001168423564194887  
57  0.0011449068559534759  
58  0.0011272507449753277  
59  0.001132492923324957  
60  0.001114387244379289  
61  0.0010987406732918537  
62  0.0010865865561671129  
63  0.001067148857663458  
64  0.0010563025365533107  
65  0.0010456106016465405  
66  0.0010401985715109419  
67  0.001038425407805299  
68  0.001035497723770984  
69  0.001031772454016755  
70  0.0010271958033198914  
71  0.0010223174801247126  
72  0.0010157187971513437  
73  0.0010194852421285816  
74  0.0010108787765166216  
75  0.0010027617855106197  
76  0.0009950115355616962  
77  0.0009852698913417335  
78  0.0009734521173772048  
79  0.0009644142653189025  
80  0.0009584950110124169  
81  0.0009560878951404561  
82  0.0009540226946562758  
83  0.0009516476334976431  
84  0.0009469086822002648  
85  0.0009432245074343371  
86  0.0009438978888567373  
87  0.0009404045637626535  
88  0.0009369609104603605  
89  0.0009332812473450414  
90  0.0009266135933727604  
91  0.0009104682971612377  
92  0.0009023402600982777  
93  0.0008854545764589439  
94  0.0008779799648153119  
95  0.0008653474694992891  
96  0.0008593154241163248  
97  0.0008527469918662156  
98  0.0008407617995893624  
99  0.0008253535905864418  
100  0.0008154904799919649  
101  0.0008133736104756206  
102  0.000810666786257741  
103  0.0008080652741033756  
104  0.0008056147447599304  
105  0.0008034908654428463  
106  0.0008005080677524479  
107  0.0007996628396125249  
108  0.0007982455460802118  
109  0.0007969743240767713  
110  0.0007963496417537907  
111  0.0007950707701909199  
112  0.0007926801829045704  
113  0.0007895092191598785  
114  0.0007857131245940785  
115  0.0007824736528445619  
116  0.0007866483633824917  
117  0.0007815752571125323  
118  0.0007801088060559458  
119  0.0007771697009733014  
120  0.0007750313652610252  
121  0.0007727603386225024  
122  0.0007724939285769228  
123  0.0007714070991251543  
124  0.0007700810736954722  
125  0.0007683721508660035  
126  0.0007670771263836862  
127  0.0007643522522686741  
128  0.0007638108651304432  
129  0.0007625438193892276  
130  0.0007621956321044454  
131  0.0007616795538705201  
132  0.000760514316279659  
133  0.0007579977258747039  
134  0.0007562548012707282  
135  0.0007542178664627919  
136  0.0007602158242070445  
137  0.0007532227364006605  
138  0.0007515914542530755  
139  0.0007498375884367192  
140  0.0007459776583165212  
141  0.0007413563231606357  
142  0.0007358857186963164  
143  0.0007313063867262493  
144  0.000725068207743762  
145  0.0007227410395322931  
146  0.0007191738715126572  
147  0.0007113854772826667  
148  0.0007060584802514036  
149  0.0007039647755808787  
150  0.0007017414453813764  
151  0.0006992222381339008  
152  0.0006933575982683848  
153  0.0006867468287496958  
154  0.0006945308929418026  
155  0.0006836832952428207  
156  0.000680377188046366  
157  0.0006779639353955424  
158  0.0006752308408415342  
159  0.0006726871988602667  
160  0.0006712410763980436  
161  0.0006698209937361366  
162  0.0006689277426190632  
163  0.0006679153896511636  
164  0.0006670121958121111  
165  0.0006664515020622375  
166  0.0006660018512825161  
167  0.0006653336530797471  
168  0.0006627780710743991  
169  0.0006610182914394969  
170  0.0006595920838998737  
171  0.0006583536316953076  
172  0.0006578145546756176  
173  0.0006573216167813367  
174  0.0006562126261868695  
175  0.000655908350023493  
176  0.0006555391970501923  
177  0.0006547390872355674  
178  0.0006537115688904915  
179  0.0006523309005110889  
180  0.0006517417333418152  
181  0.0006508848443464998  
182  0.0006494852774288074  
183  0.0006487409013564704  
184  0.0006473521269130256  
185  0.0006473493756105064  
186  0.0006465591979294416  
187  0.0006459350911884876  
188  0.0006452561242820121  
189  0.0006447984036268561  
190  0.00064388837032614  
191  0.0006434043446446047  
192  0.0006427255226804096  
193  0.0006420611564903478  
194  0.0006420341672348506  
195  0.000641631976513235  
196  0.0006412388688830095  
197  0.0006408325966995587  
198  0.0006405097193074027  
199  0.0006402859894589774  
200  0.0006397406565572528  
201  0.0006396022629575615  
202  0.0006395294481149616  
203  0.0006394477803031151  
204  0.0006393880223778403  
205  0.0006393415810863612  
206  0.0006392759133906356  
207  0.0006391959115636947  
208  0.0006390961932922767  
209  0.0006389422916612819  
210  0.0006387807248593447  
211  0.0006385547334073483  
212  0.0006384776977528261  
213  0.0006383190894416746  
214  0.0006382699800977498  
215  0.0006382218365950099  
216  0.0006381899168017569  
217  0.0006381354315385668  
218  0.0006381105055277558  
219  0.0006380833543810915  
220  0.0006380422331211388  
221  0.0006379654038528582  
222  0.0006379383876244926  
223  0.0006379115830221771  
224  0.0006378944880398585  
225  0.0006378626407161914  
226  0.000637817127357776  
227  0.0006377804525419251  
228  0.0006377400420278789  
229  0.0006377115863049898  
230  0.0006377407429822846  
231  0.0006377013940588316  
232  0.0006376907017482392  
233  0.0006376648032559995  
234  0.0006376486624286581  
235  0.000637617061159057  
236  0.0006377163592556911  
237  0.0006376060633712655  
238  0.0006375803864218099  
239  0.0006375679840100457  
240  0.0006375631769510726  
241  0.0006375596677761219  
242  0.0006375562013247738  
243  0.0006375506388553998  
244  0.0006375471450785763  
245  0.0006375456487468512  
246  0.0006375438327153038  
247  0.0006375419518234171  
248  0.0006375391517567941  
249  0.0006375358838859313  
250  0.0006375316789846153  
251  0.0006375247414873719  
252  0.0006375169717245388  
253  0.0006375094942192572  
254  0.0006375163120664329  
255  0.0006375070517639081  
256  0.000637503831441899  
257  0.0006375023656468581  
258  0.0006374994864124517  
259  0.0006374935093831358  
260  0.0006374820402423875  
261  0.000637472113283577  
262  0.0006374640802586651  
263  0.000637447815654113  
264  0.0006374446590351468  
265  0.0006374261676356241  
266  0.0006374118821450558  
267  0.0006373897633058512  
268  0.0006374091901051315  
269  0.0006373807444421953  
270  0.0006373615671033672  
271  0.0006373404992963128  
272  0.0006373096396083966  
273  0.0006372948786474986  
274  0.0006372869324828834  
275  0.0006372820348519159  
276  0.0006372796882845311  
277  0.0006372778013037372  
278  0.0006372753281937982  
279  0.0006372719496758883  
280  0.0006372659883633336  
281  0.0006372558851723831  
282  0.0006372507243330716  
283  0.0006372476739957555  
284  0.000637242054047249  
285  0.0006372391250688558  
286  0.000637233705852891  
287  0.0006372338604041516  
288  0.0006372316260392363  
289  0.0006372286436313601  
290  0.0006372241310088622  
291  0.0006372188408760859  
292  0.0006372072799143425  
293  0.0006371953016255372  
294  0.0006371977169006282  
295  0.000637190615930372  
296  0.0006371857074469744  
297  0.0006371815433761086  
298  0.000637177468269412  
299  0.000637170787809449  
300  0.0006371595272520736  
301  0.0006371467749919368  
302  0.0006371373068505548  
303  0.0006371291371181087  
304  0.0006371133328217926  
305  0.0006370990587427627  
306  0.0006371103456326299  
307  0.0006370953795316048  
308  0.0006370923797256456  
309  0.0006370912249156202  
310  0.0006370902146752844  
311  0.000637087550188209  
312  0.0006370832079118927  
313  0.0006370735351484136  
314  0.0006370648058366957  
315  0.0006370591321125385  
316  0.0006370458772837484  
317  0.00063703860140496  
318  0.0006370299272511204  
319  0.0006370162567013171  
320  0.0006369991974821687  
321  0.0006369829113190839  
322  0.00063695654427387  
323  0.000636935937972094  
324  0.0006369297229888993  
325  0.000636916797779552  
326  0.0006369128032728266  
327  0.0006369078793673211  
328  0.0006368935985401336  
329  0.0006368748276392999  
330  0.00063685745329356  
331  0.0006368399982394912  
332  0.0006368264689047276  
333  0.0006368149762969733  
334  0.000636819277213041  
335  0.00063680803421029  
336  0.0006368021055813688  
337  0.0006367942130014459  
338  0.0006367843579440091  
339  0.0006367642822464603  
340  0.0006367503189865786  
341  0.0006367328682808093  
342  0.0006367254678441014  
343  0.0006367203811123989  
344  0.0006367086988281478  
345  0.0006367774509388191  
346  0.0006367076793640791  
347  0.0006367044854138637  
348  0.0006367029713152395  
349  0.0006367015203652127  
350  0.0006366997558338028  
351  0.0006366940269166843  
352  0.0006366887269217969  
353  0.0006366841637392984  
354  0.0006366804919428759  
355  0.0006366755670756952  
356  0.0006366656123455439  
357  0.0006367054805664907  
358  0.0006366638791093227  
359  0.0006366591346818051  
360  0.0006366557239032566  
361  0.0006366513192268553  
362  0.0006366446275924975  
363  0.0006366345934902817  
364  0.0006366214258211045  
365  0.0006366200845442371  
366  0.0006366009328728772  
367  0.0006365801744041555  
368  0.0006365696586696501  
369  0.0006365135664232469  
370  0.0006369424665093604  
371  0.0006365058345330077  
372  0.0006364752951451003  
373  0.0006364499433761939  
374  0.0006364322684146995  
375  0.0006364140394741202  
376  0.0006364042877746723  
377  0.0006364015238256027  
378  0.0006363816794312527  
379  0.0006363606873351912  
380  0.0006363282468364595  
381  0.0006362700472570815  
382  0.0006367935685684945  
383  0.0006362453220798425  
384  0.0006362101664385555  
385  0.0006361415908535673  
386  0.0006360970818355405  
387  0.0006360639972078364  
388  0.0006360155977813697  
389  0.0006359336499384138  
390  0.0006358436667690537  
391  0.0006357883899379413  
392  0.0006356741358053419  
393  0.0006355666256119274  
394  0.0006354748422980894  
395  0.000635368524512181  
396  0.0006353607547904261  
397  0.0006353035849828714  
398  0.000635295224919119  
399  0.0006352798450004471  
400  0.0006352603541566193  
401  0.0006352384280199352  
402  0.0006352355573175927  
403  0.0006352142697507723  
404  0.000635204503369291  
405  0.0006351850234738166  
406  0.0006352280351160644  
407  0.0006351781423785674  
408  0.0006351632339256508  
409  0.0006351478421913193  
410  0.0006351413385277116  
411  0.0006351348698736548  
412  0.0006351290553119338  
413  0.0006351192014431017  
414  0.000635113693758127  
415  0.000635093007833154  
416  0.0006350767647718136  
417  0.0006350626664595183  
418  0.0006350514693891363  
419  0.0006350417753164805  
420  0.0006350311116170015  
421  0.0006350132902950278  
422  0.0006349755976149396  
423  0.0006349664653440001  
424  0.0006349594744619047  
425  0.000634954011444977  
426  0.0006349487905954465  
427  0.0006349439894322018  
428  0.0006349424708134155  
429  0.0006349415306723394  
430  0.0006349408898154163  
431  0.0006349391907700674  
432  0.0006349374294840615  
433  0.0006349346754042084  
434  0.0006349313824323133  
435  0.0006349252577366737  
436  0.0006349245549470695  
437  0.0006349141807409087  
438  0.0006349081002103851  
439  0.000634897553787539  
440  0.0006348846632691085  
441  0.0006348933102999776  
442  0.0006348770260515835  
443  0.0006348616132425544  
444  0.0006348534735622913  
445  0.0006348427018747493  
446  0.0006348296066132075  
447  0.0006348024714524225  
448  0.0006347805742024093  
449  0.0006347559276069781  
450  0.0006347440984606489  
451  0.0006347431481934507  
452  0.0006347402189543772  
453  0.0006347356753009237  
454  0.0006347323085627021  
455  0.0006347295151090115  
456  0.0006347275280818021  
457  0.0006347247289857361  
458  0.0006347185717030523  
459  0.0006347083063100722  
460  0.0006347073534573866  
461  0.0006347027302702202  
462  0.0006346936852390517  
463  0.0006346881380634439  
464  0.0006346862911059681  
465  0.0006346838531980925  
466  0.000634679849297104  
467  0.0006346756550108523  
468  0.0006346731775064285  
469  0.0006346715909353318  
470  0.000634667136621081  
471  0.0006346661061229497  
472  0.0006346620844621675  
473  0.0006346611642666922  
474  0.0006346603854625599  
475  0.0006346597572397528  
476  0.0006346592754504776  
477  0.0006346585598997478  
478  0.0006346579499985072  
479  0.0006346569898880716  
480  0.000634655965028541  
481  0.0006346550739357859  
482  0.0006346540926807087  
483  0.0006346530247531845  
484  0.00063465414425945  
485  0.0006346525030602734  
486  0.0006346515353308213  
487  0.0006346511761570195  
488  0.000634650713287499  
489  0.0006346501933411908  
490  0.0006346490202244759  
491  0.0006346514987711771  
492  0.000634648370881008  
493  0.0006346469032878499  
494  0.0006346452870209518  
495  0.0006346446642122583  
496  0.0006346439153293026  
497  0.0006346435273538731  
498  0.0006346429949029009  
499  0.0006346424744587686  
500  0.0006346454139436464  
501  0.0006346421044465256  
502  0.0006346412632058929  
503  0.0006346404540253925  
504  0.0006346397412950733  
505  0.0006346387453057822  
506  0.0006346376182062574  
507  0.000634636229861707  
508  0.000634635569033426  
509  0.000634634544599999  
510  0.0006346337536453639  
511  0.0006346325246813223  
512  0.0006346303921211938  
513  0.0006346312473288762  
514  0.0006346296824932818  
515  0.0006346289585079656  
516  0.000634628425342898  
517  0.0006346275335573637  
518  0.0006346257308458281  
519  0.0006346220369086719  
520  0.0006346336926368323  
521  0.0006346205012388584  
522  0.000634616863178783  
523  0.0006346149003897406  
524  0.0006346137287076559  
525  0.0006346124957163912  
526  0.0006346106427026488  
527  0.0006346069339711047  
528  0.0006346074509975264  
529  0.0006346056293122793  
530  0.0006346042618845527  
531  0.0006346030663513247  
532  0.0006346008340916143  
533  0.0006345984739051236  
534  0.0006345966025189664  
535  0.0006345959856055572  
536  0.0006345946758357091  
537  0.000634593716350329  
538  0.0006345926608728458  
539  0.0006345915565735272  
540  0.000634590161171511  
541  0.000634588164847294  
542  0.0006345862719785433  
543  0.0006345844043655902  
544  0.0006345822384390409  
545  0.0006345811809460589  
546  0.0006345800937224144  
547  0.0006345796063118581  
548  0.000634578808159203  
549  0.0006345779457270773  
550  0.0006345768073365843  
551  0.000634576602285275  
552  0.0006345756793268986  
553  0.0006345746012328402  
554  0.0006345743676920979  
555  0.0006345739436857123  
556  0.0006345735700663546  
557  0.0006345729171788328  
558  0.0006345726019918452  
559  0.0006345722188454417  
560  0.000634571850144372  
561  0.0006345713573423506  
562  0.0006345705400860879  
563  0.0006345717402944651  
564  0.000634570267604273  
565  0.0006345700076000327  
566  0.0006345699020813278  
