0  1.5090144213466905  
1  0.5538264080665898  
2  0.4388480032758214  
3  0.8525946622923348  
4  0.40734021066288983  
5  0.3711440101298915  
6  0.9077807832981156  
7  0.3515027725995564  
8  0.7761200757578803  
9  0.28284276578323864  
10  0.9582997994854764  
11  0.25956152060084703  
12  0.207022124971052  
13  0.20780575569806037  
14  0.16839177878858025  
15  0.14719052369274666  
16  0.13513304624379896  
17  0.13287314185883914  
18  0.1327337813815097  
19  0.13260559842521125  
20  0.13230727919870833  
21  0.1317714738829765  
22  0.13158211298069222  
23  0.1315018858960335  
24  0.131496245493806  
25  0.13146793824653114  
26  0.13145056636532226  
27  0.13143995212536952  
28  0.13143469424525733  
29  0.13143295617191675  
30  0.1314297955668322  
31  0.13141898148679565  
32  0.1314022273552089  
33  0.13138832180825055  
34  0.13138149011032207  
35  0.13137801811315164  
36  0.13137742764587124  
37  0.1313773929738593  
38  0.13137733647391148  
39  0.13137719545025361  
40  0.1313770055537553  
41  0.13137695678909522  
42  0.13137657189021024  
43  0.13137636254275264  
44  0.13137574346772785  
45  0.13137476142486437  
46  0.1313776963205333  
47  0.1313742492259513  
48  0.1313733109364814  
49  0.1313727194306411  
50  0.1313726566461355  
51  0.13137265700635514  
52  0.1313726496346279  
53  0.13137264477564803  
54  0.131372642122497  
55  0.13137263906018615  
56  0.13137264030688067  
57  0.13137263833339863  
58  0.13137263771209984  
59  0.13137263753384643  
