0  -13.033588751897309  0.06885083486994939
1  -11.698731249977294  0.16421608477469793
2  -13.052613862631373  0.06749163777437184
3  -13.057188610948598  0.06716480737045534
4  -13.060310714680872  0.066941757193018
5  -13.064482384696033  0.0666437236179407
6  -13.069798804180571  0.0662639065423261
7  -13.079111703173748  0.06559857189908179
8  -13.08183160357691  0.0654042560404298
9  -13.093517061961876  0.06456942036880876
10  -13.100048648959982  0.06410278896773934
11  -13.106978771884975  0.06360768525542396
12  -13.112907598185934  0.0631841164467537
13  -13.120905199190544  0.06261274967738245
14  -13.127815256327022  0.06211907951054556
15  -13.133786246349128  0.0616924984299299
16  -13.144166503139282  0.06095090932289446
17  -13.157155040465282  0.06002297873389185
18  -13.168196444716756  0.059234155751493656
19  -13.183558493378571  0.05813665612507231
20  -13.187501398035263  0.057854966066474216
21  -13.206182567561576  0.05652034091148397
22  -13.214869208914498  0.05589974753558971
23  -13.223920469977323  0.05525310489997671
24  -13.236183349054041  0.054377016983460605
25  -13.242261824163108  0.05394275692425413
26  -13.250953124888719  0.05332183067219878
27  -13.257127818856626  0.05288069651931146
28  -13.266488025000024  0.05221198214587369
29  -13.277086361115517  0.051454812956821895
30  -13.289775503587432  0.05054827181578581
31  -13.302079076764766  0.049669276620350984
32  -13.310697776785327  0.04905353712745933
33  -13.314064852772441  0.04881298557607833
34  -13.320128236641706  0.04837980366929867
35  -13.323219191359946  0.0481589788481284
36  -13.325775830271125  0.04797632676104791
37  -13.330374146925454  0.04764781258163138
38  -13.334802948928944  0.04733140891364885
39  -13.338309449424187  0.04708089655893008
40  -13.34146500799641  0.04685545629178827
41  -13.345263973571493  0.046584049567904864
42  -13.349351668550423  0.04629201536002926
43  -13.354118461499322  0.04595146485170749
44  -13.359341725973573  0.045578302981478566
45  -13.36420812037458  0.04523063671933488
46  -13.36831058610567  0.04493754725539705
47  -13.372281821321165  0.04465383319737102
48  -13.376962574854746  0.04431942954017883
49  -13.382882262204506  0.04389651363892659
50  -13.388015258164607  0.04352980075624731
51  -13.394305133557136  0.043080437780936856
52  -13.398509476615521  0.04278006996948772
53  -13.405023992290454  0.042314658182495635
54  -13.405585417979182  0.042274548656923434
55  -13.40907428780069  0.04202529587755584
56  -13.413467955997541  0.041711402248469164
57  -13.418154081101218  0.04137661483411654
58  -13.421166341083762  0.04116141214349212
59  -13.4240848504608  0.04095290720892778
60  -13.426655046042411  0.04076928660253951
61  -13.42849093410112  0.04063812659237805
62  -13.432079287740631  0.040381766463235894
63  -13.434815149944257  0.04018631025732747
64  -13.438040125520077  0.039955910681880306
65  -13.440182683871619  0.03980284144989381
66  -13.442237762622508  0.039656021959146255
67  -13.444032914611146  0.039527772226296685
68  -13.447180961615432  0.03930286860261863
69  -13.44882310057018  0.03918555046823151
70  -13.451132658513497  0.039020550406339435
71  -13.453598656629033  0.03884437390344346
72  -13.456803796850998  0.038615391410699626
73  -13.460289990906611  0.03836632979412124
74  -13.463442931063511  0.03814107659251358
75  -13.466291098662616  0.037937597034232245
76  -13.470303144807236  0.037650967350793575
77  -13.472941150182738  0.03746250225880963
78  -13.475552547279657  0.037275938122645284
79  -13.47812078266623  0.03709245755704002
80  -13.480610227177824  0.03691460599038911
81  -13.482610931884933  0.03677167110475176
82  -13.484387156066477  0.03664477361740487
83  -13.486239531783834  0.03651243569148456
84  -13.487901409627561  0.03639370736606389
85  -13.489386576370395  0.036287603682804204
86  -13.490790990935155  0.036187269118443895
87  -13.491640207389018  0.03612659916735967
88  -13.493106698779963  0.03602182969362975
89  -13.49412476945891  0.035949096413426536
90  -13.495319527860696  0.035863740161243655
91  -13.496794496058655  0.03575836508517928
92  -13.497837803300778  0.03568382884761884
93  -13.498721142371197  0.03562072109935355
94  -13.500786284110013  0.03547318268590667
95  -13.501526293998355  0.035420314699749246
96  -13.502433255182758  0.03535551933404155
97  -13.503201275986704  0.035300650184491876
98  -13.50400013095954  0.03524357817192686
99  -13.504678905875098  0.03519508495122115
100  -13.50531703891532  0.03514949527834162
101  -13.50575148614532  0.03511845738208701
102  -13.506475505047353  0.035066731828289024
103  -13.506973597554394  0.035031146968975364
104  -13.507603591118757  0.03498613879872688
105  -13.508195961399533  0.034943818521258246
106  -13.508872311856601  0.03489549850937029
107  -13.50929252127103  0.03486547779497815
108  -13.509846137081738  0.034825926224819254
109  -13.510379820965221  0.03478779863678429
110  -13.510906250887425  0.03475018928820884
111  -13.511262909991117  0.034724708752267346
112  -13.511624386777546  0.03469888403013561
113  -13.511977005777833  0.03467369212835197
114  -13.512537666188225  0.03463363727600123
115  -13.512971339748772  0.03460265465244841
116  -13.513363262610879  0.03457465479356124
117  -13.513807937113592  0.03454288623772925
118  -13.514422460991268  0.03449898325701204
119  -13.515232907020549  0.03444108315306425
120  -13.51604593935783  0.034382998277402224
121  -13.516717598601323  0.03433501341646062
122  -13.517218895797368  0.03429919960689019
123  -13.517744701637804  0.03426163484413281
124  -13.518184342285219  0.034230225918349615
125  -13.518552057755706  0.03420395549046768
126  -13.518947596244427  0.03417569732300816
127  -13.519348946067705  0.03414702398061687
128  -13.519916715282305  0.03410646125915735
129  -13.520395857221299  0.03407223027144046
130  -13.520972020982713  0.034031067824501916
131  -13.52163822348824  0.033983472805306655
132  -13.522168342816432  0.03394559987719292
133  -13.522566967259458  0.03391712124215313
134  -13.52322965301737  0.03386977746739008
135  -13.523601480199826  0.03384321328947204
136  -13.524027517554089  0.03381277621382944
137  -13.524685343589361  0.0337657796286828
138  -13.52537165901647  0.03371674769671588
139  -13.526068680042465  0.03366695093246401
140  -13.526668085894677  0.0336241280178021
141  -13.527238363608326  0.0335833860834765
142  -13.528039810788574  0.03352612887772995
143  -13.528794671980137  0.03347219988075966
144  -13.529328739317958  0.033434044897876485
145  -13.529735704918966  0.03340497035157696
146  -13.530470690473072  0.033352461315261976
147  -13.530815722006704  0.03332781147931881
148  -13.531836276399845  0.033254900756935823
149  -13.53222474708802  0.033227147529190475
150  -13.53273020336716  0.03319103658528307
151  -13.533385408197917  0.03314422726493685
152  -13.534023922813239  0.03309861033146615
153  -13.534402355208242  0.03307157426217066
154  -13.53494248919612  0.03303298586403684
155  -13.535574015710528  0.03298786817635746
156  -13.536185534679467  0.03294417987314127
157  -13.536611752935965  0.03291372987343235
158  -13.536989366312378  0.032886752316684
159  -13.537320037726703  0.032863128400259886
160  -13.537592037154175  0.03284369614375497
161  -13.5380905193508  0.0328080834441329
162  -13.538420037036675  0.03278454195268806
163  -13.538814643723024  0.03275635035530509
164  -13.5391298969608  0.032733827948411044
165  -13.539507973895022  0.032706817274040595
166  -13.539707261683619  0.03269257970206369
167  -13.540048973218768  0.03266816705434811
168  -13.540562329643272  0.032631491706123596
169  -13.540800631380904  0.03261446688907062
170  -13.541612318160137  0.03255647814312986
171  -13.541898966596857  0.03253599932815274
172  -13.542168825210041  0.03251672001627999
173  -13.542479170010603  0.03249454827928209
174  -13.543099359447133  0.03245024053818021
175  -13.543572224629385  0.03241645797621251
176  -13.543843943906712  0.03239704573426985
177  -13.54417619233717  0.032373309152233506
178  -13.544467840434772  0.032352473150134425
179  -13.544758096759862  0.032331736579422655
180  -13.545186304610985  0.03230114443855764
181  -13.54547876890003  0.03228025012588906
182  -13.545880674334255  0.032251537089390644
183  -13.546320981800399  0.03222008052456377
184  -13.546739111159486  0.03219020841404675
185  -13.547053154162509  0.03216777246907058
186  -13.547406124980162  0.0321425554326557
187  -13.547769263926098  0.03211661196207589
188  -13.548286088209748  0.03207968886212231
189  -13.548665383245037  0.03205259116384669
190  -13.548980910250453  0.032030049198371054
191  -13.549194560574579  0.032014785534254714
192  -13.549638652133655  0.03198305862523932
193  -13.550118519892608  0.031948775783297044
194  -13.550577619362748  0.03191597667504912
195  -13.550937914194696  0.031890236394428395
196  -13.55135087948555  0.031860733216667735
197  -13.551813867077371  0.031827656332181375
198  -13.552267421761846  0.03179525335600738
199  -13.552674418976098  0.03176617655118597
200  -13.553085442834702  0.03173681207375211
201  -13.553656258965708  0.031696031673668384
202  -13.554262823496943  0.031652697326727666
203  -13.554969857883618  0.031602185185259736
204  -13.555486033120642  0.0315653084546704
205  -13.556208601500174  0.031513686529492484
206  -13.556855725469921  0.031467454524199384
207  -13.557439148644223  0.031425773448326144
208  -13.557956598545836  0.03138880565280524
209  -13.558523875884337  0.03134827807209073
210  -13.55884170748082  0.0313255714613981
211  -13.559196755209978  0.03130020604571096
212  -13.55953825915267  0.031275808228871715
213  -13.55996293320433  0.031245468550661626
214  -13.56043613383737  0.031211662023328132
215  -13.560952820530463  0.031174748753156314
216  -13.5613701801997  0.031144931631029257
217  -13.561928009399987  0.03110507904675497
218  -13.562500353738365  0.03106418946806773
219  -13.56311065909489  0.031020587868077033
220  -13.563557725948776  0.030988648397246937
221  -13.564060674317147  0.030952716624177576
222  -13.564438176483696  0.030925747012514375
223  -13.564840153562665  0.03089702885755273
224  -13.495229904973668  0.035870143023726236
225  -13.564841418953586  0.03089693845515305
226  -13.56517542483137  0.030873076317090582
227  -13.495033392346722  0.03588418233185552
228  -13.565176122053872  0.030873026505932433
229  -13.495413576555123  0.03585702110903446
230  -13.565176330594696  0.030873011607302624
231  -13.495689196173666  0.035837330217862
232  -13.565176347914253  0.030873010369954133
233  -13.495723434068934  0.035834884184908156
234  -13.565176355459437  0.03087300983090906
235  -13.565177656522678  0.030872916879997853
236  -13.49575507897767  0.035832623400797875
237  -13.565177658316763  0.030872916751824356
238  -13.495765658065867  0.03583186760672378
239  -13.565177659098168  0.030872916695999
240  -13.565189482547037  0.030872072001973987
241  -13.565193463932252  0.030871787562777
242  -13.495766461426873  0.035831810212789965
243  -13.565193463932252  0.030871787562777
244  -13.494842410771492  0.03589782648909538
245  -13.495766815490411  0.03583178491768716
246  -13.565193464006136  0.03087178755749856
247  -13.56519346408188  0.030871787552087245
248  -13.495767419376367  0.03583174177470368
249  -13.565193464096234  0.030871787551061708
250  -13.495767623492975  0.03583172719214989
251  -13.56519346409759  0.03087178755096488
252  -13.565194641483084  0.030871703435872665
253  -13.565195041629208  0.030871674848525266
254  -13.565195177448299  0.030871665145301104
255  -13.554677475264116  0.031623073663270704
256  -13.565790731522496  0.030829117410403645
257  -13.566155377299314  0.030803066288405272
258  -13.566500149726423  0.030778434963620243
259  -13.49658598412548  0.03577326165098261
260  -13.566503056409774  0.03077822730356383
261  -13.496398487353483  0.03578665684596937
262  -13.566504310735043  0.03077813769171941
263  -13.496197913795926  0.035800986276199306
264  -13.56650479897227  0.0307781028109437
265  -13.496059902797203  0.03581084609521664
266  -13.566505010971204  0.030778087665258646
267  -13.566528307133602  0.0307764233345374
268  -13.495921728829725  0.03582071755709175
269  -13.566528350435197  0.03077642024097315
270  -13.566529608320081  0.03077633037482177
271  -13.495848122498208  0.035825976160492934
272  -13.56652961890676  0.03077632961848545
273  -13.495822317942624  0.03582781969651711
274  -13.5665296235139  0.030776329289340938
275  -13.49580507121805  0.03582905184166862
276  -13.5665296255186  0.030776329146120593
277  -13.49579359442294  0.03582987176996228
278  -13.566529626408522  0.03077632908254249
279  -13.490597275919118  0.036201108558899596
280  -13.495875477501821  0.03582402185694219
281  -13.56650015143749  0.030778434841377746
282  -13.49582857632439  0.035827372583517925
283  -13.566500152185835  0.03077843478791425
284  -13.566500157380373  0.030778434416804657
285  -13.4957827446335  0.03583064690354762
286  -13.566500157567475  0.030778434403437673
287  -13.566500158654831  0.030778434325754493
288  -13.566504566462212  0.030778119421989974
289  -13.49577492251672  0.03583120573332566
290  -13.566504566483541  0.030778119420466203
291  -13.566504566508533  0.03077811941868075
292  -13.566506004458498  0.03077801668827125
293  -13.495772339243256  0.035831390288245626
294  -13.56650600443447  0.03077801668998792
295  -13.566506004458498  0.03077801668827125
296  -13.49695597107393  0.03574682894355895
297  -13.566506274343661  0.03077799740706259
298  -13.496588748434206  0.03577306416249251
299  -13.5665063913104  0.03077798905069329
300  -13.566506507678817  0.03077798073706943
301  -13.496196735820483  0.035801070433438845
302  -13.566506535596313  0.030777978742580155
303  -13.49600071488213  0.03581507461421892
304  -13.56650656936251  0.030777976330246398
305  -13.566506597554428  0.030777974316151775
306  -13.495889380587482  0.035823028588944254
307  -13.566506606695942  0.03077797366306125
308  -13.56650661572964  0.030777973017673342
309  -13.495830560231914  0.035827230848661205
310  -13.566506617168988  0.03077797291484304
311  -13.495772080019359  0.03583140880778927
312  -13.566506616577712  0.030777972957085165
313  -13.566506617168988  0.03077797291484304
314  -13.496001751926762  0.035815000525396476
315  -13.566506649728481  0.03077797058871896
316  -13.5665066786723  0.030777968520906904
317  -13.495889997740043  0.035822984498164366
318  -13.56650669089569  0.030777967647640157
319  -13.566506697659717  0.030777967164402675
320  -13.495830958899505  0.03582720236694355
321  -13.566506695857669  0.030777967293145095
322  -13.566506697659717  0.030777967164402675
323  -13.496004945108455  0.03581477239724823
324  -13.566506731394153  0.030777964754338014
325  -13.566506760455983  0.03077796267809489
326  -13.495891724334664  0.03582286114632554
327  -13.566506767652161  0.03077796216398361
328  -13.495771826824164  0.035831426896628694
329  -13.566506766856653  0.030777962220816486
330  -13.566506767652161  0.03077796216398361
331  -13.555926840207437  0.03153381619581017
332  -13.566697973679632  0.030764301971366127
333  -13.566742086006647  0.030761150486594495
334  -13.496981308177306  0.0357450188033816
335  -13.566742152871342  0.0307611457096289
336  -13.496827957326792  0.03575597453623049
337  -13.566742181876482  0.03076114363743589
338  -13.496723002680598  0.03576347273438911
339  -13.56674219447866  0.030761142737107627
340  -13.566787449944869  0.03075790958387719
341  -13.497638715387751  0.03569805214003131
342  -13.56678788923389  0.030757878200072385
343  -13.566790273238974  0.030757707881337776
344  -13.497196033232097  0.03572967835806702
345  -13.566790387799283  0.030757699696889212
346  -13.56679049258798  0.030757692210546854
347  -13.49693991190938  0.03574797624672687
348  -13.566790522719995  0.03075769005784736
349  -13.566790546990337  0.030757688323919025
350  -13.496803184491295  0.03575774436382977
351  -13.566790554408868  0.03075768779392229
352  -13.56679055862284  0.030757687492866607
353  -13.496732657683756  0.035762782959047806
354  -13.566790558854551  0.03075768747631261
355  -13.49666732795801  0.03576745026294583
356  -13.566790557510442  0.030757687572338797
357  -13.566790558854551  0.03075768747631261
358  -13.497658797458163  0.03569661743133717
359  -13.566791024812137  0.03075765418724504
360  -13.56679147762113  0.030757621837542697
361  -13.497211308969053  0.03572858702474477
362  -13.56679158707089  0.03075761401820344
363  -13.496914341922613  0.035749803024622266
364  -13.566791614928897  0.030757612027964155
365  -13.56679163129471  0.03075761085875341
366  -13.496791360990011  0.03575858906159943
367  -13.566791646007315  0.030757609807651423
368  -13.566791644081405  0.030757609945242813
369  -13.566791646007315  0.030757609807651423
370  -12.717727854855434  0.0914166543212464
371  -13.497592650962028  0.0357013430871657
372  -13.566792019434132  0.030757583129192013
373  -13.49682649466505  0.03575607903210534
374  -13.566792039070215  0.030757581726345674
375  -13.566792048291545  0.030757581067552966
376  -13.496746586112444  0.03576178788048648
377  -13.566792049825432  0.030757580957968548
378  -13.496684662610352  0.03576621183603486
379  -13.566792050158872  0.03075758093414684
380  -13.566792049296605  0.030757580995749132
381  -13.566792050158872  0.03075758093414684
382  -13.497431910136351  0.03571282677661463
383  -13.56679230376847  0.030757562815701543
384  -13.496672275502815  0.035767096799114564
385  -13.566792304909905  0.03075756273415481
386  -13.566792296787499  0.030757563314437922
387  -13.566792304909905  0.03075756273415481
388  -13.497432616411487  0.03571277631871574
389  -13.566792552640173  0.030757545035742125
390  -13.49691339584701  0.035749870614410865
391  -13.566792568602892  0.030757543895329233
392  -13.496689132213026  0.03576589251747438
393  -13.56679257268401  0.030757543603764925
394  -13.566792582145515  0.030757542927813505
395  -13.496677672064319  0.03576671125651121
396  -13.566792593991513  0.03075754208150852
397  -13.566792578903573  0.030757543159425187
398  -13.566792593991513  0.03075754208150852
399  -13.497437185961827  0.03571244985966712
400  -13.566792842460117  0.030757524330347466
401  -13.496837521046588  0.035755291282379725
402  -13.56679284683964  0.030757524017464434
403  -13.496676262810825  0.035766811936779684
404  -13.566792844651372  0.03075752417379922
405  -13.56679284683964  0.030757524017464434
406  -13.497333537417658  0.03571985474693239
407  -13.566793035155516  0.03075751056375075
408  -13.497126032879594  0.0357346793421423
409  -13.566793127148495  0.03075750399156355
410  -13.566793203372104  0.030757498545975922
411  -13.496906130531181  0.035750389665065024
412  -13.566793202604513  0.030757498600814323
413  -13.566793203372104  0.030757498545975922
414  -13.497884971825593  0.03568045902113906
415  -13.566794077532421  0.030757436093978602
416  -13.566797403824381  0.030757198456130685
417  -13.497377334286002  0.03571672579924425
418  -13.566797588454358  0.030757185265746032
419  -13.496784430885825  0.03575908416397302
420  -13.56679758085276  0.03075718580882142
421  -13.566797588454358  0.030757185265746032
422  -13.497707917134136  0.03569310821018985
423  -13.566798100858398  0.030757148658438378
424  -13.496836728504185  0.035755347903407994
425  -13.566798149439633  0.030757145187684673
426  -13.56679815182067  0.030757145017577942
427  -13.496759880317354  0.03576083811231143
428  -13.56679816896743  0.030757143792574455
429  -13.56679815187371  0.030757145013788626
430  -13.56679816896743  0.030757143792574455
431  -13.497711348792057  0.035692863044758494
432  -13.566798712614133  0.030757104953219996
433  -13.497388529652559  0.035715925976845246
434  -13.5667989250095  0.03075708977921286
435  -13.497101460226322  0.03573643486826906
436  -13.566798958681682  0.03075708737359578
437  -13.496699254268025  0.03576516937488942
438  -13.566799012776732  0.030757083508922606
439  -13.566798973300104  0.03075708632922253
440  -13.566799012776732  0.030757083508922606
441  -13.497715678695922  0.035692553706598025
442  -13.566799535423202  0.030757046169872435
443  -13.496808760532746  0.035757345998771575
444  -13.566799566313792  0.030757043962978594
445  -13.566799582311509  0.030757042820065385
446  -13.496747416216975  0.03576172857593456
447  -13.566799543011792  0.030757045627726392
448  -13.566799582311509  0.030757042820065385
449  -13.497719567446419  0.03569227588543554
450  -13.566800084202944  0.030757006963802028
451  -13.496736577257723  0.03576250293578666
452  -13.56680004848272  0.030757009515735855
453  -13.566800084202944  0.030757006963802028
454  -13.497692648069311  0.035694199066839905
455  -13.566800632435418  0.030756967796829626
456  -13.566804208940404  0.03075671228319522
457  -13.497256463928649  0.035725361051934884
458  -13.56680429647298  0.03075670602966925
459  -13.496743249741543  0.03576202623839677
460  -13.566804301156766  0.03075670569504896
461  -13.566804380288174  0.03075670004172161
462  -13.496720456023715  0.03576365467333748
463  -13.56680430014174  0.030756705767564743
464  -13.566804380288174  0.03075670004172161
465  -13.30972003241903  0.049123389404350896
466  -13.497311239584672  0.035721447754734355
467  -13.566804454114457  0.03075669476740432
468  -13.496722165449974  0.03576353254804533
469  -13.566804516065893  0.030756690341453116
470  -13.566804532208954  0.030756689188156248
471  -13.496709990930993  0.03576440232331601
472  -13.566804537849395  0.03075668878519034
473  -13.566804524008703  0.030756689774000805
474  -13.566804537849395  0.03075668878519034
475  -13.497926280976927  0.03567750780160095
476  -13.566805516817622  0.030756618845478034
477  -13.566806459985141  0.030756551463449588
478  -13.497426284700682  0.03571322867050791
479  -13.566806611220331  0.030756540658864347
480  -13.496716725332048  0.03576392120241838
481  -13.5668066227792  0.03075653983307248
482  -13.566806607763437  0.03075654090583266
483  -13.5668066227792  0.03075653983307248
484  -13.496930321295192  0.03574866142197396
485  -13.566806759251472  0.030756530083183613
486  -13.566806628852513  0.030756539399181246
487  -13.566806665023275  0.030756536815059878
488  -13.566806759251472  0.030756530083183613
489  -13.49694142130972  0.03574786841174043
490  -13.566806739565735  0.030756531489577382
491  -13.5668066814159  0.030756535643933602
492  -13.566806651254922  0.03075653779870231
493  -13.566806710064197  0.030756533597234167
494  -13.566806759251472  0.030756530083183613
495  -13.56680679310997  0.030756527664255646
496  -13.566806669941029  0.03075653646372442
497  -13.56680679310997  0.030756527664255646
498  -13.566806684943709  0.030756535391898907
499  -13.56680679310997  0.030756527664255646
500  -13.56680670162224  0.030756534200346825
501  -13.56680679310997  0.030756527664255646
502  -13.56680662675064  0.030756539549343785
503  -12.994491479463168  0.07164403275879738
504  -13.00489550368036  0.07090074565282499
505  -13.02087296313288  0.0697592796826065
506  -13.050804183800048  0.06762092533783717
507  -13.083211764295992  0.06530565422585811
508  -13.110244357127195  0.06337438443323012
509  -13.335302018046201  0.047295754283084517
510  -13.480969819966313  0.03688891586534658
511  -13.49903151130774  0.035598547638026425
512  -13.49828770987261  0.03565168650089278
513  -13.497241051462641  0.03572646215349092
514  -13.49682476197126  0.03575620281968279
515  -13.496715165370356  0.0357640326496226
516  -13.496703881507742  0.03576483879438078
517  -13.566806657698233  0.0307565373383775
518  -13.566806732185507  0.03075653201683762
519  -13.566806703823088  0.030756534043113157
520  -13.566806759251472  0.030756530083183613
521  -13.566806816686478  0.030756525979896407
