0  -13.642232990455792  0.02536790891738482
1  -8.947029440886162  0.36080390805162016
2  -13.64318731187352  0.02529973002910634
3  -13.643984139938832  0.025242802823415646
4  -13.645597991799452  0.02512750558324139
5  -13.646844666207672  0.025038440333715693
6  -13.647603306726444  0.024984241333031003
7  -13.650100545437027  0.024805832931112385
8  -13.65213257399664  0.024660660198350753
9  -13.653463650146614  0.024565565096812257
10  -13.655657041068045  0.02440886427064905
11  -13.656995187009082  0.024313264087189382
12  -13.658887761668508  0.024178054257600896
13  -13.660381818403149  0.024071315453147252
14  -13.662393969850259  0.02392756278642155
15  -13.663442801999787  0.02385263183693512
16  -13.664486639480188  0.023778057717948508
17  -13.66545982546974  0.023708531101838543
18  -13.666728615592094  0.023617885855495152
19  -13.667900739909443  0.02353414663368106
20  -13.668998138112489  0.023455746015092253
21  -13.670032549569605  0.02338184531260504
22  -13.671676035389691  0.02326443095510098
23  -13.672878167561882  0.02317854790402279
24  -13.673886122234405  0.023106537334280614
25  -13.6746044469488  0.023055218586172672
26  -13.676135426537805  0.022945841929192832
27  -13.67695109373625  0.02288756881306849
28  -13.677994896813615  0.022812997151912796
29  -13.679070860591013  0.022736127857345856
30  -13.680347364312082  0.02264493153400123
31  -13.681087856726334  0.02259202907509746
32  -13.682011937249978  0.022526010664935568
33  -13.682818878446401  0.02246836095420269
34  -13.68374732412499  0.02240203068746314
35  -13.68454510340624  0.022345035524746686
36  -13.685087981599391  0.022306251074359098
37  -13.685808142160255  0.022254801169212288
38  -13.686488487344114  0.022206195764974825
39  -13.687031688270425  0.02216738825779777
40  -13.68760565752977  0.02212638259106823
41  -13.688247399027539  0.0220805351217909
42  -13.688940469130118  0.022031020620475992
43  -13.689783906133007  0.02197076356648806
44  -13.690392595195295  0.021927277438226523
45  -13.691019454371443  0.021882493195786855
46  -13.691536246568552  0.021845572388168637
47  -13.691944720372845  0.021816390092402993
48  -13.692339198924884  0.021788207649225993
49  -13.692933677502593  0.02174573675023891
50  -13.693445035520753  0.021709204172699722
51  -13.694075249166  0.021664180279373377
52  -13.694646879779746  0.021623341690793874
53  -13.695309361529896  0.02157601249080852
54  -13.695782434976667  0.021542215049950755
55  -13.696337274437548  0.02150257605944594
56  -13.697095474851713  0.021448408500833363
57  -13.697499807083217  0.021419522088428684
58  -13.697915595436877  0.021389817224653163
59  -13.69850291725822  0.021347857620585865
60  -13.69885827444104  0.021322470096826644
61  -13.699516819524913  0.02127542214121585
62  -13.69972781620462  0.021260348059480256
63  -13.700198695369966  0.02122670738306825
64  -13.700441981713793  0.021209326454434275
65  -13.700764141419873  0.021186310633767743
66  -13.701262084946297  0.02115073641796748
67  -13.700969401650404  0.021171646376982284
68  -13.70153899817429  0.021130953108399658
69  -13.701944802948812  0.0211019614941792
70  -13.702309632063612  0.021075897274099288
71  -13.702737995547569  0.0210452940144713
72  -13.703114564091669  0.021018391102915042
73  -13.703522258226354  0.020989264508516015
74  -13.70390978146461  0.020961578968743382
75  -13.704219353456335  0.020939462442963006
76  -13.70469184100138  0.020905706860254555
77  -13.70532840648732  0.020860229177011087
78  -13.70571631242482  0.02083251629633586
79  -13.70613713412312  0.02080245183899412
80  -13.706465732206297  0.020778976046053412
81  -13.707055845197234  0.020736817034494686
82  -13.707437257304296  0.020709568087806093
83  -13.707730378773675  0.02068862682468279
84  -13.708299968498451  0.020647934041843927
85  -13.708118680958298  0.020660885635213587
86  -13.708744662567991  0.02061616408811344
87  -13.709544913593774  0.020558992338356948
88  -13.71026774701887  0.020507351477722306
89  -13.710872253764334  0.020464164143668005
90  -13.711343604728992  0.020430489760842312
91  -13.711714613805874  0.020403984030243384
92  -13.712103965900289  0.020376167832835537
93  -13.712502827408262  0.020347672261337813
94  -13.712915803875447  0.020318168285114697
95  -13.713280645689125  0.02029210315779809
96  -13.713615154838944  0.02026820506483903
97  -13.71398059306545  0.02024209732843617
98  -13.714589235871362  0.02019861450483517
99  -13.714904342476883  0.020176102573682252
100  -13.715178066512257  0.020156547107274176
101  -13.715587773366721  0.020127276719605482
102  -13.715923442143508  0.020103295780263694
103  -13.716265969560697  0.02007882484408327
104  -13.716823967816863  0.02003896018207315
105  -13.717142792374126  0.02001618263200847
106  -13.71761607709361  0.019982370097348646
107  -13.718052730360832  0.019951174596787368
108  -13.718635221237818  0.019909560126350506
109  -13.718936287402373  0.01988805127617035
110  -13.71923898809686  0.019866425651461673
111  -13.719592697042685  0.01984115588149473
112  -13.72000301563413  0.019811841789947538
113  -13.720543452514217  0.019773231752506774
114  -13.72076268810237  0.019757569064450448
115  -13.72102143103952  0.019739083881704755
116  -13.721394134104766  0.019712457128732028
117  -13.721653244467806  0.019693945696246825
118  -13.722116399562019  0.01966085684500934
119  -13.722605084986636  0.019625944049016953
120  -13.722890562880783  0.019605548860258247
121  -13.723321310964756  0.019574775239392345
122  -13.72360580406258  0.019554450406718434
123  -13.723988746512813  0.019527092128839987
124  -13.724757190602693  0.019472192738782357
125  -13.725165003617832  0.019443057651293855
126  -13.72590672696221  0.01939006725194783
127  -13.726544417782206  0.01934450917228508
128  -13.72709360969538  0.01930527365540764
129  -13.727933831581845  0.01924524629663495
130  -13.728502759699728  0.019204600780494345
131  -13.729166374538387  0.019157190630093853
132  -13.72991454990721  0.019103739283476126
133  -13.730338828260718  0.01907342787484017
134  -13.730968100323237  0.019028471250321213
135  -13.73166129793915  0.01897894763916434
136  -13.732403899946046  0.01892589446617352
137  -13.732778122594905  0.018899159150698227
138  -13.733403719627942  0.01885446507862725
139  -13.733691049718574  0.018833937564747386
140  -13.734154979494454  0.01880079336849322
141  -13.734498372409398  0.018776260599188587
142  -13.734855020554713  0.018750780846138446
143  -13.735522301814271  0.01870310875830663
144  -13.735576608378771  0.018699228974069282
145  -13.73596946707159  0.018671162257311916
146  -13.73649601982926  0.018633544133091807
147  -13.737003714379266  0.01859727328203322
148  -13.737535759853289  0.018559262745689177
149  -13.73811931829188  0.01851757200622812
150  -13.738743221589553  0.01847299893845609
151  -13.73923409277171  0.01843792998698368
152  -13.739632565601305  0.01840946218355156
153  -13.74005957777487  0.018378955464605256
154  -13.740606551272842  0.018339878436345432
155  -13.740915567430344  0.01831780162062363
156  -13.741284585674133  0.018291438119659824
157  -13.74153343085555  0.01827366005505044
158  -13.742028155102108  0.018238315831911232
159  -13.742309118467736  0.01821824317131743
160  -13.742585042265196  0.01819853054891272
161  -13.743123597000894  0.01816005497613933
162  -13.743051465925664  0.01816520818388272
163  -13.743488787001366  0.01813396497356775
164  -13.744059867617466  0.01809316567806861
165  -13.74450628659309  0.0180612724931321
166  -13.745056829998354  0.018021940422592038
167  -13.745581270951002  0.017984473170516404
168  -13.746015209101456  0.017953471644060016
169  -13.746602894323802  0.01791148607780015
170  -13.74695916170303  0.017886033527543563
171  -13.747300897321225  0.017861619159280587
172  -13.748017477814697  0.017810425022274513
173  -13.748378854552024  0.01778460744787768
174  -13.748789445920947  0.017755273868488356
175  -13.749376016942419  0.017713367903268017
176  -13.74965090977073  0.017693728935639433
177  -13.749959073011004  0.01767171305426045
178  -13.750552280980692  0.01762933293039448
179  -13.750913413804934  0.017603532781702118
180  -13.751128973618227  0.01758813269934533
181  -13.751545133965632  0.01755840125949234
182  -13.751908453428594  0.017532444892366352
183  -13.752188772069662  0.017512418292358563
184  -13.752513113320141  0.017489246617208295
185  -13.75284296599144  0.017465681193644368
186  -13.753176913216151  0.01744182324589061
187  -13.753289813332671  0.01743375740529662
188  -13.753998107575702  0.01738315525683088
189  -13.754205335229896  0.017368350442833178
190  -13.754504960382997  0.01734694454178223
191  -13.754794034275236  0.017326292446757395
192  -13.755157880733245  0.017300298429909055
193  -13.755420046493251  0.017281568712929175
194  -13.755674578620537  0.017263384359998225
195  -13.755856752173385  0.01725036946787054
196  -13.756084672505436  0.017234086321996786
197  -13.756294781259408  0.017219075675691167
198  -13.75649363751236  0.017204868933600244
199  -13.756752976203513  0.017186341188836315
200  -13.757069380329394  0.01716373655988369
201  -13.757305986549483  0.017146832874452622
202  -13.757496146993978  0.017133247380656337
203  -13.757632193596896  0.017123527902534262
204  -13.757917544108329  0.0171031418142858
205  -13.758074577030083  0.017091923025909665
206  -13.758273455249844  0.017077714714460058
207  -13.758491478415703  0.017062138644604475
208  -13.75877088952248  0.017042176880906323
209  -13.758953302428438  0.01702914488884917
210  -13.759116076555587  0.017017515935727725
211  -13.759334644419353  0.017001900951417317
212  -13.75932675006879  0.01700246494174068
213  -13.759493442196511  0.01699055607776504
214  -13.759692357903557  0.016976345088138747
215  -13.759872934045921  0.016963444318641895
216  -13.760062013818468  0.0169499360305026
217  -13.760260793169543  0.01693573478245632
218  -13.760416070624762  0.016924641408594128
219  -13.760569289339038  0.016913695115858007
220  -13.760692771563972  0.01690487326541877
221  -13.760828879560144  0.016895149401223334
222  -13.76104900704287  0.01687942299419426
223  -13.761157850624887  0.016871646961632954
224  -13.761338591180468  0.016858734446082664
225  -13.761479871190922  0.016848641081447086
226  -13.761721883894971  0.016831351144529775
227  -13.761855866379513  0.016821779131709833
228  -13.762086759304344  0.01680528361706045
229  -13.762407525950028  0.016782367319790683
230  -13.7624279501471  0.01678090816879141
231  -13.7626223694588  0.016767018411854837
232  -13.762858058084403  0.01675018028145666
233  -13.763043186250941  0.016736954305020233
234  -13.763208889900833  0.01672511606014445
235  -13.763397973960116  0.016711607465750983
236  -13.763567503022063  0.01669949592475466
237  -13.763722647656914  0.016688412039881046
238  -13.763883355794716  0.016676930685728144
239  -13.764073172976403  0.016663369715406058
240  -13.764297046329235  0.016647375694913893
241  -13.764480689905488  0.016634255780977294
242  -13.76466426280673  0.016621140916223888
243  -13.764798807993786  0.016611528702659084
244  -13.76504342010056  0.016594053058510885
245  -13.765184837612884  0.016583949870429514
246  -13.76534286284043  0.016572660189475102
247  -13.76559962484487  0.016554316529058713
248  -13.765856837822863  0.016535940650068127
249  -13.766035190584724  0.016523198723921273
250  -13.766261141423584  0.016507056283111582
251  -13.766412540100138  0.016496240018001613
252  -13.766589941716557  0.016483566043844086
253  -13.766880370087437  0.016462817181790615
254  -13.767006964040986  0.01645377302239585
255  -13.767156026129038  0.016443123688472196
256  -13.767441973567603  0.01642269495439449
257  -13.76754613432638  0.016415253473354922
258  -13.767670156197893  0.01640639306933921
259  -13.767846029539202  0.016393828278624546
260  -13.767961826881136  0.01638555545367061
261  -13.768146108898272  0.016372389928068193
262  -13.768344962057393  0.016358183407007575
263  -13.768458688475517  0.01635005853355133
264  -13.76862920760049  0.016337876260205147
265  -13.768770122805389  0.016327808958106458
266  -13.768936854542867  0.01631589726431985
267  -13.7691386230896  0.0163014824613507
268  -13.769250812963477  0.016293467362103197
269  -13.769378827972492  0.016284321679280366
270  -13.769661637058478  0.01626411715623457
271  -13.769841846157586  0.016251242609141087
272  -13.769988147747197  0.016240790491492088
273  -13.770224384167177  0.016223913225420192
274  -13.770377250012558  0.0162129921424389
275  -13.770582944518052  0.016198296860064357
276  -13.770793997472964  0.016183218757900387
277  -13.77098457701304  0.016169603322964472
278  -13.771126000855583  0.01615949968263795
279  -13.771374462205488  0.01614174903982306
280  -13.771554402988084  0.01612889366187025
281  -13.771735334794723  0.016115967482910287
282  -13.77203225384144  0.016094754912241976
283  -13.7722096035978  0.016082084643084804
284  -13.772420543003177  0.0160670146531573
285  -13.772689671494062  0.016047787502878857
286  -13.772844403656404  0.016036733085977587
287  -13.77299126505694  0.01602624097416542
288  -13.773173991597046  0.016013186575372696
289  -13.77330886357199  0.016003551015339446
290  -13.773550609341854  0.015986280148806216
291  -13.773805850905537  0.015968045112128685
292  -13.774052439009738  0.015950428298238957
293  -13.774290939227733  0.015933389301298333
294  -13.7745625772527  0.01591398286420867
295  -13.774841821250028  0.01589403303918893
296  -13.775164492473564  0.015870980674554263
297  -13.775368388262555  0.01585641389656962
298  -13.775611787700626  0.015839024888226066
299  -13.775879194013582  0.015819920774248018
300  -13.77602939721717  0.015809189916440255
301  -13.776284120236397  0.015790991925755775
302  -13.776478584259111  0.01577709897456291
303  -13.776645043534593  0.015765206746079757
304  -13.776799245703767  0.0157541901930934
305  -13.776996933069665  0.015740066958946898
306  -13.777252631614262  0.015721799274515613
307  -13.77744206669616  0.01570826560226972
308  -13.777652662195456  0.01569322018177336
309  -13.777868180582782  0.015677823058981664
310  -13.778068349999717  0.015663522501475076
311  -13.77826547702813  0.015649439299110394
312  -13.77846242123175  0.01563536915816395
313  -13.778638473247367  0.015622791602551072
314  -13.778798769668382  0.015611339662379972
315  -13.778934926637705  0.015601612299431477
316  -13.77915245936525  0.01558607126760228
317  -13.779254704482742  0.015578766644324369
318  -13.779392181381294  0.01556894498263567
319  -13.779558824339997  0.015557039631406235
320  -13.779764412745267  0.01554235192907251
321  -13.779903180252013  0.015532438063404866
322  -13.780066878903284  0.015520743060181636
323  -13.780184430165288  0.015512344931196674
324  -13.780334268687943  0.01550164012702264
325  -13.780498626610784  0.015489898023941935
326  -13.78060587631428  0.015482235861680191
327  -13.780747901349686  0.0154720892707708
328  -13.78099210091967  0.015454643099187197
329  -13.781090712317509  0.015447598077089482
330  -13.781218872311388  0.015438442036218797
331  -13.781331967263434  0.015430362276132618
332  -13.781487805476496  0.01541922884045722
333  -13.781611365055  0.015410401463703437
334  -13.781723246595968  0.015402408392458862
335  -13.78189855268184  0.015389884127760241
336  -13.782073536450872  0.01537738289010828
337  -13.782222246360641  0.015366758716600563
338  -13.782398568578813  0.015354161857103926
339  -13.782516333898405  0.015345748435359016
340  -13.782672395083289  0.015334599070070636
341  -13.782821127229711  0.015323973307925925
342  -13.782957696364717  0.015314216498925474
343  -13.783079093335978  0.015305543623741903
344  -13.783321311509999  0.015288239007583419
345  -13.783369462589132  0.015284798985192955
346  -13.783572911864022  0.015270264107189175
347  -13.783664020468377  0.015263755101688361
348  -13.783803222371034  0.015253810201790792
349  -13.783991041470397  0.015240391979005312
350  -13.784163334950438  0.015228082941705483
351  -13.784362204073977  0.015213875280110653
352  -13.784516817195074  0.015202829367786094
353  -13.784673338198864  0.0151916471519913
354  -13.784675799686578  0.015191471297721722
355  -13.784820741687977  0.015181116312140738
356  -13.785036175726177  0.015165725215442122
357  -13.785191117286626  0.015154655838664727
358  -13.78538283138994  0.015140959347955766
359  -13.785525286186358  0.01513078205394426
360  -13.785711438896685  0.01511748288177399
361  -13.785918577779958  0.015102684409772402
362  -13.786066529576543  0.015092114397591425
363  -13.786190163669517  0.015083281697354694
364  -13.786467795259643  0.015063447066365405
365  -13.786572783333952  0.015055946480026347
366  -13.78672509199138  0.015045065203817144
367  -13.786917717614017  0.015031303592098762
368  -13.7871073850922  0.015017753316934734
369  -13.787254342274345  0.015007254362267049
370  -13.787470517974914  0.014991810279525317
371  -13.787622853424816  0.014980927089200954
372  -13.787820463366835  0.014966809386392102
373  -13.788083689507582  0.014948003913405113
374  -13.788192948661719  0.014940198191428332
375  -13.788316131221194  0.014931397749769666
376  -13.788501819953458  0.0149181317252454
377  -13.788617308887007  0.014909880933686542
378  -13.788791573772704  0.014897431054691821
379  -13.788964017939785  0.014885111251967831
380  -13.78909075752821  0.01487605668808691
381  -13.789193712425709  0.014868701356514295
382  -13.789304819905656  0.014860763585946122
383  -13.789422310859846  0.014852369765488272
384  -13.789546674524551  0.014843484942991035
385  -13.789670154625775  0.01483466324427453
386  -13.789791436558206  0.014825998587726099
387  -13.789900073186327  0.01481823734042087
388  -13.789978414370518  0.014812640468397142
389  -13.790065602536593  0.014806411547905966
390  -13.790186595434717  0.014797767540624543
391  -13.790296787901726  0.014789895140657653
392  -13.790371003060153  0.01478459304128001
393  -13.79051453866507  0.014774338531856048
394  -13.790583090708468  0.014769441018270699
395  -13.790664290163678  0.01476363994487744
396  -13.790768435285097  0.014756199581006227
397  -13.790826056279359  0.01475208300638334
398  -13.790925661385298  0.014744966991523313
399  -13.791016114095353  0.01473850484460014
400  -13.791074009951569  0.014734368633215379
401  -13.791161530274254  0.014728115982702045
402  -13.791224517093005  0.014723616061397899
403  -13.791301068126211  0.01471814708182389
404  -13.79136593547722  0.014713512811026654
405  -13.791414040778092  0.01471007605913908
406  -13.791492505496116  0.014704470361577857
407  -13.791571407365156  0.014698833432955782
408  -13.79161407427664  0.0146957852119505
409  -13.791683639912465  0.014690815285021504
410  -13.791739432601766  0.01468682932865511
411  -13.791797040855625  0.014682713664235496
412  -13.791882898763253  0.014676579780427329
413  -13.791926705587898  0.014673450121438471
414  -13.791963829187537  0.01467079792721406
415  -13.792039561817148  0.014665387416250597
416  -13.792079459100638  0.014662537063756031
417  -13.79214973986476  0.014657516046438175
418  -13.792167097467956  0.014656275979866122
419  -13.792216280414687  0.01465276223851227
420  -13.792244548967615  0.014650742668924858
421  -13.792283147022282  0.014647985136286451
422  -13.792341727525237  0.01464380001218457
423  -13.792370417567057  0.014641750330473999
424  -13.792466706536262  0.014634871227949492
425  -13.792501543215497  0.014632382416509791
426  -13.792541437492238  0.014629532278824171
427  -13.792580817245499  0.014626718899863857
428  -13.79263461774478  0.014622875270074531
429  -13.792689948236497  0.014618922334152623
430  -13.792738018240533  0.014615488103951111
431  -13.792797682144174  0.014611225579244994
432  -13.792875394540124  0.01460567362928048
433  -13.79296563930618  0.014599226338348533
434  -13.793031921935407  0.014594490956862879
435  -13.793106458380523  0.014589165904034968
436  -13.793177641438664  0.01458408042478429
437  -13.793290132172475  0.014576043831420292
438  -13.793367432962004  0.014570521287552724
439  -13.79346441829767  0.014563592435027547
440  -13.793577373790544  0.014555522638221123
441  -13.793657055730252  0.014549829979579884
442  -13.79373505421051  0.014544257591103013
443  -13.793857591444244  0.014535503252980118
444  -13.793924928314592  0.014530692554115772
445  -13.79400775192874  0.014524775447121272
446  -13.79411146098122  0.014517366237004899
447  -13.794176309002964  0.014512733347134252
448  -13.79420905009021  0.01451039424954304
449  -13.794352148903702  0.0145001709454899
450  -13.79441181488496  0.014495908272354158
451  -13.794494862437524  0.014489975166690889
452  -13.794609573907257  0.014481779918911796
453  -13.794494484205815  0.014490002188422725
454  -13.794690964161951  0.014475965214370261
455  -13.794792370940634  0.014468720483919862
456  -13.794855000607228  0.014464246078376486
457  -13.794928202899147  0.014459016340481324
458  -13.795009881399222  0.014453181043035463
459  -13.79509647304162  0.014446994739549912
460  -13.795191146291657  0.014440231067670211
461  -13.795251906238128  0.014435890239176444
462  -13.795329885252526  0.014430319241384798
463  -13.795411849555204  0.014424463525552248
464  -13.795483310145206  0.014419358218795485
465  -13.795545108032877  0.014414943237426413
466  -13.79562392137398  0.014409312633441104
467  -13.795676024777787  0.01440559024800464
468  -13.795756908354075  0.014399811741718524
469  -13.795814281999295  0.01439571283827269
470  -13.795885249160163  0.014390642783213286
471  -13.795919925441396  0.014388165430970963
472  -13.796047132459112  0.014379077472880562
473  -13.79610276434634  0.0143751030045792
474  -13.796171527771145  0.014370190389426352
475  -13.7962697035915  0.014363176485972762
476  -13.796152359213108  0.014371559834722849
477  -13.79632348159317  0.014359334463463826
478  -13.796426785366178  0.014351954207432882
479  -13.796498907916119  0.014346801608755486
480  -13.796584533512748  0.014340684321772398
481  -13.796661464356477  0.01433518820767253
482  -13.79673379463296  0.014330020768539477
483  -13.796823894154352  0.014323583854216036
484  -13.796900950410322  0.01431807878038103
485  -13.796967800392016  0.014313302865947293
486  -13.797084105919826  0.014304993735040884
487  -13.79715089028782  0.014300222508198766
488  -13.797247490220862  0.014293321189711963
489  -13.797373984689205  0.014284284137766124
490  -13.797436361500715  0.014279827796763931
491  -13.797590832866836  0.014268792011736607
492  -13.797652905564389  0.014264357397325815
493  -13.797744011640091  0.014257848572477699
494  -13.797784735511565  0.014254939166661311
495  -13.79785782344892  0.014249717598515711
496  -13.797912913671228  0.014245781827985816
497  -13.798003203263406  0.014239331334574001
498  -13.798055663373654  0.014235583465219628
499  -13.798117226441146  0.014231185259937178
500  -13.79819668223103  0.014225508757952716
501  -13.798290323200494  0.014218818834540368
502  -13.798373811387487  0.014212854248953338
503  -13.798444635473155  0.014207794415510962
504  -13.798514943845001  0.014202771425834631
505  -13.798602855564964  0.014196490813011383
506  -13.798691133109665  0.014190184064838376
507  -13.798778628782545  0.014183933175363116
508  -13.79888687106614  0.014176200100925997
509  -13.798959259951909  0.014171028474612492
510  -13.799038386792848  0.0141653754734873
511  -13.79908131354378  0.014162308688962068
512  -13.799175612798091  0.014155571736186017
513  -13.799247285484656  0.014150451276769394
514  -13.799299469014006  0.014146723166982223
515  -13.799384669897934  0.01414063622243851
516  -13.799284296760113  0.014147807107239504
517  -13.799430475063174  0.014137363797461534
518  -13.799508290315648  0.014131804499193396
519  -13.799569674846213  0.014127419048994304
520  -13.79965889630501  0.014121044865455751
521  -13.799697724610109  0.014118270883203839
522  -13.79978793712249  0.014111825896547667
523  -13.799843152973352  0.014107881150828663
524  -13.799891456508208  0.014104430236655313
525  -13.79997776490041  0.014098264169206627
526  -13.79998062648076  0.014098059731410944
527  -13.800047386998433  0.01409329020849001
528  -13.800143335702922  0.014086435415249171
529  -13.800235274756036  0.01407986708060402
530  -13.80034658723309  0.014071914664577183
531  -13.800425382168747  0.014066285375518718
532  -13.800563645523589  0.014056407527607477
533  -13.800652324814237  0.014050072077792118
534  -13.80072913908507  0.014044584291924627
535  -13.8008390829213  0.014036729654704894
536  -13.800971397050926  0.014027276832947085
537  -13.801066596821432  0.014020475545250002
538  -13.801183385132132  0.014012131923238
539  -13.801243156381004  0.01400786172954502
540  -13.801362989049935  0.013999300611670708
541  -13.80144171725372  0.013993676090088622
542  -13.801489260872408  0.013990279466051185
543  -13.801592056498983  0.013982935513154875
544  -13.80164413752579  0.01397921472638207
545  -13.801744672480048  0.013972032281047472
546  -13.801788846309247  0.013968876402420165
547  -13.801858584072482  0.013963894178318219
548  -13.801920300936192  0.013959484985484827
549  -13.802031412386134  0.013951546931291263
550  -13.80208632649624  0.013947623742616716
551  -13.802153297882697  0.013942839154751223
552  -13.802250234278315  0.013935913798614195
553  -13.802180761982916  0.013940877057091345
554  -13.802309388901154  0.013931687658084611
555  -13.802414474784465  0.013924180084048452
556  -13.802493696788199  0.013918520284277178
557  -13.802609479935963  0.013910248473386923
558  -13.802684571478704  0.013904883763124695
559  -13.802773833976497  0.013898506647667102
560  -13.802863368278837  0.013892110113875715
561  -13.802928275746684  0.013887472977040523
562  -13.803018653613252  0.013881016177105882
563  -13.803097639496343  0.013875373246329313
564  -13.803179796593493  0.013869503756822067
565  -13.80324108338066  0.013865125289633148
566  -13.80333572883449  0.01385836360357764
567  -13.803408168095709  0.01385318837832767
568  -13.803474101422685  0.01384847795178771
569  -13.803562975428854  0.013842128591053613
570  -13.803630002288502  0.013837340040057345
571  -13.803723894403085  0.013830632174267632
572  -13.80380866706947  0.013824575822557209
573  -13.803858463673555  0.013821018240129039
574  -13.803927755490466  0.013816067875444683
575  -13.803970852669726  0.013812988915132884
576  -13.804043197127221  0.01380782046287615
577  -13.804091339880536  0.01380438103530104
578  -13.804140616828871  0.013800860578259175
579  -13.804229691558945  0.013794496877353679
580  -13.804280550661804  0.013790863387601264
581  -13.804357211394759  0.013785386570828258
582  -13.804400882053393  0.013782266639848235
583  -13.80444874820731  0.013778846973161939
584  -13.804513736220418  0.013774204081990463
585  -13.804595964223896  0.013768329526774202
586  -13.804643417892123  0.013764939329001896
587  -13.804713582880693  0.013759926582952322
588  -13.804759615571202  0.01375663790305362
589  -13.804818708987462  0.013752416135260997
590  -13.804888361948066  0.01374743996965148
591  -13.804934534858877  0.01374414127209618
592  -13.804972483863493  0.013741430109066687
593  -13.80507610168631  0.013734027416604452
594  -13.80510911660273  0.013731668756035457
595  -13.805166715090005  0.0137275537893629
596  -13.805212120011165  0.01372430995873148
597  -13.805281734898221  0.013719336513182646
598  -13.805339132793671  0.013715235877245317
599  -13.805393270877621  0.013711368129640921
600  -13.805471331232926  0.013705791320670221
601  -13.805559223682419  0.013699512084573068
602  -13.80561576866916  0.01369547238236991
603  -13.805686105406402  0.013690447366205349
604  -13.805738930841793  0.013686673397193545
605  -13.805802645396748  0.01368212148476313
606  -13.805883152097113  0.013676369903348376
607  -13.80593607844733  0.013672588724752414
608  -13.806012930473113  0.013667098241585513
609  -13.806075357821461  0.01366263829011685
610  -13.80613222919007  0.013658575270452245
611  -13.806203305371968  0.013653497426682962
612  -13.80624034564903  0.013650851185212604
613  -13.806307365780707  0.013646063114877862
614  -13.806335450263013  0.013644056695713494
615  -13.8063662697061  0.01364185488474293
616  -13.806397995067332  0.013639588352923702
617  -13.806442861515002  0.013636382992060665
618  -13.806486308905294  0.013633279011877822
619  -13.806517733244663  0.013631033985743802
620  -13.80658533653359  0.013626204253331388
621  -13.806571590371195  0.01362718631037504
622  -13.806621830018551  0.013623597075929906
623  -13.806652521573003  0.013621404401613703
624  -13.806686920542221  0.013618946861171207
625  -13.806724309206864  0.013616275730101327
626  -13.80675298321019  0.013614227194217116
627  -13.806800167947188  0.013610856209502272
628  -13.806826242081993  0.01360899341412662
629  -13.806862084841853  0.013606432726003382
630  -13.806908279593575  0.013603132468083805
631  -13.806953866212135  0.01359987565657768
632  -13.806989491940696  0.013597330473663122
633  -13.807035347621811  0.013594054439717304
634  -13.80706990023954  0.013591585922276432
635  -13.807116731719068  0.013588240175077062
636  -13.807173328392343  0.013584196780270582
637  -13.807195938117852  0.013582581490158856
638  -13.807242028788615  0.013579288668019236
639  -13.80727729405646  0.013576769237236396
640  -13.807319662647464  0.013573742328923444
641  -13.807353758978053  0.013571306409671543
642  -13.807379610026716  0.013569459552076222
643  -13.807378943305777  0.013569507184133538
644  -13.807402446755175  0.013567828044358493
645  -13.807436499736253  0.013565395222094033
646  -13.807462565469333  0.013563533026956722
647  -13.807488207716982  0.013561701086579782
648  -13.80751668984846  0.013559666258455932
649  -13.8075699045135  0.013555864481994596
650  -13.807585778801476  0.013554730386828808
651  -13.80764453578042  0.013550532654881665
652  -13.807668738849381  0.013548803532697037
653  -13.807704692771692  0.013546234902876054
654  -13.807751234570246  0.01354290985114303
655  -13.807779140534489  0.013540916185714265
656  -13.807821944029193  0.01353785820689376
657  -13.807844068906347  0.01353627755544908
658  -13.807871226102563  0.013534337383707788
659  -13.807897892337287  0.013532432287369903
660  -13.807918906748297  0.013530930970147171
661  -13.807940565247446  0.013529383637805766
662  -13.80796371489356  0.013527729774540389
663  -13.808000212805503  0.013525122280865304
664  -13.808034507577503  0.013522672184508575
665  -13.808055973764212  0.013521138591404391
666  -13.80808520148288  0.013519050496839278
667  -13.808101346307378  0.01351789707393033
668  -13.808133884443354  0.013515572475638523
669  -13.808152225670524  0.013514262136737102
670  -13.808175686205168  0.013512586062889525
671  -13.808205359537872  0.013510466132646165
672  -13.808239278297462  0.013508042899469547
673  -13.808260287846455  0.013506541929600316
674  -13.80828561473258  0.013504732519366578
675  -13.808309917101239  0.013502996302986046
676  -13.80833515625591  0.013501193160486528
677  -13.808359722368078  0.013499438101671061
678  -13.80837633862436  0.013498250998605351
679  -13.808404416098277  0.013496245080136167
680  -13.808426066359225  0.013494698336350558
681  -13.808444686826777  0.01349336804788241
682  -13.808459459411369  0.013492312660907146
683  -13.808473493544183  0.013491310030603098
684  -13.80848996958148  0.013490132945099946
685  -13.808507824853539  0.013488857323934702
686  -13.808520145109789  0.013487977136862696
687  -13.808535808752433  0.013486858090677586
688  -13.808550106180412  0.013485836649969284
689  -13.808565418414263  0.013484742709226047
690  -13.808580600977447  0.013483658032449603
691  -13.808595991264534  0.01348255851540596
692  -13.808612657538399  0.013481367838970587
693  -13.808635910331228  0.013479706606669813
694  -13.808650767600758  0.013478645169610342
695  -13.808670265235941  0.013477252214295571
696  -13.808692935719437  0.013475632583495331
697  -13.808718708883665  0.013473791290140829
698  -13.808734252446111  0.013472680822757648
699  -13.808750358530308  0.013471530167543783
700  -13.808764595396335  0.013470513053518795
701  -13.808785458108037  0.013469022574038918
702  -13.808813521869306  0.013467017635232491
703  -13.808833006921455  0.013465625578878178
704  -13.808846727177857  0.013464645372617526
705  -13.808869635342644  0.013463008761326313
706  -13.808891862797555  0.013461420781493772
707  -13.808913377096125  0.01345988375116902
708  -13.808940804234743  0.013457924294129873
709  -13.808954217776321  0.01345696600027234
710  -13.80897778951972  0.013455281981418932
711  -13.80899953157667  0.013453728679518454
712  -13.809023306085992  0.013452030174607239
713  -13.809040829293593  0.0134507782768806
714  -13.80905633836279  0.013449670273773435
715  -13.809080150605759  0.013447969073084804
716  -13.809105669563007  0.01344614594085403
717  -13.80912939841472  0.013444450697825931
718  -13.809148977255903  0.013443051940970181
719  -13.809163786837974  0.013441993910811047
720  -13.80918923816428  0.013440175610288327
721  -13.809196190256529  0.013439678937037606
722  -13.809225433351868  0.013437589743928242
723  -13.809238847319175  0.01343663141965568
724  -13.809255675175146  0.013435429199427888
725  -13.809278812397206  0.01343377622376518
726  -13.809269655927778  0.013434430382725212
727  -13.809294841721709  0.01343263105243807
728  -13.809317167089382  0.013431036077495538
729  -13.809332963617898  0.013429907537642154
730  -13.809354363756327  0.013428378663176997
731  -13.809361746105491  0.01342785125139567
732  -13.809394282456013  0.013425526780660718
733  -13.809411836589854  0.013424272673493342
734  -13.809431790174767  0.01342284714409494
735  -13.809463555715082  0.013420577741790809
736  -13.809430643340331  0.013422929076550185
737  -13.809483708359295  0.013419137991144133
738  -13.809516115183888  0.013416822774035596
739  -13.809536195310987  0.013415388204176157
740  -13.80956139349299  0.013413587988856975
741  -13.809582502512237  0.013412079912606992
742  -13.809602156929442  0.013410675756428691
743  -13.809625552104553  0.013409004352014501
744  -13.80964435829304  0.013407660795221155
745  -13.809673949060345  0.013405546763637375
746  -13.809691405079697  0.013404299665991798
747  -13.809711205488972  0.013402885079808632
748  -13.809729928216845  0.013401547485631025
749  -13.80974866644484  0.013400208784089514
750  -13.809767460522945  0.013398866092489348
751  -13.809791901178112  0.013397119996606822
752  -13.809806807593109  0.01339605504848368
753  -13.80982462856305  0.01339478187793964
754  -13.80982655901673  0.013394643961946746
755  -13.809838011188415  0.013393825792806584
756  -13.809856581553161  0.013392499083796585
757  -13.809876846880348  0.013391051282822464
758  -13.809896289134656  0.013389662284043112
759  -13.80991451630267  0.013388360093786624
760  -13.809940238544378  0.013386522438452631
761  -13.809955711956095  0.013385416982796812
762  -13.809974042658222  0.013384107395828293
763  -13.80998784271957  0.013383121488121106
764  -13.810009784560926  0.013381553913169308
765  -13.810029605340313  0.013380137871699052
766  -13.810047114024727  0.01337888701154193
767  -13.810080992932237  0.013376466625488293
768  -13.810078695637609  0.013376630749431125
769  -13.810101628963709  0.013374992340558594
770  -13.810123186595016  0.013373452214444786
771  -13.810137913974799  0.01337240005700367
772  -13.810154065985358  0.013371246120706176
773  -13.810179400224506  0.01336943618515578
774  -13.810203609941283  0.01336770658803605
775  -13.810225544413019  0.013366139539586604
776  -13.810245301783807  0.01336472802817061
777  -13.81026335610972  0.013363438186146185
778  -13.810281027766752  0.013362175682855268
779  -13.810308901956612  0.013360184287460622
780  -13.81032938978379  0.013358720590582041
781  -13.810350463173894  0.013357215059758985
782  -13.81037849714196  0.013355212249446576
783  -13.810395792526188  0.01335397662793881
784  -13.810419366928976  0.013352292419092604
785  -13.810456422418731  0.013349645090792903
786  -13.810476088112768  0.013348240128972132
787  -13.810497369898215  0.013346719709912695
788  -13.81052016181653  0.013345091403533306
789  -13.81054406153583  0.013343383953336962
790  -13.81056467059317  0.013341911595500563
791  -13.810597819642645  0.013339543352161663
792  -13.810618933868863  0.013338034903913863
793  -13.810645357174668  0.013336147162969417
794  -13.810682531312192  0.013333491358203787
795  -13.810718862269667  0.013330895792134864
796  -13.810754623277482  0.0133283409445633
797  -13.810786634751533  0.013326053972194857
798  -13.810811610465445  0.01332426965050114
799  -13.810850091682465  0.013321520465009453
800  -13.810893410403708  0.013318425677235516
801  -13.810927802144084  0.013315968653237866
802  -13.81095663703878  0.013313908622909008
803  -13.810982368654221  0.013312070297894198
804  -13.811010935055805  0.013310029449322722
805  -13.811052838789186  0.0133070357514935
806  -13.811077515709071  0.013305272776323226
807  -13.811096940088717  0.01330388505455028
808  -13.811142993408103  0.013300594900877824
809  -13.811161276304219  0.013299288729279289
810  -13.811188673390621  0.01329733141923859
811  -13.811219831571124  0.01329510540809808
812  -13.81124293054025  0.01329345516531188
813  -13.81128798478936  0.013290236387487669
814  -13.811340480962503  0.013286485941718227
815  -13.811388545244984  0.013283052120277574
816  -13.811429452043182  0.013280129645760771
817  -13.811467343396313  0.013277422601484254
818  -13.811499297689238  0.013275139714265218
819  -13.811551477030857  0.013271411903659061
820  -13.81158273779192  0.013269178563930556
821  -13.811616636269628  0.01326675677973756
822  -13.811670018594803  0.01326294302525551
823  -13.811690753525257  0.013261461674758088
824  -13.811718543672066  0.013259476283589691
825  -13.811734582190622  0.013258330455418528
826  -13.811787207922423  0.013254570753684537
827  -13.811802899512106  0.013253449710899564
828  -13.811843881031571  0.013250521898125808
829  -13.81188959380564  0.013247256073783752
830  -13.811897267840713  0.01324670782329898
831  -13.811963567415338  0.013241971231195629
832  -13.811987368125461  0.01324027085443968
833  -13.8120296949712  0.013237246928503218
834  -13.81208661545798  0.013233180399724867
835  -13.811998464958474  0.013239478071500716
836  -13.812112591301192  0.013231324626523764
837  -13.81215034732112  0.013228627250758419
838  -13.812174730371174  0.013226885270315963
839  -13.812214395190418  0.013224051525594738
840  -13.812206358965106  0.013224625651772293
841  -13.812235456541103  0.013222546854895057
842  -13.812271787136911  0.013219951314664392
843  -13.812307752961779  0.013217381834497709
844  -13.812342583830288  0.013214893438189471
845  -13.812380267131708  0.013212201257599438
846  -13.81242378197661  0.013209092458306088
847  -13.8124688118848  0.01320587541945248
848  -13.812502004509145  0.013203504063025963
849  -13.812544158879048  0.013200492459154741
850  -13.812576914102056  0.013198152351672552
851  -13.81260805531304  0.013195927552873004
852  -13.812651317410058  0.013192836810462254
853  -13.812595701235052  0.013196810156246765
854  -13.812674894098048  0.013191152438355948
855  -13.812722611459128  0.013187743401767713
856  -13.81275597051662  0.013185360154979434
857  -13.812811317652404  0.013181406029967566
858  -13.812839718339548  0.013179377020411803
859  -13.81287651741673  0.013176748010808467
860  -13.812908665491776  0.013174451279354845
861  -13.81294071692373  0.013172161452303065
862  -13.81293897262011  0.013172286069313087
863  -13.812969456529904  0.01317010822960251
864  -13.813011460668884  0.013167107358569423
865  -13.81304962758627  0.013164380627356968
866  -13.81308540686619  0.01316182447438483
867  -13.813122444890205  0.013159178393877303
868  -13.81316197259882  0.013156354444650614
869  -13.813191542991108  0.013154241868704312
870  -13.813220792229078  0.013152152236751424
871  -13.813261388606833  0.013149251939375696
872  -13.813293370943617  0.013146967048639734
873  -13.81333364005588  0.013144090131853546
874  -13.813367047445528  0.01314170343210633
875  -13.813401350945224  0.013139252712223194
876  -13.813435495510351  0.013136813346986404
877  -13.813473614238895  0.013134090058494287
878  -13.813510524676659  0.013131453093038129
879  -13.813545475862117  0.013128956101013929
880  -13.813568274350834  0.013127327325230172
881  -13.81360352154498  0.013124809185673412
882  -13.813619106035036  0.01312369579432889
883  -13.813638939981375  0.013122278812181698
884  -13.81368444305924  0.013119027969012534
885  -13.813649256686288  0.01312154176336505
886  -13.81370779714719  0.013117359499958342
887  -13.81374934366823  0.013114391322189625
888  -13.813785783897488  0.013111787949496382
889  -13.813823573214599  0.013109088194904781
890  -13.813854181027535  0.013106901503272497
891  -13.813881268804924  0.013104966290969853
892  -13.81391500034015  0.01310255643352665
893  -13.813941245733607  0.013100681403044183
894  -13.813961456763675  0.01309923748117954
895  -13.813997586926796  0.013096656260315018
896  -13.814019822758256  0.013095067682042787
897  -13.814077209411128  0.01309096784930078
898  -13.814078244017692  0.013090893934659415
899  -13.814110024878772  0.013088623437805048
900  -13.814137123608354  0.013086687443052816
901  -13.814168098286114  0.013084474541764842
902  -13.814202008818494  0.013082051896358719
903  -13.81424018010558  0.013079324852965032
904  -13.814292959254031  0.013075554190797324
905  -13.814319055191566  0.013073689837785129
906  -13.814349367537364  0.013071524254995913
907  -13.814379166102885  0.013069395377835906
908  -13.814425947788248  0.013066053188044727
909  -13.814479977961636  0.013062193149815843
910  -13.814512200614654  0.0130598910903426
911  -13.814549570255444  0.013057221318379941
912  -13.814582171433827  0.01305489221619549
913  -13.814623533185696  0.013051937238755728
914  -13.814638591651438  0.013050861427782202
915  -13.814693114214052  0.013046966212149328
916  -13.814714287910567  0.013045453515208512
917  -13.81474091894587  0.013043550933597235
918  -13.814782140495462  0.013040605972526344
919  -13.814745084887408  0.01304325330927754
920  -13.814806854334222  0.013038840359787833
921  -13.814854003103985  0.013035471944653865
922  -13.814885647908504  0.013033211167989089
923  -13.814924918052396  0.013030405619770875
924  -13.814955787435363  0.013028200240981943
925  -13.81498325530179  0.013026237874255569
926  -13.81500941710487  0.013024368815659394
927  -13.81503631815182  0.013022446943803048
928  -13.815048081505044  0.013021606543147381
929  -13.8151026267982  0.013017709703592934
930  -13.815121025874518  0.013016395231817092
931  -13.815148889572708  0.013014404585971147
932  -13.815198120378009  0.01301088742549239
933  -13.815141425366951  0.013014937845773256
934  -13.815226057779315  0.013008891514128505
935  -13.815277212483181  0.013005236905969187
936  -13.815310932496818  0.013002827871654583
937  -13.815354805161268  0.012999693508920501
938  -13.815389836427197  0.012997190795765733
939  -13.815426163739012  0.01299459549015102
940  -13.815459771604967  0.012992194467921334
941  -13.815486021011322  0.012990319150748292
942  -13.815532306424315  0.012987012415781759
943  -13.815574389212669  0.012984005925858796
944  -13.815609172411252  0.012981520935198325
945  -13.815646678685372  0.0129788414018404
946  -13.815706160977555  0.0129745918518691
947  -13.815740702784872  0.01297212410674861
948  -13.815781590633684  0.012969202986018958
949  -13.81581457361202  0.012966846607179195
950  -13.815846351999099  0.012964576287073107
951  -13.815918774583828  0.012959402253229403
952  -13.815940388630562  0.012957858096669434
953  -13.816010678602673  0.01295283642151194
954  -13.81603954252226  0.012950774317578993
955  -13.816070757705024  0.012948544234067588
956  -13.816130120433552  0.012944303225995197
957  -13.81618828336712  0.012940147933998159
958  -13.81622441731871  0.012937566442476869
959  -13.816259571217465  0.01293505496815461
960  -13.816301345135155  0.012932070544652993
961  -13.81633828010844  0.012929431826323572
962  -13.816386011663432  0.012926021775689932
963  -13.816425406849813  0.012923207294152517
964  -13.816455206671266  0.01292107832726586
965  -13.816515222102229  0.012916790688650004
966  -13.816577916862565  0.012912311632661948
967  -13.816624537636294  0.012908980938763168
968  -13.816662572798384  0.012906263620448163
969  -13.816702328122194  0.012903423409875336
970  -13.816732855127698  0.012901242491309408
971  -13.816786661894877  0.012897398413727208
972  -13.816830715449612  0.012894251127780629
973  -13.816887607458874  0.012890186633500876
974  -13.816930554394776  0.012887118406915558
975  -13.816963144869108  0.012884790069452806
976  -13.816998375550916  0.012882273109574967
977  -13.81703480706537  0.012879670359487167
978  -13.817090626732082  0.012875682475793331
979  -13.81712478952709  0.012873241808172418
980  -13.817134631675081  0.01287253866277945
981  -13.81721715387961  0.012866643089172297
982  -13.81723634232565  0.012865272223031769
983  -13.817265847003208  0.012863164341894918
984  -13.817322986186545  0.012859082188938194
985  -13.817382513386733  0.012854829430637123
986  -13.817431432793143  0.012851334517201954
987  -13.817471590081718  0.01284846558935387
988  -13.81751950761237  0.012845042252196952
989  -13.817572501172636  0.012841256271962526
990  -13.817618897957523  0.012837941580335025
991  -13.817670266378968  0.012834271703706768
992  -13.817712125067812  0.012831281223961514
993  -13.817708410708223  0.012831546586241754
994  -13.817763219135992  0.012827630947753289
995  -13.817835091633802  0.012822496213367783
996  -13.817871414826142  0.012819901202057681
997  -13.817939536875047  0.012815034408254973
998  -13.817953847497874  0.012814012024876788
999  -13.818011801386435  0.012809871667529563
1000  -13.81803568608361  0.012808165290547981
1001  -13.818074303152423  0.012805406399495775
1002  -13.818136886761065  0.012800935284437046
1003  -13.818015690078983  0.012809593850507036
1004  -13.818165050452523  0.012798923206391118
1005  -13.818221799549677  0.012794868922076685
1006  -13.818266430125979  0.012791680412399625
1007  -13.818316506145292  0.012788102867913275
1008  -13.818353769161105  0.012785440713481018
1009  -13.818386118703781  0.01278312958872259
1010  -13.818428040762466  0.01278013458169206
1011  -13.818460757048419  0.01277779725596155
1012  -13.818479385429237  0.01277646640215168
1013  -13.818547199915905  0.012771621581293314
1014  -13.818566211849655  0.01277026332559139
1015  -13.818603884956113  0.012767571873352535
1016  -13.818659617991568  0.012763590178792328
1017  -13.818702912282575  0.012760497136369878
1018  -13.818745034052508  0.012757487861514438
1019  -13.818774063363344  0.012755413941655233
1020  -13.818805276778184  0.012753183984448366
1021  -13.818774198025508  0.012755404321084563
1022  -13.818826152297719  0.012751692589947825
1023  -13.818862681039848  0.012749082893694242
1024  -13.818891964550758  0.012746990813204724
1025  -13.81891784747615  0.012745141678263539
1026  -13.818917282391897  0.01274518204916526
1027  -13.818931685372352  0.012744153067548537
1028  -13.81895098795069  0.012742774047537554
1029  -13.818972587283044  0.012741230942206222
1030  -13.819006116726705  0.01273883552264326
1031  -13.819034866574112  0.01273678156828573
1032  -13.819069261138948  0.012734324342502327
1033  -13.819086454635825  0.01273309600005825
1034  -13.81911742357036  0.012730883509079274
1035  -13.819143651194317  0.012729009748090195
1036  -13.8191634759196  0.012727593424716169
1037  -13.819183077915257  0.012726193013652246
1038  -13.819193656323854  0.012725437268130342
1039  -13.819203986925116  0.012724699226526982
1040  -13.819233549072747  0.012722587239597656
1041  -13.819260874107576  0.012720635077084926
1042  -13.819280229394098  0.012719252291481601
1043  -13.819297185047672  0.012718040941102923
1044  -13.819325376017348  0.012716026914239125
1045  -13.819306650297559  0.012717364722166006
1046  -13.819339093141226  0.012715046931773067
1047  -13.819360253428176  0.012713535192842013
1048  -13.819378730271687  0.01271221516520134
1049  -13.819401124819507  0.012710615247872143
1050  -13.819413411118344  0.012709737486794792
1051  -13.81943469937469  0.01270821660543955
1052  -13.819444227602519  0.01270753588721557
1053  -13.819461452610382  0.012706305293555141
1054  -13.819420998972856  0.012709195393244941
1055  -13.81947072273565  0.012705643014763894
1056  -13.819487917098508  0.012704414610452165
1057  -13.819514352086976  0.012702526034871703
1058  -13.81953867627175  0.012700788259898513
1059  -13.819558700013564  0.01269935771833175
1060  -13.81955820754476  0.012699392901420919
1061  -13.819573181404245  0.01269832313491051
1062  -13.81958966099799  0.01269714579532667
1063  -13.819607036561232  0.012695904445648172
1064  -13.81961631232594  0.01269524176396259
1065  -13.819630807391334  0.012694206203588694
1066  -13.819648841088695  0.012692917835314928
1067  -13.819660409440312  0.012692091366016622
1068  -13.81968119084849  0.012690606695045042
1069  -13.819692459720375  0.012689801621258552
1070  -13.819712481490484  0.012688371220554965
1071  -13.81972481169231  0.012687490322948379
1072  -13.819742941963211  0.012686195055241685
1073  -13.819755327146002  0.012685310229670245
1074  -13.81976794312285  0.012684408915647451
1075  -13.819781998683442  0.012683404754494256
1076  -13.819789858307267  0.012682843245127813
1077  -13.819798131417487  0.01268225219535472
1078  -13.81980467444919  0.01268178474631801
1079  -13.819811597546831  0.01268129014450787
1080  -13.819824068091144  0.012680399220515517
1081  -13.819840309195785  0.012679238919134611
1082  -13.819860331526563  0.012677808478375506
1083  -13.81987369591144  0.012676853696384334
1084  -13.819881174626461  0.012676319400007406
1085  -13.819888483020472  0.012675797271750085
1086  -13.819901078587943  0.012674897415819533
1087  -13.819915143918198  0.012673892556699479
1088  -13.819919449144287  0.012673584981575364
1089  -13.819922970674233  0.012673333395482577
1090  -13.819927079093809  0.012673039880662438
1091  -13.819929800266495  0.012672845473908992
1092  -13.819938800609613  0.012672202468966942
1093  -13.819952321700026  0.012671236491576598
1094  -13.819966382033662  0.012670231989426291
1095  -13.81997816957248  0.012669389860896893
1096  -13.819986792291669  0.012668773834265462
1097  -13.819995562197448  0.012668147292289942
1098  -13.819998048588092  0.012667969658898553
1099  -13.819999263904196  0.012667882833957478
1100  -13.820000355965622  0.012667804814610342
1101  -13.820001881613164  0.012667695818886866
1102  -13.820002927870984  0.01266762107185333
1103  -13.820004676997256  0.012667496110302193
1104  -13.820003793220154  0.012667559249344379
1105  -13.820009183407969  0.01266717416209184
1106  -13.82001474594497  0.012666776761822143
1107  -13.820019656329608  0.012666425952797647
1108  -13.820023958777691  0.012666118576140542
1109  -13.820027475167077  0.012665867357301028
1110  -13.82003005462096  0.01266568307526061
1111  -13.82003245463534  0.012665511612785485
1112  -13.820034725548178  0.012665349373617683
1113  -13.820037616860416  0.012665142811708429
1114  -13.820040006614073  0.012664972082282703
1115  -13.82004161167152  0.012664857413335404
1116  -13.82004285860297  0.012664768329722192
1117  -13.820044421902482  0.01266465664405661
1118  -13.820042514031156  0.012664792946714767
1119  -13.82004589133123  0.012664551664731455
1120  -13.820047345202319  0.012664447796880722
1121  -13.82004902837901  0.01266432754691728
1122  -13.820050510757554  0.012664221642429311
1123  -13.82005193023525  0.012664120231720644
1124  -13.820045628812913  0.012664570419635864
1125  -13.820052959684377  0.012664046685538296
1126  -13.820058585576424  0.01266364475904033
1127  -13.820061749709547  0.012663418706187844
1128  -13.820062596143114  0.012663358235052529
1129  -13.820062747753585  0.01266334740365629
1130  -13.82006279321484  0.01266334415580109
1131  -13.82006282185635  0.012663342109586568
1132  -13.820062956863133  0.012663332464395567
1133  -13.820063102647044  0.012663322049262042
1134  -13.820063838343916  0.012663269489407538
1135  -13.820070010468559  0.012662828538813092
1136  -13.820081229582449  0.012662027019850712
1137  -13.82008973552386  0.012661419336088853
1138  -13.820090264838077  0.012661381520679684
1139  -13.820097241075743  0.012660883122425614
1140  -13.820100140106508  0.012660676009087324
1141  -13.820100425121064  0.012660655647000496
1142  -13.82010079998668  0.012660628865749998
1143  -13.820101263749061  0.012660595733512785
1144  -13.820101281669606  0.01266059445322837
1145  -13.625849801099493  0.02653836115288784
1146  -13.820101281677488  0.012660594452665284
1147  -13.820101281683804  0.012660594452214003
1148  -13.820102372760736  0.012660516503201373
1149  -13.62563922718341  0.02655340503143057
1150  -13.820102372768465  0.0126605165026492
1151  -13.625568061457175  0.026558489272450497
1152  -13.820102372771101  0.01266051650246087
1153  -13.625499053259654  0.026563419374721772
1154  -13.820102372774082  0.01266051650224792
1155  -13.82010237277459  0.012660516502211625
1156  -13.704895757975514  0.020891138568755116
1157  -13.820102575334944  0.012660502030840128
1158  -13.62588152164602  0.02653609496504207
1159  -13.820102575348388  0.012660502029879697
1160  -13.820102575357428  0.012660502029233866
1161  -13.625724546580345  0.026547309620048594
1162  -13.820102575361954  0.012660502028910508
1163  -13.820102575365066  0.012660502028688167
1164  -13.625640963065344  0.026553281016084944
1165  -13.820102575365931  0.012660502028626362
1166  -13.820102575366015  0.012660502028620398
1167  -13.625582088764626  0.0265574871297659
1168  -13.820102575365254  0.012660502028674714
1169  -13.820102575366015  0.012660502028620398
