2  3  1  -0.06466516621791485  
2  4  2  -0.003792389462986767  
2  5  3  -0.0009606777131370148  
2  6  4  -0.00016129310100299055  
2  7  5  -4.9582887423738065e-05  
2  8  6  -1.0772868525132928e-05  
2  9  7  -3.556346478528205e-06  
2  10  8  -8.46154399880561e-07  
2  11  9  -2.8064465562582797e-07  
2  12  10  -6.876227931496004e-08  
2  13  11  -2.2343711880701278e-08  
2  14  12  -5.510293110688735e-09  
2  15  13  -1.7354813142134162e-09  
2  16  14  -4.091129657268766e-10  
2  17  15  -1.3692469380544026e-10  
2  18  16  -2.3810287075320957e-11  
2  19  17  -1.4228285216688619e-11  
2  20  18  3.5764724515274793e-12  
2  21  19  -4.269029574288652e-12  
2  22  20  1.2185807918285718e-12  
2  23  21  5.340172748447003e-14  
2  24  22  1.1659562204613394e-12  
2  25  23  -1.1536327448880002e-12  
2  26  24  8.425482533880313e-13  
2  27  25  3.0253577421035516e-13  
2  28  26  1.4567236306106679e-12  
2  29  27  -1.1752820938681907e-12  
2  30  28  1.1767253838002034e-12  
2  31  29  -1.0090817070818048e-12  
2  32  30  8.151257446797899e-13  
2  33  31  -6.250555628639631e-13  
2  34  32  5.438982597638642e-13  
2  35  33  -3.914646384828302e-13  
2  36  34  3.2029934260435766e-13  
2  37  35  -2.1815882433884326e-13  
2  38  36  1.3722356584366935e-13  
2  39  37  -9.969802761133906e-14  
2  40  38  -1.4432899320127035e-14  
2  41  39  3.097522238704187e-14  
2  42  40  -1.0669243266647754e-13  
2  43  41  1.9761969838327786e-13  
2  44  42  -4.651834473179406e-14  
2  45  43  6.472600233564663e-14  
2  46  44  2.90878432451791e-14  
2  47  45  6.938893903907228e-14  
2  48  46  -2.3092638912203256e-14  
