0  0.9882034004336713  
1  0.6157698341411572  
2  0.368933700176285  
3  0.25546253899794125  
4  0.19607707880043723  
5  0.16775288286688828  
6  0.1550759263522652  
7  0.14794547661423407  
8  0.1427231251046528  
9  0.13840495477040382  
10  0.1347356944573359  
11  0.13161507491849245  
12  0.12894566902105153  
13  0.12662378977664346  
14  0.12455644959871415  
15  0.12266933250169498  
16  0.1209077235167142  
17  0.11923469727596503  
18  0.11762814489756357  
19  0.11607728589952959  
20  0.11457907497246389  
21  0.11313479667976512  
22  0.11174713470136677  
23  0.11041802860313277  
24  0.1091475297573552  
25  0.10793360121669082  
26  0.10677253205914883  
27  0.10565954650268639  
28  0.1045893093095992  
29  0.10355622900066264  
30  0.10255460366646774  
31  0.10157870235321176  
32  0.10062286165211898  
33  0.09968164280674441  
34  0.09875005677302728  
35  0.09782382489715513  
36  0.09689960631785488  
37  0.09597510850495072  
38  0.09504902667226922  
39  0.09412083003903793  
40  0.09319048648493977  
41  0.09225823301397829  
42  0.09132443424484538  
43  0.09038946527584168  
44  0.08945348305296252  
45  0.0885159665146169  
46  0.08757501892690844  
47  0.0866266058063283  
48  0.08566409984938794  
49  0.08467867477584479  
50  0.0836611953872548  
51  0.08260618719738644  
52  0.08151787079716999  
53  0.08041645659375596  
54  0.0793400232008421  
55  0.07833654377323018  
56  0.07744694671264063  
57  0.07669014977388733  
58  0.07606092494214989  
59  0.0755391212579335  
60  0.07510066762972101  
61  0.07472419111435846  
62  0.0743931277757034  
63  0.07409544896537279  
64  0.07382265166783508  
65  0.07356875955424225  
66  0.07332954771317313  
67  0.07310199415790075  
68  0.07288390615683649  
69  0.07267366873208847  
70  0.07247007515626724  
71  0.07227221169640785  
72  0.07207937821000243  
73  0.07189103259420615  
74  0.07170675128321569  
75  0.07152620069003324  
76  0.0713491162214519  
77  0.07117528660923855  
78  0.0710045420238049  
79  0.07083674491225456  
80  0.07067178282044662  
81  0.07050956267484199  
82  0.07035000614974785  
83  0.07019304585201591  
84  0.07003862213156054  
85  0.06988668038304813  
86  0.06973716874587654  
87  0.0695900361418571  
88  0.06944523061371732  
89  0.06930269794528088  
90  0.06916238055646451  
91  0.06902421667382463  
92  0.06888813978083186  
93  0.06875407835172798  
94  0.06862195586946429  
95  0.06849169112219122  
96  0.06836319876505315  
97  0.06823639012527294  
98  0.06811117421974644  
99  0.06798745894598301  
100  0.0678651524003766  
101  0.06774416427264562  
102  0.06762440726212748  
103  0.06750579846112181  
104  0.0673882606517241  
105  0.06727172346656074  
106  0.06715612436944429  
107  0.06704140941954972  
108  0.06692753379165484  
109  0.06681446203537655  
110  0.06670216806725915  
111  0.06659063490107675  
112  0.06647985413317925  
113  0.06636982520987855  
114  0.0662605545132654  
115  0.06615205430846993  
116  0.06604434159999228  
117  0.06593743694583498  
118  0.06583136327698769  
119  0.06572614476501637  
120  0.06562180577463006  
121  0.06551836992961346  
122  0.06541585931218563  
123  0.06531429380704079  
124  0.0652136905937113  
125  0.06511406378408047  
126  0.06501542419693407  
127  0.06491777925758235  
128  0.06482113300866588  
129  0.06472548621698093  
130  0.06463083656102653  
131  0.06453717888450106  
132  0.06444450550160252  
133  0.06435280654096498  
134  0.0642620703160175  
135  0.06417228371039019  
136  0.06408343256784843  
137  0.06399550207701621  
138  0.06390847714175574  
139  0.06382234272898013  
140  0.06373708418638069  
141  0.06365268752328856  
142  0.06356913964917399  
143  0.06348642856511155  
144  0.06340454350502522  
145  0.06332347502468716  
146  0.06324321503825314  
147  0.06316375680343544  
148  0.06308509485802549  
149  0.06300722491231037  
150  0.06293014370291306  
151  0.0628538488153002  
152  0.06277833848274283  
153  0.06270361137053682  
154  0.06262966635406708  
155  0.06255650229965315  
156  0.06248411785603136  
157  0.062412511263574166  
158  0.0623416801870742  
159  0.06227162157621158  
160  0.062202331556323154  
161  0.06213380535028046  
162  0.06206603723089921  
163  0.061999020501657065  
164  0.06193274750280375  
165  0.061867209638858944  
166  0.061802397423284416  
167  0.0617383005360308  
168  0.0616749078899117  
169  0.06161220770213949  
170  0.061550187568040426  
171  0.061488834534786596  
172  0.06142813517338619  
173  0.06136807564820801  
174  0.061308641783659135  
175  0.06124981912810923  
176  0.06119159301551824  
177  0.061133948625400114  
178  0.06107687104174908  
179  0.061020345311564195  
180  0.06096435650342524  
181  0.06090888976652464  
182  0.060853930390178834  
183  0.060799463863823844  
184  0.060745475937175275  
185  0.0606919526802292  
186  0.06063888054245237  
187  0.06058624641063459  
188  0.060534037664663254  
189  0.06048224223057852  
190  0.06043084863013548  
191  0.06037984602634938  
192  0.06032922426436982  
193  0.060278973907067934  
194  0.06022908626512957  
195  0.06017955342101278  
196  0.06013036824665874  
197  0.06008152441479697  
198  0.06003301640353709  
199  0.05998483949438882  
200  0.05993698976364081  
201  0.05988946406725182  
202  0.05984226001929449  
203  0.05979537596427609  
204  0.05974881094348383  
205  0.0597025646556717  
206  0.05965663741239835  
207  0.05961103008840485  
208  0.059565744067300974  
209  0.05952078118316506  
210  0.059476143658308445  
211  0.059431834037779074  
212  0.05938785512105649  
213  0.05934420989157074  
214  0.05930090144438149  
215  0.05925793291276671  
216  0.059215307394229866  
217  0.05917302787650858  
218  0.05913109716417231  
219  0.0590895178064097  
220  0.059048292026613325  
221  0.05900742165418782  
222  0.058966908059393086  
223  0.05892675209136078  
224  0.058886954020198945  
225  0.05884751348324091  
226  0.0588084294361233  
227  0.05876970010895688  
228  0.05873132296798311  
229  0.0586932946829446  
230  0.058655611100513316  
231  0.05861826722398755  
232  0.05858125719933438  
233  0.05854457430779736  
234  0.058508210965195984  
235  0.058472158727708834  
236  0.05843640830446517  
237  0.05840094957645792  
238  0.05836577162207979  
239  0.058330862748623424  
240  0.05829621052991074  
241  0.0582618018494947  
242  0.05822762294914652  
243  0.05819365948235422  
244  0.058159896572170466  
245  0.05812631887329056  
246  0.058092910637532524  
247  0.0580596557825408  
248  0.05802653796305701  
249  0.05799354064430662  
250  0.05796064717709737  
251  0.0579278408740882  
252  0.057895105086897214  
253  0.05786242328350499  
254  0.057829779125701086  
255  0.05779715654617268  
256  0.05776453982487184  
257  0.05773191366433583  
258  0.05769926326375696  
259  0.057666574391418424  
260  0.057633833455220884  
261  0.057601027571094754  
262  0.057568144628902695  
263  0.05753517335558267  
264  0.05750210337522099  
265  0.05746892526566605  
266  0.057435630611359256  
267  0.057402212051902435  
268  0.057368663326150315  
269  0.0573349793110961  
270  0.057301156055430624  
271  0.057267190807080315  
272  0.057233082034495064  
273  0.05719882944114929  
274  0.05716443397298432  
275  0.057129897818453346  
276  0.05709522440095427  
277  0.057060418363512944  
278  0.05702548554556186  
279  0.056990432952019776  
280  0.056955268714586005  
281  0.0569200020456897  
282  0.05688464318520159  
283  0.056849203340494814  
284  0.05681369462007213  
285  0.0567781299615413  
286  0.0567425230542733  
287  0.056706888257487265  
288  0.05667124051433725  
289  0.05663559526277717  
290  0.056599968343894025  
291  0.05656437590858632  
292  0.05652883432346412  
293  0.056493360077064514  
294  0.056457969687381704  
295  0.05642267961201397  
296  0.056387506162240086  
297  0.05635246542234196  
298  0.05631757317571229  
299  0.05628284483913204  
300  0.05624829540661991  
301  0.05621393940423425  
302  0.05617979085677671  
303  0.05614586326756599  
304  0.0561121696114939  
305  0.056078722341931564  
306  0.05604553341084029  
307  0.05601261430161397  
308  0.05597997607317551  
309  0.055947629413482414  
310  0.05591558469999747  
311  0.05588385206427471  
312  0.0558524414570728  
313  0.05582136271059135  
314  0.055790625593665766  
315  0.0557602398562177  
316  0.055730215259432114  
317  0.055700561588329256  
318  0.05567128864448234  
319  0.05564240621725902  
320  0.055613924033267814  
321  0.05558585168465058  
322  0.055558198538332104  
323  0.05553097362922588  
324  0.055504185541713325  
325  0.05547784228419128  
326  0.05545195116209378  
327  0.05542651865501913  
328  0.055401550303205704  
329  0.0553770506081801  
330  0.05535302295156752  
331  0.05532946953499884  
332  0.055306391342913486  
333  0.055283788128912326  
334  0.05526165842522679  
335  0.05523999957365966  
336  0.05521880777603694  
337  0.05519807816095712  
338  0.05517780486398005  
339  0.05515798111760328  
340  0.0551385993479776  
341  0.055119651275031045  
342  0.05510112801346323  
343  0.05508302017194722  
344  0.05506531794885794  
345  0.05504801122277314  
346  0.055031089636782715  
347  0.055014542675761224  
348  0.05499835973634615  
349  0.054982530189251255  
350  0.054967043434312135  
351  0.05495188894823455  
352  0.05493705632560797  
353  0.05492253531357538  
354  0.05490831584070466  
355  0.05489438804058566  
356  0.054880742270688065  
357  0.05486736912704315  
358  0.05485425945517253  
359  0.054841404357846346  
360  0.05482879520001571  
361  0.05481642361135697  
362  0.054804281486732  
363  0.05479236098502971  
364  0.054780654526443984  
365  0.054769154788642194  
366  0.05475785470199179  
367  0.054746747443887744  
368  0.05473582643265251  
369  0.05472508532076614  
370  0.05471451798790872  
371  0.054704118533704715  
372  0.054693881270252875  
373  0.054683800714714126  
374  0.054673871581711  
375  0.05466408877593443  
376  0.05465444738466951  
377  0.0546449426705089  
378  0.05463557006425335  
379  0.05462632515782628  
380  0.05461720369751122  
381  0.05460820157723911  
382  0.054599314832240786  
383  0.05459053963269156  
384  0.05458187227775435  
385  0.054573309189686725  
386  0.05456484690824759  
387  0.05455648208523267  
388  0.054548211479254594  
389  0.05454003195072454  
390  0.054531940456961525  
391  0.05452393404757616  
392  0.05451600985993921  
393  0.05450816511490553  
394  0.054500397112640875  
395  0.05449270322864186  
396  0.05448508090990323  
397  0.05447752767120928  
398  0.05447004109160403  
399  0.05446261881097825  
400  0.054455258526735384  
401  0.0544479579906727  
402  0.05444071500587966  
403  0.054433527423822015  
404  0.05442639314146325  
405  0.05441931009854484  
406  0.05441227627491263  
407  0.05440528968792435  
408  0.054398348389974926  
409  0.05439145046609184  
410  0.054384594031550604  
411  0.05437777722962367  
412  0.054370998229320455  
413  0.054364255223260716  
414  0.05435754642551194  
415  0.05435087006957706  
416  0.054344224406293384  
417  0.054337607701901214  
418  0.054331018236060236  
419  0.054324454299909286  
420  0.054317914194186745  
421  0.05431139622730741  
422  0.05430489871355748  
423  0.054298419971142486  
424  0.05429195832041933  
425  0.05428551208199972  
426  0.054279079574914735  
427  0.054272659114763755  
428  0.054266249011818646  
429  0.05425984756916524  
430  0.05425345308079321  
431  0.05424706382965905  
432  0.05424067808571664  
433  0.05423429410395064  
434  0.05422791012229555  
435  0.05422152435961802  
436  0.05421513501350472  
437  0.05420874025810396  
438  0.05420233824191123  
439  0.054195927085363915  
440  0.054189504878485395  
441  0.054183069678399476  
442  0.05417661950673891  
443  0.05417015234697076  
444  0.054163666141624045  
445  0.05415715878938254  
446  0.05415062814206406  
447  0.05414407200151028  
448  0.05413748811621244  
449  0.05413087417795326  
450  0.05412422781815818  
451  0.05411754660409829  
452  0.05411082803496936  
453  0.05410406953769176  
454  0.05409726846256291  
455  0.05409042207862036  
456  0.05408352756884871  
457  0.054076582025040176  
458  0.05406958244244908  
459  0.05406252571413006  
460  0.05405540862496183  
461  0.05404822784536756  
462  0.05404097992465151  
463  0.05403366128398246  
464  0.054026268209016015  
465  0.05401879684202471  
466  0.05401124317363115  
467  0.05400360303410734  
468  0.05399587208405421  
469  0.05398804580469996  
470  0.05398011948749082  
471  0.053972088223225745  
472  0.053963946890431935  
473  0.05395569014317192  
474  0.05394731239809092  
475  0.05393880782074478  
476  0.05393017031114222  
477  0.053921393488453484  
478  0.05391247067486171  
479  0.053903394878500155  
480  0.053894158775451784  
481  0.053884754690696646  
482  0.05387517457812385  
483  0.05386540999935474  
484  0.05385545210151821  
485  0.05384529159384632  
486  0.0538349187230901  
487  0.053824323247710026  
488  0.05381349441084349  
489  0.053802420912086424  
490  0.053791090877909786  
491  0.05377949183102748  
492  0.053767610658457365  
493  0.05375543357854495  
494  0.053742946106939304  
495  0.05373013302163687  
496  0.05371697832743538  
497  0.05370346521967084  
498  0.05368957604794289  
499  0.05367529227977652  
500  0.05366059446502347  
501  0.05364546220123678  
502  0.05362987410087661  
503  0.05361380776108793  
504  0.05359723973698438  
505  0.053580145519646405  
506  0.05356249952015035  
507  0.0535442750613383  
508  0.053525444379139975  
509  0.05350597863572548  
510  0.053485847947076115  
511  0.05346502142793996  
512  0.053443467257537014  
513  0.05342115276991177  
514  0.053398044573184866  
515  0.053374108702514134  
516  0.05334931081194372  
517  0.05332361641068306  
518  0.05329699114981634  
519  0.05326940116536494  
520  0.05324081348365706  
521  0.05321119649475581  
522  0.053180520498760764  
523  0.05314875832880839  
524  0.0531158860528238  
525  0.05308188375372547  
526  0.05304673638458657  
527  0.05301043469145594  
528  0.05297297619180852  
529  0.05293436619090719  
530  0.05289461881250168  
531  0.052853758013513774  
532  0.05281181854593031  
533  0.05276884682282501  
534  0.05272490164064303  
535  0.052680054706182755  
536  0.052634390916244334  
537  0.052588008340131664  
538  0.052541017861459816  
539  0.05249354244607518  
540  0.05244571601724701  
541  0.05239768193752026  
542  0.05234959111718551  
543  0.052301599791531705  
544  0.05225386703058321  
545  0.052206552064141154  
546  0.052159811519727484  
547  0.05211379667990057  
548  0.052068650867189814  
549  0.05202450705913986  
550  0.05198148582332829  
551  0.051939693643573426  
552  0.05189922168569594  
553  0.051860145026386584  
554  0.05182252234391882  
555  0.05178639604670021  
556  0.05175179279654418  
557  0.05171872436965119  
558  0.05168718878860079  
559  0.05165717165546768  
560  0.05162864761637276  
561  0.05160158189270403  
562  0.051575931821395526  
563  0.05155164835590009  
564  0.05152867748950274  
565  0.051506961572285404  
566  0.051486440502899744  
567  0.05146705278412478  
568  0.05144873643861647  
569  0.05143142978649362  
570  0.05141507209112528  
571  0.051399604082187134  
572  0.051384968367078176  
573  0.05137110974304049  
574  0.05135797542223619  
575  0.05134551518219643  
576  0.05133368145321959  
577  0.05132242935343467  
578  0.05131171668127665  
579  0.051301503873989684  
580  0.051291753939670226  
581  0.05128243236930241  
582  0.05127350703428557  
583  0.05126494807393289  
584  0.05125672777691226  
585  0.051248820459369515  
586  0.051241202342519276  
587  0.051233851431338295  
588  0.05122674739602495  
589  0.05121987145720186  
590  0.05121320627579795  
591  0.051206735847967866  
592  0.05120044540561253  
593  0.051194321322463265  
594  0.051188351025992174  
595  0.0511825229149393  
596  0.05117682628243603  
597  0.051171251244503724  
598  0.051165788673713575  
599  0.05116043013783633  
600  0.051155167843065175  
601  0.05114999458174463  
602  0.051144903684124055  
603  0.051139888974079284  
604  0.05113494472832447  
605  0.05113006563904787  
606  0.051125246779584854  
607  0.05112048357298138  
608  0.05111577176316584  
609  0.051111107388597254  
610  0.05110648675811291  
611  0.05110190642881063  
612  0.05109736318588742  
613  0.051092854024085144  
614  0.05108837613086514  
615  0.051083926870859386  
616  0.05107950377179571  
617  0.05107510451151831  
618  0.0510707269061742  
619  0.0510663688993549  
620  0.05106202855218844  
621  0.05105770403428944  
622  0.05105339361536809  
623  0.051049095657694665  
624  0.0510448086090074  
625  0.05104053099619932  
626  0.05103626141933859  
627  0.05103199854633833  
628  0.05102774110792374  
629  0.05102348789308686  
630  0.051019237744884705  
631  0.051014989556560364  
632  0.05101074226794744  
633  0.05100649486221176  
634  0.05100224636277506  
635  0.050997995830540876  
636  0.05099374236124132  
637  0.05098948508312107  
638  0.0509852231545973  
639  0.050980955762304214  
640  0.050976682119104444  
641  0.050972401462340056  
642  0.050968113052190955  
643  0.05096381617012402  
644  0.0509595101174638  
645  0.05095519421408756  
646  0.05095086779715352  
647  0.0509465302199672  
648  0.05094218085090363  
649  0.050937819072407686  
650  0.05093344428003532  
651  0.05092905588160024  
652  0.05092465329635054  
653  0.050920235954207915  
654  0.05091580329503054  
655  0.05091135476798292  
656  0.050906889830882096  
657  0.05090240794963952  
658  0.05089790859768473  
659  0.05089339125549874  
660  0.05088885541011834  
661  0.05088430055467763  
662  0.05087972618804315  
663  0.05087513181437864  
664  0.05087051694282896  
665  0.05086588108718648  
666  0.05086122376557367  
667  0.05085654450014876  
668  0.050851842816899806  
669  0.05084711824535704  
670  0.05084237031839667  
671  0.05083759857205261  
672  0.05083280254532252  
673  0.05082798178002723  
674  0.050823135820665555  
675  0.05081826421427227  
676  0.05081336651035451  
677  0.05080844226076864  
678  0.050803491019653646  
679  0.05079851234338695  
680  0.05079350579051933  
681  0.05078847092179006  
682  0.05078340730005615  
683  0.0507783144903583  
684  0.050773192059888506  
685  0.05076803957805809  
686  0.050762856616502816  
687  0.05075764274919514  
688  0.05075239755247907  
689  0.050747120605167506  
690  0.05074181148865309  
691  0.050736469787016736  
692  0.05073109508714735  
693  0.05072568697890434  
694  0.050720245055248636  
695  0.05071476891244253  
696  0.05070925815020089  
697  0.0507037123719114  
698  0.0506981311848399  
699  0.0506925142003356  
700  0.050686861034087594  
701  0.050681171306375505  
702  0.050675444642328316  
703  0.05066968067217581  
704  0.05066387903160785  
705  0.050658039361989315  
706  0.05065216131075423  
707  0.05064624453168154  
708  0.050640288685274815  
709  0.050634293439113076  
710  0.05062825846819585  
711  0.05062218345535019  
712  0.05061606809163477  
713  0.05060991207672361  
714  0.05060371511932482  
715  0.05059747693765404  
716  0.050591197259827414  
717  0.05058487582435722  
718  0.050578512380609064  
719  0.050572106689255936  
720  0.05056565852281336  
721  0.050559167666119564  
722  0.05055263391682585  
723  0.050546057085933516  
724  0.05053943699835517  
725  0.05053277349337959  
726  0.05052606642526003  
727  0.05051931566378953  
728  0.050512521094789875  
729  0.05050568262073707  
730  0.050498800161294155  
731  0.05049187365388419  
732  0.05048490305426201  
733  0.05047788833712019  
734  0.050470829496599645  
735  0.05046372654692455  
736  0.050456579522921485  
737  0.05044938848063485  
738  0.05044215349785364  
739  0.050434874674675556  
740  0.05042755213405781  
741  0.05042018602235532  
742  0.050412776509853874  
743  0.05040532379126239  
744  0.05039782808624449  
745  0.05039028963987269  
746  0.050382708723100356  
747  0.05037508563323079  
748  0.050367420694299225  
749  0.050359714257508514  
750  0.05035196670157149  
751  0.05034417843307715  
752  0.05033634988679658  
753  0.05032848152596081  
754  0.05032057384251687  
755  0.050312627357312234  
756  0.050304642620325746  
757  0.05029662021071368  
758  0.05028856073698029  
759  0.05028046483696702  
760  0.05027233317786961  
761  0.05026416645618226  
762  0.05025596539760957  
763  0.050247730756870834  
764  0.05023946331754958  
765  0.050231163891785835  
766  0.050222833319976345  
767  0.050214472470371474  
768  0.050206082238678285  
769  0.05019766354753852  
770  0.05018921734594539  
771  0.050180744608664174  
772  0.05017224633554895  
773  0.0501637235507586  
774  0.0501551773019826  
775  0.05014660865954812  
776  0.050138018715516486  
777  0.05012940858267556  
778  0.05012077939346837  
779  0.05011213229890732  
780  0.05010346846739688  
781  0.05009478908349829  
782  0.05008609534665842  
783  0.050077388469873974  
784  0.050068669678300814  
785  0.05005994020782745  
786  0.05005120130360896  
787  0.05004245421854192  
788  0.05003370021170772  
789  0.05002494054679141  
790  0.05001617649044898  
791  0.050007409310687256  
792  0.04999864027516021  
793  0.049989870649517654  
794  0.04998110169565051  
795  0.04997233467004192  
796  0.04996357082201708  
797  0.049954811392009635  
798  0.04994605760988946  
799  0.049937310693213055  
800  0.049928571845571756  
801  0.04991984225489343  
802  0.049911123091825216  
803  0.049902415508056186  
804  0.04989372063479425  
805  0.049885039581168966  
806  0.04987637343273654  
807  0.04986772325001798  
808  0.04985909006707234  
809  0.0498504748901476  
810  0.049841878696358255  
811  0.049833302432458426  
812  0.049824747013632265  
813  0.04981621332239783  
814  0.04980770220755293  
815  0.0497992144831918  
816  0.049790750927801275  
817  0.049782312283430996  
818  0.04977389925493081  
819  0.04976551250926753  
820  0.049757152674943184  
821  0.04974882034146044  
822  0.049740516058854656  
823  0.04973224033734458  
824  0.04972399364706259  
825  0.04971577641778091  
826  0.04970758903883288  
827  0.04969943185899239  
828  0.049691305186550405  
829  0.049683209289319796  
830  0.04967514439482912  
831  0.04966711069053931  
832  0.049659108324081824  
833  0.0496511374036579  
834  0.0496431979984  
835  0.04963529013883916  
836  0.04962741381744307  
837  0.04961956898914699  
838  0.0496117555719926  
839  0.04960397344777423  
840  0.04959622246276041  
841  0.04958850242841795  
842  0.04958081312219775  
843  0.049573154288346855  
844  0.04956552563877481  
845  0.049557926853885936  
846  0.04955035758352211  
847  0.04954281744785227  
848  0.049535306038346105  
849  0.04952782291870639  
850  0.049520367625857986  
851  0.0495129396709566  
852  0.049505538540362215  
853  0.049498163696682806  
854  0.04949081457975801  
855  0.04948349060773416  
856  0.04947619117806856  
857  0.04946891566856926  
858  0.04946166343844083  
859  0.049454433829340894  
860  0.0494472261664205  
861  0.04944003975935818  
862  0.04943287390340356  
863  0.049425727880469617  
864  0.04941860096012285  
865  0.04941149240068565  
866  0.04940440145023339  
867  0.049397327347702635  
868  0.04939026932389612  
869  0.04938322660257155  
870  0.04937619840148433  
871  0.0493691839334337  
872  0.04936218240736956  
873  0.049355193029443134  
874  0.049348215004079266  
875  0.04934124753507019  
876  0.049334289826697075  
877  0.04932734108481607  
878  0.04932040051796682  
879  0.04931346733856046  
880  0.04930654076398189  
881  0.04929962001777555  
882  0.04929270433086619  
883  0.049285792942705964  
884  0.04927888510257983  
885  0.04927198007080236  
886  0.049265077120028256  
887  0.049258175536571414  
888  0.04925127462171397  
889  0.049244373693097754  
890  0.04923747208612039  
891  0.04923056915535873  
892  0.04922366427604685  
893  0.049216756845556375  
894  0.04920984628498082  
895  0.04920293204063042  
896  0.04919601358569947  
897  0.04918909042190989  
898  0.04918216208116122  
899  0.049175228127239956  
900  0.049168288157622086  
901  0.04916134180519627  
902  0.049154388740111465  
903  0.0491474286716046  
904  0.04914046134989103  
905  0.04913348656802863  
906  0.04912650416386111  
907  0.04911951402190906  
908  0.049112516075343615  
909  0.0491055103079181  
910  0.049098496755930476  
911  0.04909147551010318  
912  0.04908444671755807  
913  0.04907741058369197  
914  0.04907036737404036  
915  0.049063317416084384  
916  0.04905626110103345  
917  0.04904919888550652  
918  0.04904213129315893  
919  0.049035058916198304  
920  0.04902798241681572  
921  0.04902090252848201  
922  0.049013820057103974  
923  0.049006735882046515  
924  0.048999650956961904  
925  0.048992566310449126  
926  0.04898548304650763  
927  0.04897840234476136  
928  0.04897132546046734  
929  0.048964253724232965  
930  0.04895718854147213  
931  0.048950131391624296  
932  0.04894308382697954  
933  0.048936047471250355  
934  0.04892902401779731  
935  0.04892201522747297  
936  0.04891502292618599  
937  0.04890804900201928  
938  0.04890109540206622  
939  0.048894164128800766  
940  0.048887257236195136  
941  0.04888037682533719  
942  0.0488735250398149  
943  0.048866704060673505  
944  0.04885991610105811  
945  0.048853163400543353  
946  0.04884644821917017  
947  0.04883977283122354  
948  0.04883313951871193  
949  0.04882655056473073  
950  0.04882000824659127  
951  0.04881351482882268  
952  0.04880707255614203  
953  0.048800683646290755  
954  0.04879435028296242  
955  0.04878807460874168  
956  0.04878185871813967  
957  0.04877570465081882  
958  0.04876961438498606  
959  0.048763589831051335  
960  0.04875763282558587  
961  0.04875174512561997  
962  0.04874592840333736  
963  0.048740184241172324  
964  0.048734514127365625  
965  0.04872891945200841  
966  0.048723401503620645  
967  0.04871796146621277  
968  0.048712600416896734  
969  0.04870731932408945  
970  0.04870211904619204  
971  0.048697000330883755  
972  0.048691963814895045  
973  0.04868701002435216  
974  0.048682139375567424  
975  0.048677352176372146  
976  0.048672648627832604  
977  0.04866802882645049  
978  0.04866349276668713  
979  0.04865904034391  
980  0.04865467135757284  
981  0.048650385514730665  
982  0.04864618243379726  
983  0.048642061648448864  
984  0.04863802261175376  
985  0.0486340647003739  
986  0.048630187218911214  
987  0.0486263894042791  
988  0.048622670430095605  
989  0.04861902941113727  
990  0.048615465407681024  
991  0.048611977429896425  
992  0.0486085644420573  
993  0.048605225366778804  
994  0.048601959089055846  
995  0.048598764460274  
996  0.048595640302003584  
997  0.04859258540971789  
998  0.04858959855634515  
999  0.0485866784956861  
