0  0.9957018088248071  1.0760634629391392
1  0.9703210996872367  1.0741245846406926
2  0.9438507922825026  1.0721024699589445
3  0.9764820319697701  1.0745952294062133
4  0.9190251961395909  1.0702059977466594
5  0.8860239060549849  1.0676849694799166
6  0.8568074475880941  1.0654530713492583
7  0.7788828984547906  1.059500274033317
8  0.7829388103925119  1.0598101124855774
9  0.7340559442426011  1.056075861884847
10  0.690746390568158  1.0527673667092532
11  0.6349230404657178  1.0485029199803002
12  0.5712905963395701  1.0436419224280022
13  0.6044081692895873  1.0461718337532524
14  0.531251544772148  1.040583266826471
15  0.511652693100564  1.0390860750823574
16  0.47662106615265276  1.0364099457086495
17  0.45024701690308744  1.034395184361558
18  0.4284096176840555  1.032726985919552
19  0.40449604872772227  1.0309001851144
20  0.37786106648570006  1.0288654906238457
21  0.3459230309042004  1.0264256862925978
22  0.3031434027829436  1.0231576730889338
23  0.2566739844145218  1.0196077901314633
24  0.22729575265251345  1.0173635338460554
25  0.21374153708952381  1.016328102792293
26  0.20498463728516758  1.0156591473702712
27  0.1988019678255596  1.0151868420624592
28  0.19440445749965118  1.014850908291189
29  0.18980257421148183  1.0144993620995104
30  0.18588151265523256  1.0141998251119078
31  0.18284458247587987  1.013967828520058
32  0.18104863902878698  1.0138306331503018
33  0.17832965244766597  1.0136229248452526
34  0.17713698022739766  1.0135318144561574
35  0.17507261954837838  1.0133741142083423
36  0.1738733177335341  1.013282497372521
37  0.17263752510079933  1.0131880929370893
38  0.17066567541569322  1.0130374597715015
39  0.17185181126959237  1.013128070835742
40  0.16959076592560052  1.0129553454904607
41  0.16819204905133434  1.0128484949774004
42  0.16708368437342147  1.0127638249940236
43  0.16573906906093694  1.0126611073971667
44  0.16406337444244112  1.012533098053022
45  0.16259477934777156  1.0124209094162575
46  0.16086898455802856  1.012289072829373
47  0.15989077348775238  1.0122143455156019
48  0.1577315409894109  1.0120493978378344
49  0.15633545939838467  1.0119427486388293
50  0.1537730665456729  1.0117470028120563
51  0.15205935179646168  1.0116160890413273
52  0.14902068465350582  1.011383959759685
53  0.1441614606439484  1.0110127548446308
54  0.1398387009315043  1.0106825314079873
55  0.13493355012344643  1.0103078180616893
56  0.13037013794664543  1.0099592107478232
57  0.12695545194177704  1.0096983567048978
58  0.12518576341827403  1.009563166996264
59  0.12308115345608639  1.009402392032875
60  0.12549930183536484  1.009587118763306
61  0.1222005005684128  1.0093351173652083
62  0.12079179610516344  1.0092275038821523
63  0.1197355865470664  1.0091468181227552
64  0.11897296332264928  1.0090885599546442
65  0.11840384440050111  1.0090450839303373
66  0.1179312219715325  1.009008979447759
67  0.11758204632716629  1.0089823052884381
68  0.11732824559091026  1.0089629169909329
69  0.11699924768530157  1.0089377842455882
70  0.11668935279803094  1.0089141108143822
71  0.11635952365503455  1.0088889145693094
72  0.11600828193293777  1.0088620825785724
73  0.11564105796185276  1.0088340296749143
74  0.11531308557509323  1.0088089752708103
75  0.1149984745915863  1.0087849415684789
76  0.1145756205978723  1.0087526389867274
77  0.11371477487804404  1.0086868774244544
78  0.11351334970372728  1.0086714901909013
79  0.1128851799084718  1.0086235031635429
80  0.11266430989093368  1.0086066305032297
81  0.11229212454895976  1.008578198591472
82  0.11178979008841339  1.0085398243530361
83  0.11129742718085078  1.0085022118595766
84  0.11086113981085921  1.0084688830779032
85  0.11044212941316622  1.008436874115407
86  0.11014165079990179  1.0084139200104114
87  0.10972902520390515  1.0083823987944704
88  0.10938121002247203  1.008355828563375
89  0.1090716025564239  1.0083321770887963
90  0.10863262071822544  1.0082986424718208
91  0.10794477947678549  1.0082460970347102
92  0.10760375023699387  1.0082200451939765
93  0.10712591339516819  1.008183542372964
94  0.10682432392498742  1.0081605034075984
95  0.10637987156394635  1.008126550887484
96  0.10592043923127836  1.00809145402023
97  0.10561210357063255  1.0080678997011672
98  0.10516922633251047  1.0080340675075425
99  0.10476357652139079  1.0080030791844314
100  0.10448651100538198  1.0079819136483021
101  0.10419075387900867  1.0079593202262338
102  0.10385188245632848  1.0079334332250538
103  0.10339464327357561  1.0078985038964903
104  0.10298127705303195  1.0078669261028999
105  0.10277154545995837  1.0078509043269872
106  0.10243725197338416  1.00782536704263
107  0.1021890145726353  1.0078064037383911
108  0.10202688853414577  1.0077940186369372
109  0.10188429285844669  1.0077831254952379
110  0.10179984589834679  1.0077766744391456
111  0.10167544073760604  1.0077671709038005
112  0.10157637526762664  1.0077596031132856
113  0.10146677021768946  1.007751230185186
114  0.1013947542754059  1.0077457287570393
115  0.10126906461209217  1.0077361270962182
116  0.10115949912645239  1.007727757190507
117  0.10100944866460249  1.0077162945642038
118  0.10088999109145724  1.007707168984028
119  0.10078569180014418  1.0076992013724309
120  0.10063710911115042  1.0076878508719522
121  0.10056705633467844  1.007682499413594
122  0.1004771029478051  1.0076756277115964
123  0.10043522281680706  1.0076724284126057
124  0.10037345656386965  1.0076677099767752
125  0.10035072972729264  1.007665973832604
126  0.10027390371592237  1.0076601049545757
127  0.10024646074159249  1.0076580085361073
128  0.10020767050464818  1.0076550452797148
129  0.1001431978654056  1.0076501200981371
130  0.10015581813224084  1.0076510841831574
131  0.10009405090582679  1.0076463656729615
132  0.10002977351751796  1.007641455406956
133  0.09996808257966172  1.007636742724581
134  0.09991358101447989  1.0076325792513938
135  0.0998667946599836  1.0076290051571122
136  0.09980644518081017  1.0076243949511932
137  0.09978369638595408  1.0076226571295892
138  0.09976414660945854  1.0076211636867867
139  0.09974453614635148  1.0076196656080239
140  0.09971903725008668  1.007617717701197
141  0.09968858614732246  1.0076153914863544
142  0.09964129582486358  1.0076117788930479
143  0.09964782894731838  1.0076122779700942
144  0.09960884075844456  1.0076092995917953
145  0.09957345537632656  1.007606596438424
146  0.09954023345158503  1.0076040585554766
147  0.09950556438371139  1.0076014101226467
148  0.09946339173784247  1.0075981884779157
149  0.09942600588481232  1.0075953325049514
150  0.09938177341682375  1.0075919535066813
151  0.09935200784463194  1.0075896796607595
152  0.09942248740993131  1.0075950637222886
153  0.09933825484324543  1.007588629044097
154  0.09931617694236261  1.0075869424732977
155  0.09930349892059476  1.0075859739762736
156  0.09928847433898935  1.0075848262212972
157  0.09926173054947207  1.0075827832148219
158  0.09921568158677807  1.007579265451234
159  0.09928864599099751  1.0075848393341047
160  0.09919244229909352  1.0075774901599956
161  0.09915629278487925  1.0075747286331909
162  0.09912884584612458  1.007572631911873
163  0.09910312544289535  1.007570667083728
164  0.09907172091065619  1.0075682680346825
165  0.09903353395981607  1.007565350864407
166  0.09898071321827029  1.007561315792379
167  0.09896822316440679  1.0075603616545632
168  0.09892421237385374  1.0075569995906335
169  0.0988999673475276  1.0075551474692002
170  0.09887491552812067  1.0075532337153834
171  0.09884391619073751  1.0075508656199061
172  0.09881387687360088  1.0075485708621126
173  0.09879047844594202  1.0075467834138834
174  0.09876428148457661  1.0075447821806003
175  0.09873973919654655  1.0075429073508073
176  0.09871195937419774  1.0075407851999094
177  0.09869105841929549  1.0075391885381433
178  0.09867667237787714  1.007538089562407
179  0.09864378438771926  1.0075355771893268
180  0.0986207796091314  1.0075338198126624
181  0.09860196930560905  1.0075323828595384
182  0.09859214142258377  1.00753163208977
183  0.09858340996418191  1.0075309650778628
184  0.09857177974371811  1.0075300766242763
185  0.09855465943334896  1.0075287687727872
186  0.09854625753122737  1.0075281269362806
187  0.0985234523628421  1.0075263848082008
188  0.09851125858676268  1.007525453303581
189  0.09849256571146592  1.0075240253210114
190  0.09846820363971198  1.0075221642582661
191  0.0984459972807169  1.007520467874319
192  0.09842842248563455  1.0075191253039204
193  0.09841507782950853  1.0075181058814913
194  0.09840490913158895  1.0075173290762565
195  0.0983862470727499  1.007515903447812
196  0.09836446193349957  1.0075142392416037
197  0.09834727676719279  1.0075129264356522
198  0.09833444944450265  1.0075119465332603
199  0.09830208570955667  1.0075094742089843
200  0.0983502555021376  1.0075131539866047
201  0.09828825171926758  1.007508417405433
202  0.09826494357342941  1.0075066368539953
203  0.09824563765788064  1.0075051620401718
204  0.09822474544941462  1.0075035660465617
205  0.09821358659085078  1.0075027136011636
206  0.09819084131776823  1.0075009760485942
207  0.09817644487880617  1.0074998762785712
208  0.09816233981102762  1.0074987987669197
209  0.0981384761010331  1.007496975774931
210  0.09838985058241301  1.007516178726436
211  0.09813047863771973  1.0074963648342365
212  0.0981077895241903  1.0074946315717974
213  0.09808690067754211  1.0074930358350027
214  0.09804840676779336  1.0074900952155805
215  0.09802673337700407  1.0074884395460393
216  0.0979957076329252  1.0074860694333068
217  0.09798418477389015  1.0074851891812542
218  0.09797184779067558  1.007484246736782
219  0.09795988003356348  1.00748333249816
220  0.09794916905943019  1.007482514267464
221  0.0979368943644574  1.0074815765813034
222  0.09792941391329613  1.0074810051361032
223  0.09792184317037733  1.007480426793352
224  0.09790371100053352  1.0074790416440869
225  0.09792825053935794  1.007480916263863
226  0.09789607050908355  1.007478457973119
227  0.09788418823492095  1.0074775502646944
228  0.09787468485500206  1.0074768242843055
229  0.09786430315176498  1.007476031207209
230  0.09785260165927445  1.0074751373090236
231  0.0978431440291514  1.0074744148235446
232  0.0978328181857131  1.0074736260136792
233  0.09782400511834044  1.007472952767515
234  0.09781379828536951  1.0074721730490745
235  0.09780186208721553  1.0074712612212986
236  0.0977923412375804  1.0074705339063668
237  0.09777766919395747  1.0074694130824047
238  0.09776971165089443  1.0074688051912906
239  0.09775772570710506  1.0074678895633553
240  0.09775183486902628  1.0074674395515748
241  0.09774264482997452  1.0074667375078619
242  0.09773115611193828  1.007465859863902
243  0.09771566584463698  1.0074646765343525
244  0.09770460832841121  1.007463831830679
245  0.09769212043845665  1.007462877858168
246  0.09767289558810244  1.0074614092370613
247  0.09766392408796198  1.0074607238879312
248  0.0976426227007885  1.0074590966364194
249  0.09763595463310093  1.0074585872506625
250  0.09762385966914655  1.0074576632944798
251  0.09761846105791772  1.007457250884799
252  0.09759964695785239  1.00745581364165
253  0.09759001005483903  1.0074550774611906
254  0.09758225527505471  1.0074544850595302
255  0.09756934520733274  1.0074534988360957
256  0.09760954547087364  1.0074565698069715
257  0.0975608545681782  1.0074528502208064
258  0.09754137410164798  1.0074513620727175
259  0.09752324144902136  1.0074499768865717
260  0.09750384832625347  1.0074484954108307
261  0.09748867096214042  1.0074473359845222
262  0.09748037364525808  1.0074467021374711
263  0.09746560909462798  1.0074455742467314
264  0.09745695176378544  1.0074449128975624
265  0.09744770408980596  1.0074442064510132
266  0.09743281579893603  1.0074430691075327
267  0.09742478051234815  1.0074424552774501
268  0.09741778876306051  1.00744192116507
269  0.09739705232189966  1.0074403370708063
270  0.097401160824786  1.0074406509267764
271  0.09738808372536345  1.0074396519434878
272  0.09738180255594109  1.0074391721135896
273  0.09736564377307089  1.0074379377149263
274  0.09735138938604138  1.0074368487965073
275  0.09734389516266928  1.0074362762992228
276  0.09731459899321471  1.0074340383118254
277  0.09730580237266828  1.007433366322064
278  0.09729577257956834  1.0074326001280198
279  0.09728756376831504  1.007431973042074
280  0.09727747425977895  1.0074312022862595
281  0.09726412684705965  1.0074301826532492
282  0.09725481767769395  1.0074294715089562
283  0.09724500345564036  1.0074287217827742
284  0.09722212529707952  1.0074269740788429
285  0.09721526967259464  1.0074264503652828
286  0.09720430495514942  1.007425612750676
287  0.09719006264530972  1.0074245247548554
288  0.09718296888154576  1.007423982849405
289  0.0971723062372215  1.0074231683107107
290  0.09716891640056113  1.007422909354954
291  0.09716222717913725  1.0074223983532251
292  0.09718762578434748  1.0074243385986368
293  0.09715873385567553  1.0074221314919245
294  0.09715107500090214  1.0074215464181493
295  0.0971425169962219  1.0074208926566859
296  0.09713623379921299  1.0074204126718966
297  0.09713114938377165  1.0074200242642006
298  0.09712521482002046  1.0074195709121367
299  0.09711891740265999  1.0074190898410291
300  0.09711219986929764  1.0074185766765
301  0.0971096634682721  1.007418382916236
302  0.09710583042882781  1.0074180901034167
303  0.0971027393092625  1.0074178539671996
304  0.09710025203293726  1.0074176639596604
305  0.09709688731502664  1.0074174069227706
306  0.09709388637397931  1.0074171776754537
307  0.09708987645431788  1.0074168713504346
308  0.09708650091201021  1.0074166134866493
309  0.09708452492220321  1.0074164625372124
310  0.09707701678064284  1.0074158889766924
311  0.0970874033630178  1.007416682426515
312  0.09707378710912484  1.0074156422562408
313  0.09706963888756426  1.0074153253660896
314  0.09706612385181468  1.007415056846148
315  0.09706255004472175  1.0074147838365572
316  0.09705745301308288  1.007414394465087
317  0.09705159118253381  1.0074139466692442
318  0.09704594926518184  1.0074135156729684
319  0.09703925761078236  1.00741300448538
320  0.09703077915419611  1.0074123568007392
321  0.09702601190752436  1.0074119926221394
322  0.0970163867245637  1.007411257336996
323  0.09701199681952066  1.007410921984206
324  0.09700851434347202  1.007410655951559
325  0.09700194367173431  1.0074101540060552
326  0.0969960285210768  1.0074097021369925
327  0.09699231927985874  1.007409418781344
328  0.09698786256842362  1.0074090783250929
329  0.09698709142735418  1.007409019416231
330  0.09698242304560079  1.0074086627901013
331  0.09697992936875877  1.007408472293615
332  0.09697758925528499  1.0074082935281121
333  0.09697390277202711  1.0074080119109854
334  0.0969802447752749  1.0074084963880894
335  0.09697170506060682  1.007407844023833
336  0.09696733538745583  1.0074075102165938
337  0.09696499368733269  1.0074073313298841
338  0.09696137036394947  1.0074070545376543
339  0.09695902173233584  1.0074068751214353
340  0.0969563946216333  1.007406674431695
341  0.0969543325354778  1.0074065169052022
342  0.09695169907707957  1.0074063157305497
343  0.09694757881589944  1.0074060009763424
344  0.09694836001828921  1.0074060606538064
345  0.09694526362223055  1.0074058241145087
346  0.09694227814624035  1.0074055960485955
347  0.09693990242629535  1.0074054145630498
348  0.09693713853642538  1.0074052034245013
349  0.09693509363973862  1.0074050472111429
350  0.09693251395488967  1.0074048501443493
351  0.0969299222761838  1.0074046521613234
352  0.09692850184217283  1.0074045436517989
353  0.09692358712382487  1.007404168207571
354  0.09692840101417077  1.0074045359493653
355  0.0969217026579604  1.0074040242498135
356  0.0969187904337917  1.0074038017797395
357  0.09691551052343894  1.0074035512214525
358  0.09691298994400233  1.007403358669828
359  0.09691022564335305  1.0074031474998995
360  0.09690765167621718  1.0074029508698923
361  0.09690530656768892  1.0074027717228082
362  0.09690275274503746  1.0074025766316748
363  0.09689839833646519  1.0074022439905244
364  0.09689432060365077  1.0074019324851358
365  0.0968912847971013  1.00740170057438
366  0.09688471781173669  1.0074011989104847
367  0.0968781993225506  1.0074007009513004
368  0.09686683959724984  1.007399833161329
369  0.09689402865537522  1.0074019101826788
370  0.09686207401414748  1.007399469109812
371  0.09685360697717227  1.007398822297536
372  0.09684820798150606  1.0073984098584874
373  0.09684279972881626  1.0073979967122781
374  0.09683902808926448  1.0073977085899077
375  0.09683300112619897  1.0073972481792932
376  0.09682957979732054  1.0073969868177892
377  0.0968249716077092  1.007396634789846
378  0.09681900840024338  1.007396179249637
379  0.09681411894194736  1.0073958057350703
380  0.0968089845311092  1.007395413508135
381  0.09680234373653374  1.007394906205821
382  0.09679611168641544  1.0073944301282352
383  0.09678706862763231  1.007393739312611
384  0.09679387389632532  1.007394259179401
385  0.09678383109438637  1.007393491991588
386  0.09678101133249473  1.0073932765848743
387  0.09677839857114556  1.007393076991307
388  0.09677557886880062  1.0073928615891425
389  0.09677259690981399  1.0073926337918997
390  0.09677226611127931  1.007392608521601
391  0.09677073928864588  1.0073924918848571
392  0.09676893411660492  1.0073923539844984
393  0.09676677230430619  1.007392188839745
394  0.0967650267558926  1.0073920554941431
395  0.09676042219171599  1.0073917037431535
396  0.09676175500755269  1.007391805559367
397  0.09675747086842268  1.0073914782862265
398  0.09675396406942138  1.0073912103955052
399  0.09675054202663225  1.0073909489794641
400  0.09674794751655491  1.0073907507801445
401  0.09674439291425818  1.007390479237643
402  0.09674077082429677  1.0073902025396364
403  0.09673756393785049  1.0073899575597778
404  0.09673306505518886  1.0073896138819902
405  0.09673085361262967  1.0073894449458916
406  0.09672794009888219  1.0073892223773042
407  0.09672666286449483  1.0073891248070581
408  0.09672321475770773  1.007388861399941
409  0.09671840146074195  1.007388493703476
410  0.09671575247391995  1.0073882913425793
411  0.0967111610039958  1.0073879405918833
412  0.09670820987001683  1.0073877151494186
413  0.09670558382185401  1.0073875145408475
414  0.09670767194985996  1.0073876740567245
415  0.09670376732489572  1.0073873757753578
416  0.09670129146363571  1.0073871866398358
417  0.09669936347760355  1.0073870393574942
418  0.09669794726872971  1.0073869311707357
419  0.09669548577799159  1.0073867431330041
420  0.09669276965817164  1.007386535643696
421  0.09669094072171369  1.0073863959279306
422  0.09668839130655593  1.0073862011734933
423  0.0966868568843553  1.0073860839562048
424  0.0966849423208066  1.0073859376992307
425  0.09668225366942518  1.0073857323082864
426  0.09668023373931  1.0073855780021699
427  0.09668022945682797  1.0073855776750233
428  0.09667870957767111  1.0073854615687041
429  0.09667685534139081  1.0073853199202396
430  0.09667570133517189  1.0073852317636163
431  0.09667450998973004  1.0073851407545822
432  0.09667283026358642  1.0073850124372625
433  0.09667072462914461  1.0073848515840371
434  0.09666969864836672  1.007384773207509
435  0.09666859543702522  1.0073846889311984
436  0.0966665124727335  1.007384529809787
437  0.09666567412398352  1.007384465766809
438  0.09666224507431265  1.0073842038154996
439  0.096660870117531  1.007384098780063
440  0.09665905711746181  1.007383960281707
441  0.09665619741085174  1.0073837418235443
442  0.0966588953331392  1.0073839479227098
443  0.0966548318209055  1.0073836375036573
444  0.0966520662248439  1.0073834262347696
445  0.09665074934889539  1.007383325636233
446  0.09664927259012246  1.007383212823958
447  0.09664790058999717  1.0073831080143856
448  0.09664663096339643  1.0073830110253124
449  0.09664346941257052  1.0073827695087239
450  0.09664050824522485  1.0073825432997918
451  0.09663705260651845  1.007382279317298
452  0.09663437202599556  1.0073820745429012
453  0.09663118977734209  1.0073818314451681
454  0.09662808490714492  1.0073815942585154
455  0.09662496298517897  1.007381355769247
456  0.09662121875261132  1.007381069740546
457  0.09661837908390714  1.0073808528131152
458  0.09661211112911017  1.007380373992706
459  0.09660604784727367  1.007379910807635
460  0.09660042346282405  1.0073794811507293
461  0.09659736273770869  1.0073792473363992
462  0.09659463510781874  1.007379038967816
463  0.09659123594360997  1.0073787792995113
464  0.09658673668989781  1.0073784355933786
465  0.09658214955392852  1.0073780851737613
466  0.0965792025902974  1.0073778600498768
467  0.0965750853504922  1.007377545526478
468  0.0965740602510351  1.0073774672172753
469  0.09656939999918868  1.0073771112122039
470  0.09656696875636517  1.0073769254851652
471  0.0965640326756797  1.0073767011926487
472  0.09655909619645053  1.0073763240860676
473  0.09657746264357325  1.0073777271321982
474  0.09655692041306652  1.0073761578740377
475  0.09655182384208438  1.0073757685377578
476  0.09654829995860736  1.0073754993419226
477  0.09654335210644038  1.007375121366542
478  0.0965382973135015  1.0073747352217626
479  0.09653350956021522  1.0073743694766255
480  0.09652981025621021  1.0073740868800984
481  0.0965258291261164  1.0073737827543667
482  0.0965222798284554  1.0073735116170957
483  0.09651661990724969  1.007373079245473
484  0.09651554242981875  1.0073729969350222
485  0.09651032179206198  1.007372598121057
486  0.09650797628193497  1.007372418943294
487  0.09650399367363727  1.0073721147046397
488  0.09650220851012248  1.0073719783327684
489  0.0964976599791596  1.0073716308622573
490  0.09649556445256202  1.0073714707811887
491  0.09649291591148002  1.0073712684543428
492  0.09648840777802359  1.0073709240698703
493  0.09648246483989154  1.0073704700780723
494  0.09648358514230904  1.0073705556600014
495  0.09647934193347785  1.0073702315136004
496  0.09647626982537705  1.0073699968297036
497  0.09647301172783507  1.0073697479377366
498  0.09647040907543258  1.00736954911641
499  0.09646688956656246  1.0073692802547587
500  0.0964633229241092  1.0073690077924877
501  0.09646110262754126  1.0073688381800152
502  0.09645813685429117  1.00736861161923
503  0.09645463853426417  1.007368344376233
504  0.09645097808823899  1.0073680647481371
505  0.09644885718318441  1.0073679027283622
506  0.09644702553480122  1.0073677628054276
507  0.09644468673078954  1.0073675841399572
508  0.09644251471116416  1.0073674182154475
509  0.09643809952728521  1.0073670809315616
510  0.09643736247815449  1.0073670246270447
511  0.09642995188171177  1.0073664585181727
512  0.09642757411606828  1.0073662768763527
513  0.09642475320063615  1.0073660613815183
514  0.09642204849679714  1.0073658547642976
515  0.09641855870979865  1.0073655881731538
516  0.09641522373331213  1.0073653334082653
517  0.09641242868933653  1.0073651198897984
518  0.0964085893749499  1.007364826597625
519  0.0964019300739648  1.0073643178815723
520  0.09639892871965539  1.0073640886026856
521  0.09639315186777553  1.007363647298517
522  0.0963902143856511  1.007363422898942
523  0.09638418519865388  1.0073629623184372
524  0.09637524566490885  1.007362279411278
525  0.09637281490065963  1.0073620937207985
526  0.0963649085100079  1.0073614897373098
527  0.09636153184259111  1.0073612317875755
528  0.09635560731276971  1.0073607792020218
529  0.09635565627694564  1.0073607829424838
530  0.09635111337305613  1.007360435901835
531  0.09634318562602218  1.0073598302868936
532  0.09633474579810608  1.007359185553167
533  0.09632868544171691  1.0073587225915759
534  0.09632049374495355  1.007358096813037
535  0.09632734686437006  1.00735862033523
536  0.09631733225805772  1.007357855301332
537  0.09631216438224433  1.0073574605179472
538  0.09630887736323945  1.0073572094166172
539  0.0963040025399391  1.0073568370200443
540  0.09629900981656492  1.0073564556168713
541  0.09629361202535935  1.0073560432698334
542  0.09628716319947583  1.0073555506323548
543  0.09628144692253293  1.0073551139556152
544  0.09627646513782062  1.0073547333880664
545  0.09627028563092621  1.0073542613243527
546  0.09626717088016545  1.007354023382906
547  0.09625906295123543  1.0073534040035432
548  0.096256285067438  1.0073531917959733
549  0.09625234639042857  1.0073528909133094
550  0.09624927207544343  1.0073526560608244
551  0.09624510724748292  1.0073523379020801
552  0.09624098305754958  1.0073520228477482
553  0.09623564625753322  1.0073516151599378
554  0.09623264167880019  1.0073513856347314
555  0.09622936317755548  1.0073511351840887
556  0.09622598642521307  1.007350877227867
557  0.09622188679722354  1.0073505640498666
558  0.09621856616558766  1.007350310380807
559  0.09621697665506768  1.007350188955222
560  0.09621330720558763  1.0073499086393363
561  0.09621179815095182  1.007349793359922
562  0.09620865013395974  1.0073495528772074
563  0.09620587820640092  1.0073493411246452
564  0.09621072444191203  1.0073497113373455
565  0.09620426669488813  1.0073492180183647
566  0.0962016497660293  1.007349018106434
567  0.09620040067553459  1.0073489226861507
568  0.09619751339178284  1.00734870212132
569  0.09619567948253527  1.0073485620256744
570  0.09619380744704253  1.0073484190174953
571  0.09619151980952567  1.007348244260726
572  0.09618988398848427  1.0073481192973965
573  0.09618891466561585  1.0073480452490686
574  0.09618622741900573  1.0073478399654372
575  0.09618543368345422  1.007347779330542
576  0.09618462148668627  1.0073477172853615
577  0.09618305211346367  1.0073475973981012
578  0.0961820699404794  1.0073475223681294
579  0.09618029083011936  1.0073473864586697
580  0.09617941107098238  1.0073473192522773
581  0.09617846611844527  1.007347247065643
582  0.09617694605933225  1.0073471309455768
583  0.0961757121542578  1.0073470366853354
584  0.09617375915044712  1.0073468874918403
585  0.09617295415843063  1.0073468259970433
586  0.09617207497238678  1.0073467588344307
587  0.09617318601642655  1.0073468437090953
588  0.09617168380791208  1.0073467289526685
589  0.09617120385583067  1.0073466922882606
590  0.09617037090538849  1.007346628657669
591  0.09616984389788619  1.0073465883986124
592  0.09616899277027402  1.0073465233794339
593  0.09616816145923568  1.0073464598740793
594  0.09616760159489768  1.0073464171050295
595  0.09616658759739916  1.0073463396439257
596  0.0961657989043011  1.007346279394233
597  0.0961648806493296  1.007346209247074
598  0.09616443498939464  1.007346175202305
599  0.09616327857170426  1.0073460868614652
600  0.09616292294457984  1.0073460596944654
601  0.09616208588159214  1.007345995749709
602  0.09616138406069819  1.007345942136341
603  0.09616082912676027  1.0073458997439333
604  0.09616013081844244  1.0073458463988973
605  0.09615952633863045  1.0073458002215907
606  0.09615816063508709  1.0073456958930258
607  0.09615768170909922  1.007345659307003
608  0.09615646866766825  1.007345566640573
609  0.096155923867705  1.007345525022318
610  0.09615530982960796  1.0073454781148365
611  0.09615424601169587  1.0073453968478614
612  0.09615269873474097  1.0073452786485748
613  0.0961523507179517  1.0073452520629427
614  0.09615117888178404  1.0073451625442573
615  0.09615088721523513  1.0073451402633216
616  0.09615024991278742  1.0073450915786344
617  0.09614950729001559  1.007345034848337
618  0.09614838927448277  1.0073449494411075
619  0.09614766686008103  1.007344894254564
620  0.09614704993920753  1.0073448471268622
621  0.09614562746234234  1.0073447384612804
622  0.09614542541368087  1.0073447230264176
623  0.09614384035596601  1.0073446019409906
624  0.09614333067140024  1.0073445630052644
625  0.09614263578160953  1.0073445099213758
626  0.0961422526036464  1.0073444806497178
627  0.09614180912063464  1.007344446771248
628  0.09614140265906645  1.0073444157209133
629  0.09614098661526704  1.0073443839385747
630  0.0961402411839607  1.0073443269937281
631  0.09613955386564987  1.0073442744882386
632  0.09613887405110189  1.0073442225559752
633  0.09613887405110189  1.0073442225559752
634  0.09648251789785078  1.007370474131266
635  0.0961935732692516  1.0073484011282303
636  0.09631521514295016  1.007357693571078
637  0.0963024383935609  1.0073567175320721
638  0.09621279465735988  1.0073498694848497
639  0.09619249411460296  1.007348318689654
640  0.0962215617522616  1.0073505392190938
641  0.09622226538279521  1.0073505929707034
642  0.09619140316257313  1.0073482353498542
643  0.09617014499004883  1.0073466113995875
644  0.09617634277618803  1.0073470848596857
645  0.09618885133387134  1.007348040411042
646  0.09618278195997465  1.0073475767605873
647  0.09616213397577922  1.0073459994237113
648  0.096149327894539  1.007345021143992
649  0.09615428883321586  1.0073454001190747
650  0.09616442410962767  1.0073461743711798
651  0.09616398711923524  1.007346140988693
652  0.09615361066840666  1.0073453483128376
653  0.09614502843483796  1.0073446927004854
654  0.09614469548077476  1.007344667265522
655  0.09614811451907601  1.0073449284520448
656  0.09614792756810953  1.0073449141705222
657  0.0961436310796131  1.0073445859539913
658  0.09614044703081148  1.0073443427187416
659  0.09614091570528949  1.0073443785216332
660  0.09614213278563766  1.0073444714966033
661  0.09614070260396224  1.0073443622424372
662  0.09613755721266759  1.0073441219603043
663  0.09613602799208709  1.007344005140377
664  0.09613683103896686  1.0073440664865814
665  0.0961375783956846  1.0073441235785134
666  0.09613635052170766  1.0073440297789984
667  0.09613430701026293  1.0073438736714615
668  0.09613369607305644  1.0073438270008626
669  0.09613447512168127  1.007343886513797
670  0.09613461010829916  1.0073438968256687
671  0.0961332674271882  1.007343794255829
672  0.09613197603260071  1.0073436956038597
673  0.09613203405175375  1.007343700036048
674  0.09613271577920435  1.0073437521144413
675  0.09613254707404162  1.0073437392267488
676  0.09613146834909703  1.0073436568209981
677  0.09613071839114729  1.0073435995303535
678  0.09613084318313125  1.007343609063439
679  0.09613110295639493  1.0073436289079885
680  0.09613084237510028  1.0073436090017118
681  0.09613034650602725  1.007343571121376
682  0.09613007609199609  1.007343550463959
683  0.0961300018307768  1.00734354479101
684  0.09612983867347158  1.0073435323271283
685  0.09612959133439425  1.0073435134324484
686  0.09612945111117677  1.007343502720543
687  0.09612940441933737  1.007343499153669
688  0.09612925229675717  1.0073434875327498
689  0.09612899267125097  1.0073434676994877
690  0.09612881085850167  1.0073434538104828
691  0.09612876050802421  1.0073434499641187
692  0.09612869482165409  1.007343444946218
693  0.09612852752290268  1.0073434321659636
694  0.09612834739793819  1.0073434184058916
695  0.09612823486862265  1.0073434098095737
696  0.09612814221421218  1.0073434027315356
697  0.09612802813130483  1.007343394016536
698  0.09612791024185419  1.0073433850107474
699  0.09612779898363188  1.0073433765115305
700  0.09612769288432599  1.0073433684064126
701  0.0961275931695168  1.0073433607890176
702  0.09612748620825862  1.0073433526180537
703  0.09612736532154598  1.007343343383299
704  0.09612725041286019  1.0073433346052165
705  0.09612716849032221  1.0073433283470057
706  0.0961270952046398  1.0073433227485797
707  0.09612698689589383  1.0073433144746786
708  0.09612685496578299  1.0073433043962987
709  0.09612675148597494  1.007343296491289
710  0.09612668319487394  1.0073432912744082
711  0.09612660126392758  1.0073432850155548
712  0.09612648798047918  1.0073432763616272
713  0.09612638089709924  1.0073432681813341
714  0.09612629572501685  1.0073432616748847
715  0.09612620734088617  1.007343254923061
716  0.09612610880714334  1.00734324739589
717  0.09612601636530704  1.007343240334091
718  0.0961259302545987  1.007343233755938
719  0.09612583600958002  1.0073432265563906
720  0.0961257374521145  1.0073432190274074
721  0.09612564843504623  1.0073432122272326
722  0.09612556378424675  1.0073432057606047
723  0.09612547170240104  1.007343198726306
724  0.0961253768154583  1.0073431914777207
725  0.09612528857555758  1.007343184736915
726  0.09612520178367923  1.0073431781067264
727  0.09612511030380166  1.007343171118413
728  0.09612501958508102  1.0073431641882458
729  0.09612493235813702  1.0073431575248217
730  0.09612484414446243  1.0073431507860193
731  0.09612475395726705  1.0073431438964564
732  0.09612466534407904  1.0073431371271344
733  0.09612457794871554  1.0073431304508447
734  0.09612448955547215  1.0073431236983248
735  0.09612440137213807  1.0073431169618403
736  0.0961243139587955  1.007343110284177
737  0.09612422579568902  1.0073431035492377
738  0.09612413755188687  1.0073430968081338
739  0.09612405096114285  1.0073430901933103
740  0.09612396441793747  1.0073430835821182
741  0.0961238760440758  1.007343076831079
742  0.09612378814569333  1.0073430701163626
743  0.09612370224609124  1.0073430635543366
744  0.09612361584560147  1.0073430569540467
745  0.09612352803405066  1.0073430502459635
746  0.09612344109314253  1.0073430436043902
747  0.09612335516866433  1.007343037040464
748  0.09612326843413666  1.0073430304146564
749  0.09612318134696363  1.0073430237619097
750  0.09612309521293716  1.0073430171819753
751  0.09612300925456285  1.0073430106154595
752  0.09612292253444454  1.007343003990753
753  0.09612283601777849  1.0073429973815882
754  0.09612275016630478  1.0073429908232387
755  0.09612266405470382  1.007342984245018
756  0.09612257770015853  1.0073429776482379
757  0.09612249175892262  1.0073429710830313
758  0.09612240583336851  1.0073429645190226
759  0.09612231963752327  1.007342957934366
760  0.09612223371573625  1.0073429513706453
761  0.09612214802169972  1.0073429448243227
762  0.09612206203494034  1.0073429382556387
763  0.09612197598671546  1.007342931682259
764  0.09612189028029783  1.0073429251349908
765  0.09612180458352548  1.0073429185884593
766  0.09612171867266994  1.0073429120255735
767  0.09612163285255382  1.0073429054696197
768  0.09612154715163646  1.0073428989227713
769  0.09612146137678512  1.0073428923702754
770  0.09612137561575251  1.0073428858188347
771  0.09612128990703406  1.0073428792713908
772  0.09612120413624337  1.0073428727192049
773  0.09612111837019521  1.0073428661673811
774  0.09612103266937555  1.0073428596205405
775  0.09612094692365625  1.00734285307027
776  0.09612086113617524  1.0073428465168088
777  0.09612077539435193  1.0073428399668358
778  0.09612068963386333  1.007342833415437
779  0.09612060381734966  1.0073428268597582
780  0.0961205180206609  1.0073428203055939
781  0.09612043222333289  1.007342813751381
782  0.09612034636754174  1.0073428071927015
783  0.09612026049865152  1.0073428006330216
784  0.09612017462819833  1.0073427940732222
785  0.096120088713878  1.007342787510072
786  0.09612000277191446  1.00734278094481
787  0.09611991681443599  1.0073427743783625
788  0.09611983081129671  1.007342767808427
789  0.09611974477455676  1.0073427612359247
790  0.09611965872037986  1.0073427546620906
791  0.09611957262014514  1.0073427480847377
792  0.09611948647017754  1.0073427415035858
793  0.09611940029435151  1.0073427349204587
794  0.09611931408005281  1.0073427283343923
795  0.09611922781250792  1.0073427217442585
796  0.09611914150343104  1.0073427151509518
797  0.09611905515287233  1.0073427085544764
798  0.09611896875126835  1.0073427019541015
799  0.09611888230010468  1.0073426953499407
800  0.09611879580041105  1.0073426887420727
801  0.09611870924886445  1.0073426821302434
802  0.09611862264379845  1.0073426755143255
803  0.09611853598419329  1.0073426688942415
804  0.09611844926880098  1.0073426622698958
805  0.09611836249735539  1.0073426556412681
806  0.09611827566712716  1.0073426490081498
807  0.09611818877670142  1.007342642370433
808  0.0961181018268481  1.0073426357281763
809  0.09611801481526472  1.007342629081204
810  0.09611792774015349  1.0073426224293787
811  0.09611784060143269  1.0073426157726941
812  0.09611775339747264  1.0073426091110258
813  0.09611766612751993  1.0073426024443164
814  0.09611757879101157  1.0073425957725224
815  0.09611749138586434  1.007342589095485
816  0.09611740391154189  1.0073425824131632
817  0.09611731636818122  1.0073425757255674
818  0.0961172287536114  1.007342569032532
819  0.09611714106669755  1.0073425623339698
820  0.09611705330787235  1.0073425556299145
821  0.09611696547572257  1.0073425489202577
822  0.09611687756899079  1.0073425422049032
823  0.09611678958751957  1.0073425354838395
824  0.09611670153027807  1.0073425287569875
825  0.09611661339644895  1.0073425220242846
826  0.09611652518564429  1.0073425152857018
827  0.09611643689682936  1.0073425085411596
828  0.09611634852944617  1.007342501790615
829  0.09611626008311436  1.0073424950340397
830  0.09611617155685725  1.0073424882713589
831  0.09611608295013108  1.0073424815025307
832  0.09611599426256212  1.0073424747275268
833  0.09611590549336646  1.0073424679462872
