0  -0.5016618371009827  0.6895705748646146
1  -0.6981570720672607  0.5679789003116517
2  -1.3196494579315186  0.18339807354442708
3  -1.344651699066162  0.16792663288755819
4  -1.5183017253875732  0.060471622641584254
5  -1.5677227973937988  0.02988975685501286
6  -1.5920982360839844  0.0148061829006043
7  -1.6065337657928467  0.005873446029601592
8  -1.6125550270080566  0.0021474766227412454
9  -1.614229440689087  0.0011113458310413756
10  -1.6149357557296753  0.0006742765628638354
11  -1.615132451057434  0.0005525610704599635
12  -1.6152260303497314  0.0004946540028617578
13  -1.6153156757354736  0.0004391812451116295
14  -1.615419626235962  0.00037485645155031045
15  -1.615678310394287  0.00021478213729794556
16  -1.6159236431121826  6.296972313602528e-05
17  -1.615774154663086  0.00015547349736296794
18  -1.6159883737564087  2.291426109038742e-05
19  -1.6160147190093994  6.611761804777905e-06
20  -1.6160246133804321  4.891037020376794e-07
21  -1.616025447845459  2.7265053615110704e-08
22  -1.616025447845459  2.7265053615110704e-08
23  -1.6160252094268799  1.2026887657140075e-07
24  -1.6160252094268799  1.2026887657140075e-07
25  -1.616025447845459  2.7265053615110704e-08
26  -1.616025447845459  2.7265053615110704e-08
27  -1.6160253286361694  4.650191147814502e-08
28  -1.616025447845459  2.7265053615110704e-08
29  -1.616025447845459  2.7265053615110704e-08
30  -1.616025447845459  2.7265053615110704e-08
31  -1.616025447845459  2.7265053615110704e-08
32  -1.616025447845459  2.7265053615110704e-08
33  -1.616025447845459  2.7265053615110704e-08
34  -1.616025447845459  2.7265053615110704e-08
35  -1.616025447845459  2.7265053615110704e-08
36  -1.616025447845459  2.7265053615110704e-08
37  -1.616025447845459  2.7265053615110704e-08
38  -1.616025447845459  2.7265053615110704e-08
39  -1.616025447845459  2.7265053615110704e-08
40  -1.616025447845459  2.7265053615110704e-08
41  -1.6159775257110596  2.962705491387369e-05
42  -1.6160191297531128  3.882384096327443e-06
43  -1.616012692451477  7.865800211363252e-06
44  -1.6160008907318115  1.5168729755595568e-05
45  -1.6160070896148682  1.1332847570746271e-05
46  -1.6160160303115845  5.800325188752091e-06
47  -1.6160210371017456  2.702112654835351e-06
48  -1.616019368171692  3.7348501661409313e-06
49  -1.616015911102295  5.874092153845347e-06
50  -1.616015911102295  5.874092153845347e-06
51  -1.616018295288086  4.3987528519802326e-06
52  -1.6160218715667725  2.1857438991825612e-06
53  -1.6160223484039307  1.890676038809538e-06
54  -1.616020917892456  2.7758796199286067e-06
55  -1.616020679473877  2.923413550115118e-06
56  -1.6160211563110352  2.6283456897420952e-06
57  -1.6160225868225098  1.7431421086230266e-06
58  -1.616023302078247  1.3005403180634923e-06
59  -1.6160231828689575  1.374307283156748e-06
60  -1.616023063659668  1.4480742482500038e-06
61  -1.616023063659668  1.4480742482500038e-06
62  -1.6160237789154053  1.0054724576904694e-06
63  -1.616024374961853  6.366376322241908e-07
64  -1.6160242557525635  7.104045973174465e-07
65  -1.6160237789154053  1.0054724576904694e-06
66  -1.6160235404968262  1.1530063878769809e-06
67  -1.6160237789154053  1.0054724576904694e-06
68  -1.6160242557525635  7.104045973174465e-07
69  -1.616025447845459  2.7265053615110704e-08
70  -1.6160247325897217  4.1533673694442366e-07
71  -1.6160238981246948  9.317054925972137e-07
72  -1.6160242557525635  7.104045973174465e-07
73  -1.616024374961853  6.366376322241908e-07
74  -1.6160252094268799  1.2026887657140075e-07
75  -1.616025447845459  2.7265053615110704e-08
76  -1.6160252094268799  1.2026887657140075e-07
77  -1.6160246133804321  4.891037020376794e-07
78  -1.6160247325897217  4.1533673694442366e-07
79  -1.6160252094268799  1.2026887657140075e-07
80  -1.616025447845459  2.7265053615110704e-08
81  -1.6160250902175903  1.9403584166465647e-07
82  -1.6160252094268799  1.2026887657140075e-07
83  -1.6160248517990112  3.415697718511679e-07
84  -1.6160249710083008  2.678028067579122e-07
85  -1.6160253286361694  4.650191147814502e-08
86  -1.616025447845459  2.7265053615110704e-08
87  -1.616025686264038  1.7479898380162215e-07
88  -1.616025447845459  2.7265053615110704e-08
89  -1.6160252094268799  1.2026887657140075e-07
90  -1.616025447845459  2.7265053615110704e-08
91  -1.6160250902175903  1.9403584166465647e-07
92  -1.616025447845459  2.7265053615110704e-08
93  -1.6160250902175903  1.9403584166465647e-07
94  -1.6160255670547485  1.0103201870836643e-07
95  -1.6160255670547485  1.0103201870836643e-07
96  -1.616025686264038  1.7479898380162215e-07
97  -1.616025447845459  2.7265053615110704e-08
98  -1.6160252094268799  1.2026887657140075e-07
99  -1.6160253286361694  4.650191147814502e-08
100  -1.6160252094268799  1.2026887657140075e-07
101  -1.6160252094268799  1.2026887657140075e-07
102  -1.616025686264038  1.7479898380162215e-07
103  -1.6160252094268799  1.2026887657140075e-07
104  -1.6160253286361694  4.650191147814502e-08
105  -1.616025447845459  2.7265053615110704e-08
106  -1.616025447845459  2.7265053615110704e-08
107  -1.616025686264038  1.7479898380162215e-07
108  -1.6160255670547485  1.0103201870836643e-07
109  -1.6160255670547485  1.0103201870836643e-07
110  -1.616025447845459  2.7265053615110704e-08
111  -1.6160255670547485  1.0103201870836643e-07
112  -1.6160252094268799  1.2026887657140075e-07
113  -1.6160252094268799  1.2026887657140075e-07
114  -1.6160252094268799  1.2026887657140075e-07
115  -1.6160252094268799  1.2026887657140075e-07
116  -1.6160252094268799  1.2026887657140075e-07
117  -1.6160255670547485  1.0103201870836643e-07
118  -1.616025447845459  2.7265053615110704e-08
119  -1.616025686264038  1.7479898380162215e-07
120  -1.6160250902175903  1.9403584166465647e-07
121  -1.6160252094268799  1.2026887657140075e-07
122  -1.616025447845459  2.7265053615110704e-08
123  -1.6160253286361694  4.650191147814502e-08
124  -1.6160252094268799  1.2026887657140075e-07
125  -1.6160253286361694  4.650191147814502e-08
126  -1.616025447845459  2.7265053615110704e-08
127  -1.616025447845459  2.7265053615110704e-08
128  -1.616025447845459  2.7265053615110704e-08
129  -1.616025447845459  2.7265053615110704e-08
130  -1.6160255670547485  1.0103201870836643e-07
131  -1.6160252094268799  1.2026887657140075e-07
132  -1.6160252094268799  1.2026887657140075e-07
133  -1.6160255670547485  1.0103201870836643e-07
134  -1.616025686264038  1.7479898380162215e-07
135  -1.616025447845459  2.7265053615110704e-08
136  -1.616025447845459  2.7265053615110704e-08
137  -1.6160252094268799  1.2026887657140075e-07
138  -1.6160252094268799  1.2026887657140075e-07
139  -1.616025447845459  2.7265053615110704e-08
140  -1.616025447845459  2.7265053615110704e-08
