0  0.9963402189719686  1.0761122322455103
1  0.9883901933804696  1.0755049154046805
2  0.967829166646585  1.0739342213664629
3  0.9903903473799878  1.0756577107880638
4  0.9571377169563423  1.0731174821780114
5  0.9390976802634038  1.0717393711308558
6  0.9135893794928313  1.069790745876682
7  0.8688648183092134  1.0663741557169486
8  0.9785031251706166  1.074749624373077
9  0.8331605591086905  1.0636466427483082
10  0.7975228284077238  1.060924212012135
11  0.7655282252159403  1.0584800863787758
12  0.7171016835964783  1.054780695234664
13  0.6947645195883381  1.0530743188560732
14  0.6689760592254894  1.051104291703685
15  0.6406669628088768  1.048941708601956
16  0.6208967415485647  1.0474314256248594
17  0.6002375707501704  1.0458532341839584
18  0.5762645780426285  1.0440218938909216
19  0.5540013720013461  1.0423211672952493
20  0.5287904982129372  1.0403952630264488
21  0.5176404052138825  1.0395434872457032
22  0.48570662872606707  1.0371040082743286
23  0.46901245898391786  1.0358287104389452
24  0.4432961314563213  1.033864193644369
25  0.40730577002612267  1.03111482480869
26  0.3988483708766053  1.03046874878365
27  0.353068634276945  1.0269715518645022
28  0.3313861414844559  1.0253151870047295
29  0.30948505892049927  1.023642123676767
30  0.29729569499639197  1.0227109561094536
31  0.2768776123214448  1.0211511818265615
32  0.27040727477857784  1.0206569010333222
33  0.2631523440602641  1.0201026837476574
34  0.2547944058103897  1.0194642057207195
35  0.25248779971933877  1.0192879999075264
36  0.24427248319613815  1.018660417012369
37  0.24156421563549668  1.0184535275526911
38  0.2360344894037404  1.0180311017595822
39  0.22918980112624587  1.017508223636322
40  0.2280530332979005  1.017421383884887
41  0.2245394748527898  1.0171529767973375
42  0.2176361838624269  1.0166256219067973
43  0.21371987884407617  1.0163264482797318
44  0.2096305877179987  1.016014059930872
45  0.20660171360639412  1.0157826787566153
46  0.20304250047480144  1.0155107840249515
47  0.19948242247741588  1.015238823224625
48  0.19734246978515702  1.015075348366132
49  0.19456765125347286  1.0148633749573492
50  0.19208921657652211  1.0146740428475483
51  0.18984571364237035  1.0145026575986984
52  0.18841732277153733  1.014393540235344
53  0.18561011980274356  1.0141790929208097
54  0.18395710003906318  1.0140528157498554
55  0.180998521368545  1.013826804571546
56  0.17923723180458562  1.0136922564746298
57  0.17762577695266435  1.0135691545224983
58  0.17591899770857078  1.0134387705675554
59  0.1736393481046773  1.013264624009195
60  0.17229455346278133  1.01316189271304
61  0.17090252023727615  1.0130555527760026
62  0.16987457331977796  1.012977026050863
63  0.16827172109924493  1.0128545812693102
64  0.16726422334927804  1.012777616693082
65  0.16613616704396772  1.0126914424306555
66  0.164628090931478  1.0125762377674972
67  0.16311225361542858  1.0124604402119548
68  0.16187081215867682  1.0123656042526346
69  0.16038543357445045  1.0122521334947323
70  0.15948508576536136  1.0121833542963798
71  0.15832510048974946  1.0120947409221352
72  0.15693582478803192  1.0119886116373302
73  0.15602911776417028  1.011919346647054
74  0.15535485781509406  1.0118678387094433
75  0.15342440284809156  1.011720367761277
76  0.15270041887763997  1.0116650613156957
77  0.15152586508739685  1.011575335026256
78  0.14984365661893473  1.0114468280773252
79  0.14829894308399771  1.0113288246151693
80  0.14658336335876254  1.0111977683755473
81  0.14522009242709988  1.0110936256421832
82  0.14380178774034202  1.0109852787806817
83  0.14237976330101654  1.0108766477605504
84  0.14059995972060302  1.0107406853444154
85  0.1396554837713938  1.0106685351175877
86  0.13873074586414313  1.0105978927155017
87  0.13779165636457957  1.0105261539693093
88  0.1360746832043901  1.0103949912826695
89  0.13507433697986437  1.0103185730244109
90  0.134057847504233  1.010240921553988
91  0.13232654559337487  1.0101086642681563
92  0.13160791552942008  1.0100537668171805
93  0.1301455417506363  1.0099420534379941
94  0.12952617671692812  1.009894739022303
95  0.12858799959334188  1.0098230699741624
96  0.12766549278940764  1.0097525980100963
97  0.12687325802760563  1.0096920777630611
98  0.12609809101650915  1.009632861352387
99  0.1254330800658311  1.0095820599625003
100  0.12414983368722465  1.009484030449552
101  0.12303189745471899  1.0093986292777997
102  0.12202967292632738  1.0093220675325099
103  0.12143100467488288  1.0092763341814672
104  0.12057060651515339  1.00921060680912
105  0.11998127618209509  1.0091655867985605
106  0.11937418650169962  1.0091192101193216
107  0.1182410971541612  1.0090326513736916
108  0.11836437393653665  1.0090420687101718
109  0.11755462959013985  1.0089802108742851
110  0.11666345182170523  1.0089121321919317
111  0.1160284860875106  1.0088636260105002
112  0.11541205495169993  1.0088165357205785
113  0.1146877654901639  1.0087612059379805
114  0.11388476563142369  1.0086998633257103
115  0.11316339576055512  1.0086447565759264
116  0.11254352450996596  1.0085974034894116
117  0.11174339135953093  1.0085362798701762
118  0.11088810221355394  1.0084709427846346
119  0.11015359104990563  1.0084148321477158
120  0.1095176143977683  1.0083662487404332
121  0.10905408317487031  1.0083308387515373
122  0.10851910811903165  1.0082899710389626
123  0.10756093817562173  1.008216774703138
124  0.10747467877456351  1.0082101851914012
125  0.10706542100169814  1.0081789212495633
126  0.10668473798133271  1.0081498401847764
127  0.10626243563853732  1.008117579744637
128  0.10585858275548543  1.0080867286921122
129  0.10539326521178682  1.008051182242938
130  0.1049275135537554  1.0080156026309846
131  0.10458263106949672  1.007989256433933
132  0.10414228835539241  1.0079556178571845
133  0.10371435702375986  1.0079229274084018
134  0.10336207305245282  1.0078960157983616
135  0.10300088765234272  1.0078684241920675
136  0.10246768514283722  1.0078276918875146
137  0.10205173108946364  1.0077959164046917
138  0.10167578349771522  1.0077671970878654
139  0.10136157008365865  1.0077431937565837
140  0.10109414695022911  1.007722764819508
141  0.10079731293369387  1.0077000891318515
142  0.10050445802942998  1.007677717415782
143  0.10023468664075452  1.0076571090912387
144  0.09997768154220688  1.0076374760066995
145  0.09973066356393345  1.00761860585635
146  0.09946366868191281  1.0075982096341745
147  0.09915230674759012  1.0075744241325892
148  0.09884889097756588  1.007551245652874
149  0.09853726401998375  1.0075274399056826
150  0.0983071457603506  1.0075098607554207
151  0.0981150853793119  1.0074951889153723
152  0.09777368968270617  1.007469109080339
153  0.09765946639887169  1.0074603833569953
154  0.09746601162074586  1.00744560499643
155  0.09730831806640783  1.0074335585004612
156  0.0971574786294429  1.0074220356029213
157  0.0970051863243957  1.0074104017181595
158  0.09674892084273534  1.0073908251342927
159  0.09662506669027116  1.0073813636914668
160  0.09649355331765674  1.007371317146954
161  0.09629269472635882  1.007355973195703
162  0.09608364448800166  1.0073400034697098
163  0.09587762215415752  1.0073242650508216
164  0.0957408169151015  1.0073138142510556
165  0.09558811805930001  1.007302149309146
166  0.09550413925417445  1.0072957340162596
167  0.0952947405447494  1.007279737669931
168  0.09520137234839365  1.0072726051044578
169  0.0950801611118467  1.0072633455587614
170  0.094990857241946  1.0072565234745405
171  0.09482343367140533  1.0072437336850273
172  0.09471930820752239  1.007235779352422
173  0.09461957447976499  1.0072281605124864
174  0.0944378321163516  1.007214276884475
175  0.0942816061731333  1.0072023425019754
176  0.09401222821911992  1.0071817642326177
177  0.0939014979145798  1.007173305344283
178  0.09372679355588243  1.0071599593621874
179  0.09380372761455724  1.007165836494145
180  0.09363920344552834  1.0071532681951596
181  0.09349757618068233  1.0071424490321177
182  0.09332615951535272  1.0071293542028679
183  0.09319857291199185  1.007119607631364
184  0.09305288945844481  1.0071084786087272
185  0.09286495592534572  1.0070941220260605
186  0.09279019491570795  1.007088410897251
187  0.09262214101690547  1.0070755729558212
188  0.09254917099414772  1.0070699986437406
189  0.09244503247600122  1.0070620433138966
190  0.09228266591704248  1.0070496398386488
191  0.09206751309750916  1.0070332039254368
192  0.09183965535100125  1.007015797459863
193  0.09167528675563097  1.007003241045431
194  0.09150613230615112  1.0069903190309435
195  0.09151211696709705  1.0069907762100225
196  0.09141032809052019  1.0069830003735498
197  0.09129103086415813  1.0069738870425546
198  0.09102647507122485  1.0069536771468082
199  0.09092303674410385  1.0069457753058233
200  0.09080577018076286  1.0069368171008513
201  0.09054828261330616  1.006917147159639
202  0.0903999050378167  1.006905812328152
203  0.09030768977923309  1.0068987678376817
204  0.09016324124128072  1.0068877331524817
205  0.0899681345098472  1.006872828596214
206  0.08974362374345601  1.006855677812508
207  0.08953185779491368  1.0068395006284998
208  0.08937567531837043  1.006827569566498
209  0.08920991199599648  1.0068149066063465
210  0.08912473205097671  1.0068083995562098
211  0.08899338976711624  1.0067983660814765
212  0.08882087482973089  1.0067851873532367
213  0.08872038790236292  1.00677751097502
214  0.08848753530242603  1.0067597229435545
215  0.08823692028370667  1.0067405780087766
216  0.08807489024794457  1.0067282002411446
217  0.08786858104138073  1.0067124399075302
218  0.08773138300909933  1.006701959101579
219  0.08757827049995315  1.0066902625599419
220  0.08725367812397455  1.0066654663609778
221  0.08710084375178173  1.006653791066726
222  0.08691453585758213  1.0066395586695562
223  0.0865499926653478  1.0066117105554457
224  0.08628646625914149  1.0065915792964137
225  0.08597203138162546  1.0065675590471377
226  0.08570923942543551  1.0065474838940716
227  0.08544905980296658  1.0065276083019057
228  0.0851806331656817  1.0065071027053545
229  0.08482373367769969  1.0064798385076434
230  0.08444341135184719  1.0064507849969626
231  0.08410163453843922  1.0064246760477273
232  0.08381602100134478  1.0064028575127995
233  0.08352372888159332  1.006380528788857
234  0.08317129445558225  1.0063536056853095
235  0.08282451914723621  1.006327114892001
236  0.08248862535393886  1.0063014553573175
237  0.08216764658194897  1.0062769352081011
238  0.08176067687004185  1.0062458460553803
239  0.08135058547835416  1.006214518431892
240  0.0809566873718327  1.0061844278427603
241  0.08062774724607757  1.0061592995113233
242  0.0802910808334758  1.006133580954853
243  0.07994566883658571  1.0061071943073734
244  0.0795540380504991  1.0060772769229525
245  0.07912710767039632  1.0060446629386686
246  0.07875358064919336  1.0060161285336064
247  0.07817507699823045  1.0059719355928833
248  0.07750748637332605  1.0059209371370146
249  0.07692042899006168  1.0058760907612028
250  0.07662498445001265  1.0058535212181694
251  0.07611737107562677  1.0058147437139529
252  0.07593797454230111  1.005801039288147
253  0.07548065452084884  1.005766103784169
254  0.07519295940761206  1.0057441262338727
255  0.07488888663760551  1.0057208975647398
256  0.07435554896786434  1.005680154935052
257  0.07462797107743568  1.005700965752961
258  0.07404082057268713  1.0056561122634307
259  0.0736843918294291  1.0056288840267609
260  0.0734357283560636  1.0056098881740636
261  0.07315483268345024  1.0055884300453406
262  0.07277126189637473  1.0055591283788288
263  0.07237469217548642  1.0055288337002413
264  0.0721276272051874  1.0055099599600859
265  0.07193193955753008  1.0054950110265766
266  0.07173661779544727  1.0054800900437284
267  0.07151647182266019  1.005463272694504
268  0.0712257991675943  1.0054410676843994
269  0.07098901015395409  1.0054229789431681
270  0.07069637132514661  1.0054006237334936
271  0.07059535519499838  1.0053929069285188
272  0.07037814209313231  1.0053763136266114
273  0.07022842261166296  1.0053648762844984
274  0.0700818176204181  1.0053536768639295
275  0.06982274585874892  1.0053338859032548
276  0.07000007691872856  1.0053474325438143
277  0.06964477547106307  1.0053202904232947
278  0.06942482591802568  1.0053034880789304
279  0.0692408698446183  1.0052894353416069
280  0.06906595414925298  1.0052760732151207
281  0.06888500423308352  1.0052622501235884
282  0.06872030557106656  1.005249668494768
283  0.06849992519786852  1.0052328332392721
284  0.06832656270467197  1.0052195897647103
285  0.0681534298251315  1.0052063638307511
286  0.06801575219008693  1.005195846387077
287  0.06789173892564992  1.0051863727893995
288  0.06775283292397005  1.005175761508575
289  0.06757518366139004  1.005162190559943
290  0.06732104244085213  1.0051427762522274
291  0.06723923303119039  1.0051365266833856
292  0.06705179310717602  1.00512220780841
293  0.06694302132589647  1.005113898535211
294  0.06677759356728352  1.0051012612093826
295  0.06663166830727252  1.0050901137147124
296  0.0665207921691735  1.0050816436858883
297  0.06632296095511936  1.005066531001463
298  0.06617227669560943  1.0050550199582096
299  0.06603929548088339  1.005044861282582
300  0.06591961162846749  1.005035718416523
301  0.06571590561236296  1.0050201569453385
302  0.06550096089402835  1.0050037369293536
303  0.06531478813297042  1.0049895148552492
304  0.06516681999075957  1.0049782113011114
305  0.06494065413835459  1.0049609340823897
306  0.0647277039351023  1.0049446664310213
307  0.06447098481481806  1.004925055192879
308  0.06426017630364256  1.0049089511492437
309  0.06406265649287468  1.004893862253479
310  0.06389478753704159  1.0048810384401772
311  0.06359386907886311  1.0048580507346327
312  0.0634405551038838  1.0048463388026563
313  0.06329452019351156  1.004835182931597
314  0.06308420134670445  1.0048191162943085
315  0.06283918259365295  1.0048003988683916
316  0.06264666969974342  1.004785692460066
317  0.062439827812929005  1.0047698914340433
318  0.06225315666050246  1.0047556312869204
319  0.062044773253294716  1.0047397125013655
320  0.06175457963574893  1.004717544085804
321  0.06150656739973015  1.0046985979823064
322  0.06136450825109385  1.0046877458268801
323  0.06108297279807828  1.0046662388241743
324  0.06101573509163216  1.0046611024141097
325  0.06082386521007832  1.0046464451266615
326  0.06073111752485638  1.0046393599631565
327  0.06063632206548586  1.004632118366479
328  0.060556126697604684  1.0046259920972098
329  0.06046970581844591  1.0046193902498688
330  0.060355146121811254  1.0046106388273424
331  0.06026969915462743  1.0046041113788995
332  0.06006572216815742  1.0045885292077983
333  0.05994417835058652  1.0045792442556354
334  0.059835923403179114  1.0045709744643114
335  0.05976629557489366  1.0045656554685143
336  0.059681688293331425  1.0045591921651753
337  0.05957796435816343  1.0045512685060753
338  0.05948283079897276  1.0045440010813405
339  0.0593989402227858  1.0045375925284223
340  0.05931314247700281  1.0045310382833672
341  0.05922361389480735  1.0045241990329679
342  0.05910578390244792  1.0045151977866333
343  0.05903373958831892  1.0045096941911098
344  0.05893326781218089  1.0045020189703229
345  0.058799405369136415  1.0044917929760693
346  0.05865098195672147  1.0044804546430166
347  0.058531308629206524  1.0044713125809739
348  0.058431281687243875  1.0044636713418746
349  0.05836011865655699  1.004458235069188
350  0.05824357448182016  1.0044493320487884
351  0.058164726808351275  1.0044433087323341
352  0.05806333459725954  1.0044355631978554
353  0.057874513351655055  1.0044211388012239
354  0.05838180957689931  1.0044598920778436
355  0.05781462124130543  1.0044165635345372
356  0.0576806504260432  1.0044063292615337
357  0.057586536794320686  1.0043991397509038
358  0.057461889187138904  1.0043896176946363
359  0.057369469769342096  1.0043825576080743
360  0.0572977480650696  1.0043770786573014
361  0.05719245342378265  1.0043690350091186
362  0.057118141182924353  1.0043633581625684
363  0.057014662707660424  1.0043554532545944
364  0.05694019117674698  1.0043497642395887
365  0.056812927409722214  1.0043400423301367
366  0.056760766856277955  1.0043360576910725
367  0.056638339018288075  1.0043267052069902
368  0.05663406577575936  1.0043263787662609
369  0.05657165828140365  1.004321611344838
370  0.056485149748753516  1.0043150028014882
371  0.05639487205246596  1.0043081063249077
372  0.05632512057917005  1.0043027778836446
373  0.05625534035574575  1.004297447246107
374  0.05616315281267059  1.0042904048728742
375  0.05609669195358857  1.0042853278075854
376  0.05598764794313893  1.0042769977383077
377  0.05589318524948139  1.004269781562205
378  0.05584432141944995  1.0042660487658077
379  0.055772285416998524  1.0042605458052283
380  0.055732145109428144  1.0042574794144976
381  0.055675471609004434  1.0042531500232472
382  0.05561154332110385  1.0042482664256538
383  0.055567903135403385  1.0042449326728993
384  0.0555129906844537  1.0042407378114049
385  0.055415632354356203  1.004233300432395
386  0.05538327440316393  1.0042308285499504
387  0.05532856073580683  1.0042266488738945
388  0.055249179935533466  1.0042205848309187
389  0.05516558241595715  1.0042141986651252
390  0.05509479454963173  1.004208791051923
391  0.05501681737480879  1.0042028342344353
392  0.05494893739475071  1.0041976487599271
393  0.054867416333371555  1.0041914212185326
394  0.054816296852916446  1.004187516108918
395  0.05476610236806023  1.0041836816613907
396  0.05471971557579536  1.0041801380903908
397  0.05466463132396171  1.0041759301047162
398  0.05462993453045073  1.0041732795538747
399  0.05457016316495045  1.0041687135111053
400  0.054537733843026404  1.0041662361765213
401  0.05448168044180979  1.0041619541557716
402  0.05442784481783014  1.0041578415550378
403  0.05436038114728636  1.0041526878831668
404  0.05431439917204273  1.0041491752368716
405  0.05426934510368375  1.0041457334750625
406  0.05422832476795936  1.0041425998573887
407  0.05417831875829071  1.004138779807822
408  0.05413302109591067  1.004135319437425
409  0.05409854747535059  1.004132685935169
410  0.05418954540918475  1.004139637431999
411  0.054076891271566674  1.004131031578574
412  0.054032666137507235  1.004127653140556
413  0.05399425728177765  1.0041247190185645
414  0.05395881848442774  1.0041220117847072
415  0.05393053372682832  1.0041198510608917
416  0.053909561580845144  1.00411824896071
417  0.053864743127658876  1.0041148251979704
418  0.05384240161541043  1.0041131184894216
419  0.05380932644555614  1.0041105918173456
420  0.05378066381456803  1.0041084022270983
421  0.053756599893999946  1.0041065639406614
422  0.053709042402242835  1.004102930937809
423  0.053736801791105404  1.0041050515277559
424  0.05368479170543228  1.004101078383197
425  0.05365372090659226  1.0040987048286496
426  0.05362768805200835  1.0040967161317804
427  0.05360006315011545  1.0040946058155364
428  0.05356932319609098  1.0040922575348235
429  0.053535420633866626  1.004089667656747
430  0.05350297413128968  1.0040871890097018
431  0.053472350840222393  1.004084849641083
432  0.0534301476607576  1.0040816256638354
433  0.05343228090601759  1.0040817886263012
434  0.0534062785830548  1.0040798022617976
435  0.05337851621279599  1.0040776814440964
436  0.053343327068388624  1.004074993281679
437  0.05331041594994945  1.0040724791417874
438  0.05327926004319827  1.0040700990856928
439  0.05325532972984082  1.0040682710057527
440  0.0532280471242752  1.0040661868381444
441  0.05321136052397324  1.0040649121185523
442  0.05319408280544935  1.0040635922423695
443  0.05315717855124269  1.0040607730596107
444  0.05314029482862559  1.0040594832814884
445  0.05312341078715632  1.0040581934790083
446  0.05309380917819395  1.0040559321585343
447  0.0530730005488258  1.0040543425496828
448  0.053066883154026745  1.0040538752308243
449  0.053001524000043876  1.0040488823267815
450  0.05298780380427426  1.0040478342161996
451  0.05295641558148634  1.0040454364130624
452  0.05292836472528384  1.004043293557398
453  0.05289247142640863  1.0040405516033466
454  0.052869045945289406  1.0040387620884543
455  0.052852196489619474  1.004037474928046
456  0.05283471586201893  1.0040361395512718
457  0.052802580585734504  1.0040336846793663
458  0.05278079347107745  1.004032020322253
459  0.05275062837164857  1.0040297159557225
460  0.052722735555140954  1.0040275851729963
461  0.05269646959475072  1.0040255786687529
462  0.05265847242321631  1.0040226759960618
463  0.05263087346858719  1.0040205676619762
464  0.052601627956100794  1.0040183335443564
465  0.0525744589035424  1.0040162580512682
466  0.05254412308148115  1.004013940642927
467  0.05261735632888398  1.0040195350632146
468  0.05252259938585324  1.0040122964088698
469  0.05247616096434249  1.0040087488938185
470  0.052445772227522  1.004006427443223
471  0.05241121310249153  1.0040037874091259
472  0.052381845384001036  1.0040015439559684
473  0.05234518262382759  1.003998743221376
474  0.05230075596087225  1.0039953493882008
475  0.05225782964802439  1.0039920701694856
476  0.05222660918158595  1.0039896851815595
477  0.05216995982760364  1.0039853576348996
478  0.052163149438361534  1.0039848373769418
479  0.052131390187328486  1.0039824112302855
480  0.05208784252079168  1.0039790845452377
481  0.052037206710946804  1.003975216384096
482  0.05199089015726999  1.0039716781787489
483  0.05194054905486345  1.0039678325308419
484  0.051891261011296486  1.003964067328005
485  0.051849895166407034  1.0039609073162608
486  0.0518072409016862  1.003957648879794
487  0.051761234012005275  1.00395413433024
488  0.05172166770370379  1.003951111788352
489  0.05167811820245061  1.0039477849631466
490  0.051640940431129434  1.0039449448859208
491  0.05160583050349188  1.0039422627750156
492  0.051575268798592755  1.0039399281110757
493  0.05152724233632977  1.0039362592827177
494  0.05148979573380985  1.00393339866899
495  0.05145944509147593  1.0039310801285013
496  0.051420192392367614  1.0039280815437872
497  0.05141249007647264  1.0039274931499382
498  0.05136422840756427  1.003923806353719
499  0.0513423902250667  1.0039221380954408
500  0.051322144446440676  1.003920591483776
501  0.05128899569098344  1.0039180591903627
502  0.051276882251711786  1.0039171338228168
503  0.051209767511852355  1.003912006806392
504  0.05118654356367891  1.0039102326869664
505  0.05115671538782962  1.0039079540586382
506  0.051117213360693636  1.0039049364273047
507  0.05115624209720815  1.0039079179031112
508  0.051090958580905954  1.0039029307771676
509  0.05104285213346693  1.003899255838597
510  0.051009916891474716  1.0038967398558638
511  0.05096674938191348  1.003893442211695
512  0.05094497755680272  1.0038917790225776
513  0.05091209073908165  1.003889266739062
514  0.05088497818246018  1.0038871955618003
515  0.050863400202351694  1.0038855471808537
516  0.050837680393083895  1.0038835823980827
517  0.05081164958778461  1.003881593857762
518  0.050773181951222046  1.0038786552453962
519  0.05074319072855993  1.0038763641616268
520  0.05070921666823103  1.0038737688216808
521  0.05068175719574619  1.0038716711428888
522  0.05063824245042259  1.0038683469727518
523  0.050609836902080985  1.003866177021513
524  0.0505834904299709  1.0038641643668333
525  0.050544424832383084  1.003861180075143
526  0.0505232888455327  1.003859565458861
527  0.05054126087728372  1.0038609383748875
528  0.05050479941164543  1.003858153017549
529  0.05048330683561597  1.0038565111607742
530  0.05047215378532954  1.003855659159081
531  0.0504514769483545  1.003854079618089
532  0.05042063460405699  1.0038517235155975
533  0.050397443579517365  1.003849951911268
534  0.05038330549974357  1.0038488718777705
535  0.050367426916848146  1.00384765888409
536  0.05034759248327081  1.0038461436958181
537  0.050330011018526855  1.0038448006159117
538  0.05030287311549442  1.003842727502392
539  0.050288424699921674  1.0038416237617813
540  0.05026997008671008  1.0038402139804838
541  0.05026535392567488  1.003839861343589
542  0.05023290849683293  1.0038373827785687
543  0.05021842810784405  1.003836276595451
544  0.0502016143140922  1.003834992159321
545  0.05017564059887969  1.0038330079802154
546  0.0501913643407621  1.0038342091453105
547  0.05015742418551261  1.0038316163954348
548  0.05013123042618761  1.0038296154067614
549  0.050115780797961085  1.0038284351817044
550  0.05009764415613138  1.0038270496908162
551  0.05008040625546606  1.0038257328563915
552  0.05005945977688642  1.0038241327169894
553  0.05004474067609921  1.0038230082982456
554  0.050028615082881034  1.0038217764349997
555  0.050017270415521065  1.0038209097953315
556  0.050005447078895315  1.0038200065892517
557  0.04999596467254508  1.0038192822110719
558  0.04998535065402976  1.0038184713869909
559  0.049975317883203974  1.0038177049654728
560  0.049969635754973596  1.0038172708974151
561  0.049954818562080616  1.0038161389852378
562  0.04996083038602139  1.0038165982393474
563  0.049946466811294776  1.0038155009798824
564  0.049938753549442105  1.003814911749852
565  0.0499300897769871  1.003814249908597
566  0.04992361804396417  1.0038137555212003
567  0.04991387069240827  1.0038130109033767
568  0.04990163665227676  1.003812076322913
569  0.049895357905029636  1.0038115966780492
570  0.04988753080124331  1.0038109987514274
571  0.0498838048129846  1.003810714116442
572  0.049875663707929285  1.0038100922026953
573  0.049869689977963594  1.0038096358586535
574  0.049861120686017335  1.0038089812349353
575  0.04985559873674539  1.0038085594032382
576  0.04984792256508974  1.003807973006595
577  0.049835643313561606  1.0038070349723511
578  0.04982214743254787  1.0038060039975791
579  0.049811040900690995  1.0038051555495127
580  0.049794725157017106  1.0038039091603295
581  0.04979182997417764  1.0038036879920733
582  0.04977972187467705  1.0038027630324424
583  0.049771859844028876  1.0038021624376945
584  0.04976359375885098  1.00380153097649
585  0.049757349409109475  1.0038010539593138
586  0.04974712765998757  1.0038002731014017
587  0.049738155797177774  1.0037995877245667
588  0.04972984169208183  1.003798952595034
589  0.049716602515663566  1.0037979412303903
590  0.04971762235677124  1.0037980191378981
591  0.04970651986958663  1.0037971709988116
592  0.04968973164897905  1.0037958885162603
593  0.04967842907077746  1.003795025091859
594  0.04966471924855986  1.0037939777737315
595  0.04965628830573554  1.003793333718753
596  0.04964726317520107  1.0037926442727
597  0.04963672766468041  1.003791839445987
598  0.04962761705663543  1.0037911434701525
599  0.04961868878923725  1.00379046142365
600  0.04960268240925658  1.0037892386673188
601  0.04959607502197605  1.0037887339170481
602  0.04958525355872212  1.0037879072458884
603  0.0495741152988709  1.0037870563740632
604  0.049560272475877576  1.0037859988957656
605  0.04954450067330729  1.0037847940592275
606  0.04953181172989807  1.0037838247278792
607  0.049514255968780896  1.0037824836115197
608  0.04949971699275302  1.003781372952832
609  0.04948588574672741  1.00378031635892
610  0.04947275005121132  1.00377931289937
611  0.049463595843773356  1.0037786135928988
612  0.04945217400812363  1.0037777410582054
613  0.049439262851944554  1.0037767547516214
614  0.049429650727775165  1.0037760204640627
615  0.049418416025839185  1.003775162224852
616  0.04939130581252693  1.0037730912266
617  0.04938915291916168  1.0037729267631803
618  0.049374820217522486  1.0037718318621665
619  0.049359392807235  1.003770653334378
620  0.04934185805482083  1.0037693138229111
621  0.049328932360015454  1.0037683264056956
622  0.049311611605687644  1.00376700324193