0  -6.816587299217873  0.015576388169084274
1  -4.478267966392813  2.8344995725447144
2  -6.816494922906462  0.015687750942452224
3  -6.816594233843116  0.015568028243389855
4  -6.816597381584791  0.015564233534146167
5  -6.816599036893118  0.015562238003871772
6  -6.816603040971376  0.015557410951862277
7  -6.81660754163756  0.015551985246282901
8  -6.8166103988206  0.015548540815318541
9  -6.816614279775256  0.015543862192984072
10  -6.816616585351829  0.015541082742305822
11  -6.816619181689544  0.015537952769219848
12  -6.816623066597384  0.015533269381186512
13  -6.816628105988691  0.015527194224217663
14  -6.816631206436114  0.015523456529798375
15  -6.816633158833052  0.015521102849136654
16  -6.816634299942273  0.015519727203306431
17  -6.816635165140211  0.01551868417787775
18  -6.816636681838127  0.015516855747149423
19  -6.81663895375542  0.015514116873874521
20  -6.816640566523412  0.015512172627415123
21  -6.816644094781525  0.015507919192712591
22  -6.8166396929150626  0.015513225791880343
23  -6.816647113031739  0.015504280589812795
24  -6.816652518614652  0.015497763976455426
25  -6.816656734296555  0.015492681829082382
26  -6.8166623815465055  0.015485873877922978
27  -6.816667224096261  0.01548003602011346
28  -6.816671601131779  0.015474759355490536
29  -6.816676067953088  0.015469374451055147
30  -6.816679866433907  0.015464795253724125
31  -6.816683575486957  0.01546032386459999
32  -6.816690134749711  0.015452416451103942
33  -6.816698101895059  0.015442811787438374
34  -6.816703808991322  0.015435931689521138
35  -6.8167199372468295  0.015416488531037893
36  -6.816644254610843  0.015507726513054551
37  -6.816729993424028  0.015404365468694295
38  -6.8167488115772406  0.015381679547386019
39  -6.816761233229347  0.015366704824892661
40  -6.816774790632832  0.015350360915629354
41  -6.816792454089813  0.015329067019751907
42  -6.816812562216643  0.015304825991540727
43  -6.816834134034374  0.015278820434353559
44  -6.816850179099968  0.015259477564128819
45  -6.816859290560491  0.015248493389747186
46  -6.816867354933929  0.015238771514325277
47  -6.816877942370152  0.015226008001226272
48  -6.816883894190152  0.015218832880552912
49  -6.816894268802713  0.01520632593359033
50  -6.816903666606469  0.015194996562739609
51  -6.816914124824438  0.015182388826624989
52  -6.81692405868784  0.015170413217707306
53  -6.816933988668856  0.015158442289137453
54  -6.8169338434226345  0.015158617388378535
55  -6.8169423175912405  0.01514840149099606
