0  0.07378473815609343  0.6702407538499181
2  0.5213307090313933  1.3299346978963653
4  0.9916988949996122  3.432107346252534
6  0.19317388273278197  0.1366659889598613
8  0.506733956959734  1.2646987957344964
10  0.38045911012992206  0.7003504041982309
12  0.336816743763842  0.5053036480162313
14  0.44463087180312727  0.9871472714407732
16  0.31592279419587216  0.4119242686104839
18  0.23325071242543963  0.04244564683096933
20  0.4653016861770529  1.0795294135422164
22  0.31517505499478227  0.4085824675628657
24  0.2262876454622948  0.011326261304362891
26  0.4653166671403315  1.0795963665636785
28  0.315101861702089  0.4082553516087409
30  0.2261234973792165  0.010592649591621317
32  0.4653342298497351  1.0796748579422213
34  0.315097121895681  0.4082341684341841
36  0.22611889427159934  0.010572077352216332
38  0.4653346944224819  1.079676934213854
40  0.31509689179872646  0.4082331400833331
42  0.22611875173247203  0.01057144031539351
44  0.465334703203532  1.079676973458182
46  0.31509688039574885  0.4082330891210691
48  0.22611874734922105  0.010571420725738842
50  0.4653347033979259  1.0796769743269685
52  0.3150968798333771  0.40823308660771346
54  0.2261187471956276  0.010571420039297995
56  0.4653347033988283  1.0796769743310017
58  0.3150968798058427  0.4082330864846567
60  0.22611874718968084  0.010571420012720647
62  0.46533470339865357  1.0796769743302206
64  0.31509687980449486  0.4082330864786328
66  0.22611874718943162  0.010571420011606844
68  0.46533470339863986  1.0796769743301593
70  0.315096879804429  0.4082330864783386
72  0.2261187471894203  0.010571420011556233
74  0.4653347033986388  1.0796769743301546
76  0.31509687980442586  0.40823308647832446
78  0.22611874718941985  0.010571420011554247
80  0.4653347033986385  1.0796769743301535
82  0.31509687980442563  0.40823308647832346
84  0.2261187471894198  0.010571420011553999
86  0.4653347033986389  1.079676974330155
88  0.31509687980442547  0.40823308647832274
90  0.22611874718941974  0.01057142001155375
92  0.4653347033986389  1.079676974330155
