0  0.16064535831317522  1.1812550803246609
1  0.09011663783908044  1.1016779980549942
2  -0.06757104486633717  0.9237600432812211
3  -0.12285782932480482  0.8613803351892139
4  -0.18630544946029587  0.7897928109381392
5  -0.045643999702481904  0.9485001812733133
6  -0.2306075033907219  0.7398071006255355
7  -0.31223629413312204  0.647705883521118
8  -0.33892013298532464  0.6175986871146245
9  -0.36803938281625137  0.584743632835315
10  -0.46895153201421336  0.470885131720374
11  -0.5388704079616812  0.3919961329398291
12  -0.5662838477809374  0.36106573265569564
13  -0.5817860228611856  0.34357473248686665
14  -0.5956920170569241  0.3278846925043288
15  -0.6028270931558721  0.3198342339973597
16  -0.6082818714191593  0.31367964426848705
17  -0.6099853533845285  0.31175761699233834
18  -0.6131927604659367  0.30813872109469786
19  -0.6145450962493199  0.3066128897005211
20  -0.6166602013254509  0.30422643082928597
21  -0.6182310089093482  0.30245409916789523
22  -0.6190642776583963  0.3015139276271383
23  -0.6196560330281353  0.30084625401240805
24  -0.6201985523637117  0.3002341330847939
25  -0.6205661844537486  0.29981933626334045
26  -0.6209358313789004  0.2994022661169404
27  -0.6213106065349859  0.2989794098219733
28  -0.6215763817106255  0.29867953747387266
29  -0.6218999973459665  0.298314404123031
30  -0.6221866819745788  0.2979909397793823
31  -0.6225495143614144  0.29758155843085893
32  -0.6229636496696637  0.2971142923401969
33  -0.623221913766168  0.2968228946923071
34  -0.6235135863674887  0.29649380245250634
35  -0.623760468830756  0.29621524662506044
36  -0.6238954484822955  0.29606294998954674
37  -0.624049159585274  0.2958895187830077
38  -0.6241724564912456  0.2957504037109612
39  -0.624345844770373  0.29555477087854953
40  -0.6244718597751571  0.2954125889938435
41  -0.6245773603680586  0.2952935533824729
42  -0.6247868248410436  0.29505721602249724
43  -0.6249067312977885  0.29492192637157333
44  -0.6250580178606646  0.2947512307573702
45  -0.6254319585884414  0.29432931594226736
46  -0.6256671866781872  0.294063909666299
47  -0.625886826604421  0.2938160914106704
48  -0.6261122285248711  0.2935617719356135
49  -0.6262669788844628  0.29338716814280813
50  -0.6264611774043485  0.29316805525532474
51  -0.6267274844192323  0.2928675828365718
52  -0.626989445023634  0.29257201444361425
53  -0.6271937725086164  0.29234147311274783
54  -0.6273990915860057  0.29210981297481947
55  -0.6276204132542907  0.291860097220914
56  -0.6277834873634774  0.29167610179726855
57  -0.628010226646361  0.2914202733851479
58  -0.6282444946939021  0.29115595031836006
59  -0.6285474149405287  0.2908141674357994
60  -0.6288822310940186  0.29043639661545295
61  -0.6293140540278683  0.28994917369545814
62  -0.6292923912212239  0.289973615694901
63  -0.6295830608413292  0.2896456551120785
64  -0.6298190419018375  0.28937939926424916
65  -0.6300246445407297  0.2891474191857789
66  -0.6303958842230288  0.28872855194217234
67  -0.6309528152104384  0.2881001704444547
68  -0.631593060399578  0.28737778609171954
69  -0.6352150872390022  0.28329107750199445
70  -0.3212456876944241  0.6375406451925584
71  -0.6355610265351183  0.28290075651442675
72  -0.6368107542226897  0.2814906971465543
73  -0.6382742519489585  0.27983944247779086
74  -0.6392369251980399  0.2787532647075718
75  -0.6408431990624781  0.2769409166797217
76  -0.6370506912797806  0.2812199777743139
77  -0.6452227660657895  0.2719994806039596
78  -0.6516267882893156  0.2647738652813977
79  -0.6611026218394802  0.25408234584185135
80  -0.6645216324892845  0.25022469905723005
81  -0.6692346203536149  0.24490706646025825
82  -0.6736089502004925  0.23997153943297453
83  -0.6783709699854371  0.23459858444883433
84  -0.6823742663655231  0.23008169199358308
85  -0.6850843304610955  0.22702394485114563
86  -0.688180272720732  0.22353081396430752
87  -0.6900499718834201  0.22142124493925475
88  -0.6915825229571206  0.21969207784172987
89  -0.6928651272916938  0.21824492397355147
90  -0.6938685587399864  0.21711275900053056
91  -0.694721815775807  0.2161500348098711
92  -0.6958133140954493  0.2149185045765773
93  -0.6964855309985772  0.21416004675338568
94  -0.697369922242364  0.21316219404469738
95  -0.6988511976728485  0.21149088091150373
96  -0.7001773374103465  0.2099946063402004
97  -0.7012812686607245  0.20874904811454603
98  -0.7019020785461091  0.2080485924846836
99  -0.7023474277766263  0.2075461079348807
100  -0.7030865289056439  0.2067121850882151
101  -0.7036263352386773  0.2061031252231738
102  -0.7040679947253602  0.20560480378659185
103  -0.7044762408811576  0.2051441823871423
104  -0.7047296643910852  0.20485824634062086
105  -0.7049121503014546  0.20465234871189733
106  -0.7050462017218135  0.20450109939339894
107  -0.7050920045197159  0.20444942040372843
108  -0.7052688115297315  0.20424993024018523
109  -0.7054474618129687  0.2040483603238292
110  -0.7055790921213412  0.20389984272974657
111  -0.705668610699881  0.20379883951798775
112  -0.7057701237162736  0.20368430306244714
113  -0.7058769657200054  0.20356375394623363
114  -0.7059757768563417  0.2034522660038388
115  -0.7060433502145407  0.20337602343700234
116  -0.7060681244869597  0.20334807079159484
117  -0.706077679519483  0.2033372899124851
118  -0.7060888626862092  0.20332467202047422
119  -0.706125557489142  0.20328326952043987
120  -0.7061571157076958  0.20324766259410884
121  -0.7062415263541865  0.20315242262782177
122  -0.7062710892970032  0.20311906695772244
123  -0.7063454718940162  0.20303514157240218
124  -0.7063749343165013  0.20300189931871881
125  -0.7064061845675035  0.2029666398701108
126  -0.7064662445332031  0.2028988746136385
127  -0.7063414840162189  0.2030396410681739
128  -0.7064911643042855  0.2028707578030649
129  -0.7065293310011898  0.20282769457493466
130  -0.7065175233358832  0.2028410170845051
131  -0.7065388966971256  0.2028169016643681
132  -0.7065553442841354  0.2027983439622601
133  -0.7065762409457287  0.20277476639913977
134  -0.706613463945664  0.20273276793797007
135  -0.706656169217124  0.20268458386660912
136  -0.7066840888788803  0.20265308229950868
137  -0.7067437705028851  0.20258574392343315
138  -0.706760727043795  0.20256661197205322
139  -0.7067751947708254  0.20255028813268092
140  -0.7067794394549839  0.2025454988840143
141  -0.7067965045081231  0.20252624449901382
142  -0.7068092109428383  0.20251190791394766
143  -0.7068194036664203  0.2025004075322935
144  -0.706796126226663  0.20252667131144816
145  -0.7068246005109559  0.2024945439674596
146  -0.7068352475798989  0.20248253095098184
147  -0.7068510846826476  0.20246466205417113
148  -0.7068617627853364  0.20245261402252612
149  -0.7068721530137309  0.20244089079751668
150  -0.7068889781884511  0.20242190706572752
151  -0.706890237184881  0.20242048654849984
152  -0.7068987900087488  0.2024108364546942
153  -0.7069063120816108  0.20240234935033508
154  -0.7069135781595621  0.2023941510833167
155  -0.7069202798556394  0.20238658960458145
156  -0.7069185509472569  0.2023885403203136
157  -0.7069262769747682  0.20237982309529162
158  -0.7069365365491733  0.20236824728630198
159  -0.7069407324537892  0.20236351307526615
160  -0.7069459970174575  0.20235757310338898
161  -0.7069486301477581  0.20235460216013143
162  -0.7069575209634088  0.2023445707124641
163  -0.7069661795553739  0.2023348012812237
164  -0.7069737223935426  0.20232629074750827
165  -0.706980738441822  0.20231837458729185
166  -0.7069867144585685  0.20231163188767826
167  -0.706993843022189  0.20230358877715704
168  -0.7069994929101762  0.2022972140464354
169  -0.7070060089315113  0.20228986206326632
170  -0.7070149817416913  0.20227973810172156
171  -0.7070176702425508  0.20227670468423375
172  -0.7070252068743971  0.20226820115307034
173  -0.7070278914682312  0.2022651721438531
174  -0.7070321046003418  0.20226041849515045
175  -0.7070383614648175  0.2022533589169278
176  -0.7070297564168831  0.20226306793479742
177  -0.7070416165135074  0.20224968626732281
178  -0.707044441567411  0.20224649877795126
179  -0.7070471101988752  0.20224348777896883
180  -0.7070511091168972  0.2022389758265857
181  -0.7070536629947283  0.20223609430335793
182  -0.7070574723136954  0.20223179627431667
183  -0.7070598432853277  0.2022291211229263
184  -0.7070620433845762  0.20222663876570035
185  -0.7070570840762703  0.20223223431999948
186  -0.7070631757556995  0.2022253611189568
187  -0.7070654423286735  0.20222280375987234
188  -0.7070674727717887  0.2022205128245238
189  -0.7070698131458716  0.20221787219614318
190  -0.7070725542077799  0.2022147794743765
191  -0.7070699760708682  0.20221768836896226
192  -0.707073768771225  0.2022134090905876
193  -0.7070762475373764  0.2022106123153642
194  -0.707078269222517  0.2022083312615796
195  -0.7070811844964162  0.20220504197759212
196  -0.7070811757090745  0.20220505189229088
197  -0.7070823564118314  0.20220371971328935
198  -0.7070840692772796  0.20220178709869238
199  -0.7070855943397708  0.20220006638091229
200  -0.7070869273131267  0.20219856239601516
201  -0.7070774071678082  0.20220930391212574
202  -0.7070874909481352  0.20219792645041548
203  -0.7070888326264892  0.20219641264372729
204  -0.7070907223984515  0.20219428042669713
205  -0.707091796625054  0.2021930683840265
206  -0.7070926587692306  0.20219209563253449
207  -0.7070924895937676  0.2021922865120747
208  -0.7070931880689146  0.202191498427251
209  -0.7070938045673233  0.20219080283623142
210  -0.7070943925023587  0.20219013947307427
211  -0.7070948378892792  0.20218963694599915
212  -0.707095139290002  0.2021892968775851
213  -0.7070959799102032  0.20218834841145017
214  -0.7070963283036401  0.20218795532147202
215  -0.7070966408930563  0.20218760262893024
216  -0.7070969965479036  0.2021872013459515
217  -0.7070972409783235  0.20218692555674814
218  -0.7070976889086757  0.202186420159936
219  -0.7070979053117107  0.20218617599384311
220  -0.707098151825501  0.20218589785398694
221  -0.7070987419496091  0.20218523202091374
222  -0.7070989269673176  0.20218502326667417
223  -0.7070993822671351  0.2021845095549438
224  -0.7070995187172276  0.20218435559921955
225  -0.7070997548320722  0.20218408919242406
226  -0.707100119978816  0.20218367719980204
227  -0.7071002071444281  0.2021835788514266
228  -0.7071006836719916  0.20218304118857278
229  -0.707100827172952  0.2021828792774017
230  -0.7071010879455868  0.20218258504938685
231  -0.7071008502459399  0.20218285324430413
232  -0.7071012614312804  0.20218238930664237
233  -0.7071016001433443  0.20218200714009235
234  -0.7071019735216596  0.20218158585984353
235  -0.7071024847829289  0.20218100900718242
236  -0.7071020218811984  0.20218153129610023
237  -0.7071026236273932  0.20218085234990463
238  -0.7071028294477846  0.20218062012413748
239  -0.7071031157609015  0.202180297078968
240  -0.7071034043244772  0.20217997149462097
241  -0.7071036317711963  0.20217971486801328
242  -0.7071020608045389  0.20218148737915628
243  -0.707103674195172  0.20217966700132609
244  -0.707103790961045  0.20217953525517465
245  -0.7071038749642035  0.2021794404749744
246  -0.7071039529864975  0.2021793524429433
247  -0.7071040233340873  0.20217927307022962
248  -0.7071040897830094  0.20217919809635643
249  -0.7071042069338898  0.2021790659158039
250  -0.7071043072851388  0.20217895269016262
251  -0.7071044266848862  0.20217881797222856
252  -0.7071045106945963  0.202178723184636
253  -0.7071046135284904  0.20217860715784303
254  -0.7071046909826295  0.20217851976685738
255  -0.7071046967277856  0.20217851328463626
256  -0.707104746785163  0.2021784568052331
257  -0.7071048175933821  0.20217837691279447
258  -0.7071048603060848  0.20217832872033847
259  -0.7071048984570537  0.2021782856748561
260  -0.7071049090598188  0.20217827371182734
261  -0.7071049799226851  0.20217819375773063
262  -0.7071050037037021  0.20217816692576862
263  -0.707105040656739  0.20217812523190498
264  -0.707105093321882  0.20217806581017733
265  -0.7071049917020877  0.20217818046710961
266  -0.7071051170550151  0.2021780390322424
267  -0.7071051531845433  0.20217799826753813
268  -0.7071051824194106  0.20217796528203344
269  -0.707105239135396  0.20217790128976743
270  -0.7071051529535117  0.20217799852820945
271  -0.7071052541238814  0.20217788437835996
272  -0.7071052829111091  0.202177851897924
273  -0.7071053165128878  0.20217781398526247
274  -0.7071053631504158  0.20217776136445234
275  -0.7071053818420823  0.20217774027477048
276  -0.7071054467185661  0.20217766707506887
277  -0.7071054754943278  0.20217763460757
278  -0.7071055043059066  0.2021776020996589
279  -0.707105551714786  0.20217754860853826
280  -0.7071055345848175  0.20217756793616676
281  -0.7071055936357137  0.20217750130943668
282  -0.7071056696316822  0.20217741556369512
283  -0.7071057336344618  0.20217734334978812
284  -0.7071057812962858  0.20217728957327186
285  -0.7071058703032895  0.20217718914726648
286  -0.7071059108428933  0.20217714340670342
287  -0.7071059607724224  0.20217708707155066
288  -0.7071059899385979  0.2021770541635505
289  -0.70710603125553  0.20217700754593312
290  -0.7071060924004634  0.2021769385565148
291  -0.7071061475105983  0.20217687637611922
292  -0.7071062260857938  0.20217678772025321
293  -0.7071062158946014  0.20217679921890716
294  -0.7071062541929028  0.20217675600719054
295  -0.7071062809389926  0.20217672582975682
296  -0.7071063008250638  0.20217670339243615
297  -0.7071063238674778  0.20217667739383488
298  -0.7071063371610621  0.20217666239477294
299  -0.707106350843481  0.2021766469569915
300  -0.7071063578610184  0.2021766390391511
301  -0.7071063689309562  0.20217662654901444
302  -0.7071063876557813  0.20217660542191998
303  -0.7071063364575211  0.20217666318857355
304  -0.7071063962971527  0.2021765956719186
305  -0.7071064111466789  0.20217657891729768
306  -0.7071064234805534  0.20217656500106984
307  -0.7071064336354494  0.20217655354336875
308  -0.7071064500980254  0.2021765349687547
309  -0.707106455981946  0.20217652832996658
310  -0.7071064802066933  0.20217650099734666
311  -0.7071064889151032  0.2021764911717062
312  -0.7071064975109385  0.20217648147308293
313  -0.7071065044197801  0.20217647367788327
314  -0.7071065076305935  0.20217647005514405
315  -0.707106516831574  0.20217645967373943
316  -0.7071065222374249  0.20217645357435413
317  -0.7071065270976247  0.2021764480906233
318  -0.7071065300063746  0.20217644480870028
319  -0.7071065349848868  0.2021764391914783
320  -0.7071065434317977  0.20217642966088545
321  -0.7071065431580069  0.20217642996980173
322  -0.7071065469544133  0.20217642568634184
323  -0.7071065502358399  0.20217642198393024
324  -0.7071065529778431  0.20217641889014645
325  -0.7071065552884536  0.20217641628310012
326  -0.7071065575283371  0.2021764137558546
327  -0.7071065590347748  0.202176412056151
328  -0.7071065609588978  0.20217640988517596
