0  -13.32695117139595  0.21216076089707347
1  -9.916363403128672  0.41378188471514676
2  -13.326952721424322  0.21216066926522475
3  -13.326954610041028  0.21216055761730696
4  -13.326954572095328  0.21216055986051405
5  -13.326958429576703  0.21216033182072072
6  -13.326962014343534  0.21216011990278563
7  -13.326963276439397  0.2121600452924242
8  -13.326967430910456  0.2121597996957175
9  -13.326970464761684  0.21215962034584124
10  -13.326973174761234  0.21215946014085846
11  -13.326977524056865  0.21215920302685565
12  -13.326980354795825  0.2121590356842129
13  -13.326983779260198  0.21215883324275642
14  -13.326987730821878  0.21215859964128916
15  -13.326990964863828  0.21215840845689027
16  -13.326992440960538  0.21215832119560343
17  -13.326994420108372  0.21215820419582582
18  -13.326996447933102  0.21215808431845315
19  -13.326998939518127  0.2121579370253157
20  -13.327001127600202  0.21215780767413145
21  -13.327003010937169  0.21215769633833195
22  -13.327004825274969  0.21215758908150378
