0  0.999998661125304  1.1696047110387016
1  0.9928747009193858  1.1683964522088186
2  0.9928294115714961  1.1683887709117722
3  0.9838184508235623  1.166860467471731
4  0.974583280038035  1.1652941369021381
5  0.9745876448077969  1.1652948771886436
6  0.974583280038035  1.1652941369021381
7  0.9996555263794477  1.1695465136913643
8  0.9745850275324879  1.1652944332858268
9  0.974582997048637  1.165294088905739
10  0.9395235341769643  1.1593478308749223
11  0.9435204448049993  1.1600257266546552
12  0.9805137579921162  1.1662999752485532
13  0.8442368472296495  1.1431867382317098
14  0.8380704309658222  1.1421408835828708
15  0.8310697479470184  1.1409535331726794
16  0.9811887272172943  1.1664144533622212
17  0.8218679666207939  1.1393928656202656
18  0.7205293128098748  1.1222053295116565
19  0.6492810647688136  1.1101212748116034
20  0.543518965311787  1.092183500477916
21  0.49140822869806433  1.083345262219238
22  0.44921034413810657  1.0761882926197164
