0  0.1465279935969602  1.0211998793521924
1  0.08326348631048044  1.012046680097732
2  0.018796996676544553  1.0027195763208387
3  -0.046823289838965276  0.9932255395635242
4  -0.1135426213604373  0.9835724914053361
5  -0.18129954592576053  0.9737693228039048
6  -0.25002579972463096  0.9638259102647841
7  -0.3196462316237988  0.9537531267612469
8  -0.3900787839331829  0.9435628445170704
9  -0.46123455509177097  0.9332679259370513
10  -0.5330179752504572  0.9228821982034296
11  -0.60532712973174  0.9124204064772784
12  -0.6780542668362614  0.9018981404283275
13  -0.7510865239380405  0.891331729182469
14  -0.8243068977307275  0.8807381009451436
15  -0.8975954697793604  0.8701346056867625
16  -0.9708308772192434  0.8595388023598931
17  -1.0438919922234466  0.8489682159115034
18  -1.1166597462730015  0.838440073344945
19  -1.18901901120725  0.8279710315669019
20  -1.2608604335805005  0.8175769119900514
21  -1.3320821157621054  0.8072724573091028
22  -1.4025910476890089  0.7970711243527951
23  -1.4723042154392418  0.7869849236939012
24  -1.5411493426559755  0.7770243123789357
25  -1.6090652530261667  0.767198141484228
26  -1.676001871537886  0.7575136559340102
27  -1.7419199055588803  0.7479765406424256
28  -1.8067902621886547  0.7385910048118618
29  -1.870593265820236  0.7293598951372318
30  -1.9333177405649709  0.7202848285620651
31  -1.994960017877816  0.7113663358566972
32  -2.0555229221872144  0.7026040083787874
33  -2.11501477815915  0.6939966417037742
34  -2.1734484736155637  0.6855423712031754
35  -2.230840602897767  0.6772387959839937
36  -2.2872107070973584  0.6690830888131925
37  -2.3425806203035027  0.6610720907035728
38  -2.3969739249000073  0.6532023897221702
39  -2.450415513953238  0.6454703843045962
40  -2.502931254777091  0.6378723319309386
41  -2.554547744744367  0.6304043844553199
42  -2.6052921482392337  0.6230626116958486
43  -2.655192102220016  0.6158430150979295
44  -2.704275677111755  0.6087415333923836
45  -2.7525713795907114  0.6017540421925827
46  -2.800108184182421  0.5948763494227972
47  -2.84691558138013  0.5881041883563527
48  -2.893023631110531  0.5814332098801303
49  -2.938463011723412  0.5748589754066745
50  -2.9832650561800413  0.5683769516384067
51  -3.02746176866701  0.5619825081639094
52  -3.071085816419588  0.5556709186409357
53  -3.11417049305514  0.5494373661013828
54  -3.1567496511688624  0.543276952703437
55  -3.1988576033275593  0.5371847140559355
56  -3.240528991896016  0.5311556380520726
57  -3.281798629332506  0.525184687975674
58  -3.3227013116745145  0.5192668294863483
59  -3.363271608867207  0.513397060955064
60  -3.4035436363383744  0.5075704465130122
61  -3.44355081276894  0.5017821510977158
62  -3.4833256093270646  0.4960274767341973
63  -3.522899295745193  0.490301899272914
64  -3.5623016885254852  0.48460110481975627
65  -3.601560906310024  0.4789210251294347
66  -3.6407031370772405  0.4732578712878341
67  -3.6797524213766546  0.4676081650739205
68  -3.71873045532077  0.4619687674631554
69  -3.757656416554794  0.4563369038064449
70  -3.7965468159292612  0.45071018529035667
71  -3.8354153771326134  0.4450866263520497
72  -3.8742729460864584  0.4394646577880982
73  -3.9131274314704028  0.4338431353594431
74  -3.9519837773126167  0.42822134375702886
75  -3.9908439681493446  0.42259899585531785
76  -4.029707066812258  0.4169762272451619
77  -4.068569284445746  0.4113535861036014
78  -4.107424081889387  0.40573201852570384
79  -4.146262301083219  0.40011284951266196
80  -4.18507232469017  0.3944977598773927
81  -4.223840261676107  0.3888887593945505
82  -4.262550156174935  0.3832881565816264
83  -4.301184216591869  0.37769852555196015
84  -4.339723061580186  0.3721226704264717
85  -4.378145979269225  0.3665635878281842
86  -4.416431195918165  0.36102442801301216
87  -4.454556150036591  0.35550845520960594
88  -4.492497767929674  0.3500190077530824
89  -4.530232736606728  0.34455945860022413
90  -4.567737770034745  0.3391331768075389
91  -4.604989864825572  0.3337434905380727
92  -4.641966541630142  0.3283936521361487
93  -4.67864606877315  0.3230868057715822
94  -4.715007665015192  0.3178259581037656
95  -4.7510316787606985  0.3126139523536078
96  -4.786699741553496  0.3074534460955775
97  -4.821994894289281  0.3023468929971028
98  -4.85690168521926  0.29729652863926387
99  -4.8914062394963285  0.2923043604547525
100  -4.925496300693817  0.2873721617208813
101  -4.959161245378493  0.2825014694511405
102  -4.992392072423878  0.27769358594136206
103  -5.025181369268594  0.27294958365151145
104  -5.057523257746533  0.2682703130430549
105  -5.089413322423704  0.2636564129472874
106  -5.120848524563362  0.2591083230129805
107  -5.151827104903019  0.2546262977727431
108  -5.182348478378408  0.25021042187450876
109  -5.212413123773384  0.2458606260471457
110  -5.2420224710330805  0.24157670340415013
111  -5.271178788668129  0.23735832573416443
112  -5.299885073317344  0.23320505947920583
113  -5.328144943154843  0.2291163811566763
114  -5.355962536428426  0.22509169203897483
115  -5.383342416035924  0.22113033195952758
116  -5.410289480680534  0.2172315921669606
117  -5.436808882822403  0.21339472719598246
118  -5.462905953357191  0.20961896576499656
119  -5.488586132719705  0.20590352074412607
120  -5.513854907929546  0.20224759826354005
121  -5.538717754960041  0.19865040605159778
122  -5.56318008574185  0.19511116110244342
123  -5.5872471990735315  0.19162909677833484
124  -5.610924234733657  0.18820346944876884
125  -5.6342161301369655  0.18483356476153054
126  -5.657127578970556  0.18151870362726794
127  -5.679662991359514  0.17825824798278608
128  -5.701826455251384  0.1750516063779968
129  -5.723621698865141  0.17189823940885485
130  -5.7450520542137475  0.16879766499496698
131  -5.766120421881837  0.16574946347560632
132  -5.786829237408632  0.1627532824734802
133  -5.807180439795725  0.15980884145106958
134  -5.827175442811944  0.1569159358622814
135  -5.846815109923638  0.15407444077957141
136  -5.866099733811254  0.15128431385751448
137  -5.8850290215608005  0.14854559747532517
138  -5.903602086730191  0.14585841988471046
139  -5.921817449591538  0.14322299517481415
140  -5.939673046927419  0.14063962185487905
141  -5.957166252814598  0.13810867984722888
142  -5.9742939118485845  0.1356306256802909
143  -5.9910523862203515  0.13320598567747008
144  -6.007437617944783  0.1308353469538476
145  -6.023445207310529  0.12851934606594423
146  -6.039070508262947  0.12625865521158025
147  -6.054308740898759  0.12405396595398739
148  -6.069155120541076  0.1219059705470504
149  -6.083605001968342  0.11981534106805722
150  -6.097654036323139  0.11778270671590933
151  -6.111298337083644  0.11580862979813364
152  -6.124534650340564  0.11389358109497343
153  -6.137360523595004  0.11203791543747088
154  -6.149774466528459  0.11024184844703531
155  -6.161776096811054  0.1085054354396992
156  -6.173366264118755  0.1068285534831303
157  -6.1845471461799875  0.10521088750047035
158  -6.195322311849312  0.1036519211447453
159  -6.205696747836711  0.1021509329316338
160  -6.2156768476631  0.1007069978374003
161  -6.225270363476948  0.09931899427013414
162  -6.234486323361496  0.09798561603386029
163  -6.243334918494135  0.09670538865448103
164  -6.251827365855278  0.09547668924325252
165  -6.259975753017045  0.09429776895297978
166  -6.267792871875529  0.09316677703386947
167  -6.275292048023061  0.0920817855201945
168  -6.282486971901953  0.09104081365921163
169  -6.289391537015904  0.09004185131896603
170  -6.296019689434985  0.08908288076212512
171  -6.302385291715522  0.08816189633424425
172  -6.308502003267746  0.08727692177234596
173  -6.314383178204762  0.0864260249842767
174  -6.320041780850967  0.08560733027307021
175  -6.325490318399123  0.08481902808021738
176  -6.330740789680129  0.08405938239773002
177  -6.335804648649558  0.08332673605095964
178  -6.340692780976621  0.08261951408574027
179  -6.345415492019757  0.0819362255080972
180  -6.349982504466661  0.08127546362569109
181  -6.3544029639808395  0.08063590523086586
182  -6.358685451310072  0.08001630884877965
183  -6.362837999454608  0.0794155122534856
184  -6.366868114652514  0.07883242943174125
185  -6.370782800102415  0.07826604715076943
186  -6.374588581508276  0.07771542126240158
187  -6.378291533676229  0.07717967285501214
188  -6.381897307535396  0.07665798434410631
189  -6.385411157081075  0.07614959557414164
190  -6.388837965840733  0.07565379998939063
191  -6.392182272564163  0.07516994091705217
192  -6.395448295912547  0.07469740799520226
193  -6.398639957993742  0.07423563376767532
194  -6.401760906639475  0.07378409046096827
195  -6.404814536368404  0.07334228695127425
196  -6.407804008014081  0.07290976592468142
197  -6.410732267021132  0.07248610123005515
198  -6.413602060439644  0.07207089542026614
199  -6.416415952656293  0.07166377747618843
200  -6.419176339918721  0.07126440070529125
201  -6.421885463712592  0.07087244080622784
202  -6.42454542305836  0.07048759408972179
203  -6.427158185794248  0.0701095758461288
204  -6.42972559891537  0.06973811884955831
205  -6.432249398037743  0.06937297198860669
206  -6.434731216051059  0.06901389901446141
207  -6.437172591026126  0.06866067739684173
208  -6.439574973436496  0.0683130972791629
209  -6.441939732752517  0.06797096052449944
210  -6.4442681634595855  0.06763407984485559
211  -6.446561490553434  0.06730227800609953
212  -6.448820874557079  0.06697538710210418
213  -6.4510474161030515  0.06665324789178304
214  -6.453242160120537  0.0663357091932896
215  -6.4554060996632225  0.06602262733019823
216  -6.457540179411709  0.06571386562477066
217  -6.459645298880971  0.06540929393389604
218  -6.461722315359303  0.06510878822387944
219  -6.463772046605413  0.06481223018022342
220  -6.465795273324208  0.06451950684942732
221  -6.467792741445465  0.06423051030930553
222  -6.469765164219232  0.06394513736582291
223  -6.471713224149794  0.06366328927328466
224  -6.473637574779126  0.06338487147630478
225  -6.475538842337415  0.06310979337100539
226  -6.4774176272686335  0.06283796808429533
227  -6.4792745056472905  0.06256931226889187
228  -6.481110030491902  0.06230374591328653
229  -6.482924732987362  0.062041192164890145
230  -6.484719123622334  0.061781577165474125
231  -6.486493693250793  0.06152482989758428
232  -6.488248914082317  0.06127088204126467
233  -6.489985240608874  0.06101966783996829
234  -6.491703110471738  0.06077112397513076
235  -6.493402945275917  0.060525189448337374
236  -6.495085151353111  0.060281805470937574
237  -6.496750120479836  0.06004091536014555
238  -6.498398230553054  0.059802464441289394
239  -6.500029846226409  0.05956639995575902
240  -6.5016453195113675  0.05933267097403269
241  -6.50324499034349  0.05910122831374823
242  -6.504829187118361  0.058872024462163636
243  -6.506398227198678  0.058645013502790354
244  -6.5079524173938195  0.05842015104600971
245  -6.509492054414751  0.05819739416325534
246  -6.511017425305361  0.05797670132460745
247  -6.512528807851391  0.057758032339628625
248  -6.514026470969252  0.05754134830110814
249  -6.515510675075456  0.05732661153161349
250  -6.516981672437247  0.057113785532759406
251  -6.5184397075066425  0.056902834936878886
252  -6.519885017238952  0.056693725460939495
253  -6.5213178313945095  0.05648642386288798
254  -6.522738372827606  0.05628089789984734
255  -6.524146857760988  0.05607711628840174
256  -6.5255434960477725  0.055875048666702544
257  -6.5269284914216374  0.05567466555827042
258  -6.528302041734631  0.05547593833758847
259  -6.529664339184675  0.0552788391971868
260  -6.531015570533234  0.055083341116150236
261  -6.5323559173119214  0.05488941783022556
262  -6.533685556020322  0.0546970438032008
263  -6.535004658316082  0.0545061941994027
264  -6.536313391194499  0.05431684485771313
265  -6.537611917161888  0.05412897226648626
266  -6.538900394400246  0.053942553539724956
267  -6.540178976925337  0.05375756639420848
268  -6.541447814737675  0.05357398912764835
269  -6.5427070539664784  0.05339180059786064
270  -6.543956837007995  0.05321098020275276
271  -6.545197302657808  0.05303150786118156
272  -6.546428586236959  0.052853363994705534
273  -6.547650819712816  0.052676529510097464
274  -6.548864131815817  0.05250098578245366
275  -6.550068648149181  0.05232671463932109
276  -6.55126449129625  0.05215369834516686
277  -6.552451780921409  0.05198191958677671
278  -6.5536306338679635  0.051811361459094464
279  -6.554801164251724  0.051642007451681744
280  -6.55596348355014  0.05147384143582185
281  -6.557117700688408  0.051306847652061886
282  -6.558263922121762  0.051141010698306455
283  -6.559402251914119  0.05097631551843963
284  -6.560532791814038  0.05081274739133462
285  -6.561655641327379  0.05065029192034132
286  -6.5627708977866686  0.05048893502325085
287  -6.56387865641844  0.05032866292255241
288  -6.564979010407053  0.05016946213619989
289  -6.5660720509566035  0.05001131946865433
290  -6.567157867350126  0.049854222002318836
291  -6.568236547006392  0.04969815708932067
292  -6.569308175534618  0.04954311234359614
293  -6.570372836787279  0.049389075633249506
294  -6.571430612910411  0.04923603507327503
295  -6.572481584392283  0.04908397901851482
296  -6.573525830110258  0.04893289605687946
297  -6.574563427375669  0.04878277500285497
298  -6.575594451977167  0.04863360489123084
299  -6.576618978222779  0.048485374971015974
300  -6.577637078979414  0.04833807469972167
301  -6.578648825712276  0.04819169373766036
302  -6.579654288521833  0.04804622194259602
303  -6.5806535361796366  0.04790164936456244
304  -6.581646636163422  0.04775796624078462
305  -6.5826336546902  0.04761516299089067
306  -6.583614656748814  0.04747323021220215
307  -6.584589706130678  0.047332158675286194
308  -6.58555886546075  0.04719193931947425
309  -6.586522196225189  0.04705256324886111
310  -6.587479758801177  0.04691402172799008
311  -6.588431612482482  0.046776306178153725
312  -6.589377815506384  0.046639408173499625
313  -6.590318425079463  0.04650331943729784
314  -6.591253497401359  0.04636803183850427
315  -6.592183087689007  0.046233537388254024
316  -6.5931072501995605  0.04609982823654442
317  -6.594026038252372  0.04596689666905552
318  -6.594939504251143  0.04583473510394504
319  -6.595847699704171  0.045703336088918876
320  -6.59675067524549  0.0455726922981727
321  -6.597648480653397  0.0454427965297114
322  -6.598541164870437  0.04531364170245755
323  -6.599428776021506  0.04518522085363271
324  -6.600311361431761  0.04505752713616558
325  -6.601188967644367  0.044930553816124326
326  -6.602061640436963  0.04480429427033497
327  -6.602929424838573  0.04467874198393402
328  -6.603792365145162  0.04455389054811784
329  -6.60465050493547  0.04442973365785241
330  -6.6055038870859235  0.044306265109714804
331  -6.606352553785687  0.04418347879971663
332  -6.607196546550121  0.0440613687213562
333  -6.608035906235797  0.043939928963446395
334  -6.608870673053157  0.04381915370828304
335  -6.609700886580248  0.043699037229657844
336  -6.610526585775089  0.04357957389106884
337  -6.611347808988629  0.04346075814384609
338  -6.612164593976643  0.04334258452543022
339  -6.612976977911445  0.0432250476576776
340  -6.613784997394406  0.04310814224504966
341  -6.614588688465863  0.04299186307317897
342  -6.615388086617283  0.04287620500710945
343  -6.616183226801254  0.042761162989850846
344  -6.616974143442635  0.0426467320407652
345  -6.6177608704483095  0.04253290725415619
346  -6.618543441217369  0.0424196837977957
347  -6.619321888650896  0.04230705691150808
348  -6.620096245161359  0.04219502190581115
349  -6.620866542682031  0.04208357416055326
350  -6.6216328126763955  0.04197270912355282
351  -6.622395086146531  0.04186242230938476
352  -6.623153393642105  0.04175270929807953
353  -6.623907765268762  0.04164356573390955
354  -6.624658230696592  0.04153498732416389
355  -6.6254048191682235  0.04142696983797715
356  -6.6261475595066806  0.04131950910519317
357  -6.626886480123428  0.04121260101520061
358  -6.627621609025639  0.041106241515881624
359  -6.628352973823851  0.04100042661250429
360  -6.629080601739467  0.04089515236663716
361  -6.629804519611518  0.040790414895170844
362  -6.630524753904231  0.04068621036922328
363  -6.631241330713012  0.04058253501327376
364  -6.631954275772152  0.04047938510404829
365  -6.6326636144607445  0.040376756969663516
366  -6.633369371809583  0.04027464698862837
367  -6.634071572507112  0.04017305158898349
368  -6.634770240905839  0.04007196724737344
369  -6.6354654010284495  0.03997139048816157
370  -6.636157076573518  0.03987131788260438
371  -6.636845290921939  0.03977174604792066
372  -6.637530067141698  0.03967267164660129
373  -6.638211427994549  0.0395740913854433
374  -6.638889395940865  0.03947600201484782
375  -6.639563993145441  0.0393784003279805
376  -6.6402352414820545  0.039281283160112215
377  -6.6409031625399315  0.03918464738768275
378  -6.64156777762778  0.03908848992771784
379  -6.6422291077791344  0.03899280773705575
380  -6.642887173757654  0.038897597811580614
381  -6.643541996061456  0.038802857185595334
382  -6.644193594928037  0.038708582931110326
383  -6.644841990339199  0.03861477215712983
384  -6.645487202025078  0.038521422009069495
385  -6.646129249469457  0.03842852966798783
386  -6.646768151913251  0.038336092350081834
387  -6.647403928359554  0.038244107305956565
388  -6.648036597577527  0.03815257182006323
389  -6.6486661781070735  0.038061483210022055
390  -6.6492926882622285  0.037970838826132225
391  -6.649916146135677  0.03788063605071828
392  -6.650536569602931  0.037790872297525646
393  -6.65115397632565  0.03770154501124006
394  -6.651768383755821  0.037612651666883455
395  -6.652379809139935  0.03752418976920843
396  -6.652988269521801  0.03743615685229276
397  -6.653593781746899  0.03734855047890812
398  -6.654196362465643  0.03726136824004892
399  -6.6547960281371745  0.03717460775438305
400  -6.655392795032639  0.03708826666777796
401  -6.6559866792385405  0.037002342652815205
402  -6.6565776966605785  0.03691683340823554
403  -6.657165863026127  0.03683173665858002
404  -6.657751193888053  0.03674705015363759
405  -6.658333704628054  0.036662771667962384
406  -6.658913410459205  0.03657889900050495
407  -6.659490326429567  0.036495429974090395
408  -6.660064467425048  0.0364123624350041
409  -6.660635848172447  0.036329694252551954
410  -6.661204483242265  0.036247423318652904
411  -6.661770387051352  0.036165547547456774
412  -6.662333573866905  0.03608406487476471
413  -6.662894057807677  0.03600297325785572
414  -6.663451852848081  0.035922270674891676
415  -6.66400697281969  0.03584195512470082
416  -6.6645594314151655  0.035762024626209366
417  -6.6651092421899545  0.035682477218195834
418  -6.665656418565106  0.03560331095888366
419  -6.666200973830238  0.03552452392551214
420  -6.666742921145387  0.03544611421406814
421  -6.66728227354384  0.03536807993887717
422  -6.667819043934642  0.03529041923224022
423  -6.6683532451045515  0.03521313024415084
424  -6.668884889720995  0.0351362111418676
425  -6.669413990333806  0.03505966010966271
426  -6.669940559377906  0.03498347534843384
427  -6.670464609175163  0.03490765507543578
428  -6.670986151936957  0.03483219752390834
429  -6.671505199765989  0.0347571009428157
430  -6.672021764658912  0.03468236359646491
431  -6.67253585850772  0.03460798376430529
432  -6.673047493102482  0.03453395974053276
433  -6.673556680132922  0.03446028983386139
434  -6.67406343119054  0.034386972367216495
435  -6.674567757770737  0.03431400567742679
436  -6.675069671274388  0.03424138811499779
437  -6.675569183010085  0.03416911804378595
438  -6.676066304195917  0.034097193840742196
439  -6.676561045960849  0.034025613895712056
440  -6.677053419347349  0.03395437661105545
441  -6.677543435312497  0.03388348040148632
442  -6.6780311047298735  0.033812923693799665
443  -6.6785164383914015  0.033742704926604555
444  -6.678999447009063  0.03367282255007619
445  -6.679480141216054  0.033603275025788526
446  -6.679958531569421  0.033534060826332944
447  -6.680434628550365  0.03346517843527461
448  -6.680908442566976  0.033396626346755894
449  -6.681379983954818  0.03332840306541269
450  -6.681849262979303  0.03326050710603059
451  -6.682316289836182  0.0331929369934738
452  -6.682781074653996  0.03312569126233046
453  -6.6832436274951945  0.03305876845675113
454  -6.683703958356838  0.032992167130346764
455  -6.684162077172945  0.032925885845849295
456  -6.684617993815252  0.032859923175001964
457  -6.685071718094808  0.03279427769832795
458  -6.685523259763346  0.032728948004932874
459  -6.685972628514025  0.0326639326923964
460  -6.686419833983259  0.032599230366508566
461  -6.686864885751747  0.03253483964112007
462  -6.6873077933454  0.03247075913800866
463  -6.687748566237236  0.032406987486604324
464  -6.688187213847449  0.032343523323980015
465  -6.688623745545572  0.03228036529453849
466  -6.68905817065099  0.032217512049937516
467  -6.689490498434112  0.03215496224892142
468  -6.689920738117753  0.03209271455711998
469  -6.69034889887756  0.03203076764698737
470  -6.690774989843626  0.03196912019756892
471  -6.691199020101175  0.031907770894401326
472  -6.691620998691262  0.03184671842941194
473  -6.692040934612527  0.031785961500664435
474  -6.692458836821545  0.031725498812309114
475  -6.692874714233166  0.03166532907453247
476  -6.693288575722866  0.031605451003218044
477  -6.693700430126231  0.03154586332002056
478  -6.694110286240723  0.03148656475211086
479  -6.694518152825705  0.031427554032171554
480  -6.694924038604009  0.03136882989817106
481  -6.695327952262062  0.03131039109334464
482  -6.695729902451125  0.03125223636601536
483  -6.696129897787859  0.031194364469512636
484  -6.696527946854822  0.031136774162099628
485  -6.696924058201647  0.031079464206803097
486  -6.697318240345117  0.031022433371402862
487  -6.697710501770501  0.03096568042823804
488  -6.69810085093164  0.030909204154194948
489  -6.698489296251936  0.030853003330563556
490  -6.698875846124603  0.0307970767430018
491  -6.699260508913683  0.03074142318138814
492  -6.699643292954234  0.030686041439794497
493  -6.700024206553207  0.030630930316359252
494  -6.700403257989677  0.030576088613254112
495  -6.700780455515653  0.030521515136566646
496  -6.701155807356428  0.03046720869624955
497  -6.7015293217109315  0.030413168106070112
498  -6.701901006752376  0.030359392183516305
499  -6.702270870629073  0.030305879749678674
500  -6.70263892146394  0.030252629629322056
501  -6.703005167355818  0.03019964065069448
502  -6.703369616379372  0.03014691164554196
503  -6.703732276585761  0.030094441449011203
504  -6.704093156003006  0.030042228899596683
505  -6.704452262636033  0.02999027283913446
506  -6.704809604467242  0.0299385721127193
507  -6.7051651894569675  0.029887125568638623
508  -6.705519025543781  0.029835932058328688
509  -6.705871120644335  0.02978499043639694
510  -6.706221482654506  0.029734299560456524
511  -6.706570119448946  0.029683858291191658
512  -6.706917038881346  0.02963366549231911
513  -6.707262248785467  0.029583720030439128
514  -6.707605756974365  0.029534020775147614
515  -6.70794757124173  0.029484566598842347
516  -6.708287699360589  0.02943535637691073
517  -6.7086261490853385  0.029386388987435647
518  -6.708962928150508  0.029337663311374197
519  -6.709298044271702  0.029289178232421754
520  -6.7096315051452144  0.029240932637067604
521  -6.709963318448942  0.029192925414462584
522  -6.710293491841878  0.029145155456492582
523  -6.7106220329644  0.02909762165773704
524  -6.710948949438573  0.029050322915424493
525  -6.711274248868251  0.029003258129418674
526  -6.711597938839141  0.028956426202208514
527  -6.7119200269188575  0.0289098260389008
528  -6.712240520656812  0.02886345654723585
529  -6.712559427584826  0.028817316637499125
530  -6.712876755216941  0.028771405222548195
531  -6.713192511049319  0.028725721217827776
532  -6.713506702560493  0.028680263541332858
533  -6.713819337211206  0.028635031113632723
534  -6.714130422445041  0.028590022857778955
535  -6.714439965687593  0.028545237699425952
536  -6.714747974347257  0.02850067456671645
537  -6.715054455814805  0.0284563323903432
538  -6.715359417463304  0.028412210103560133
539  -6.715662866648874  0.028368306642073546
540  -6.715964810709608  0.028324620944197302
541  -6.716265256966825  0.02828115195067295
542  -6.716564212723366  0.028237898604914644
543  -6.71686168526556  0.02819485985272617
544  -6.717157681861506  0.028152034642548326
545  -6.717452209762215  0.028109421925294698
546  -6.717745276200675  0.028067020654486317
547  -6.7180368883927315  0.02802482978612407
548  -6.718327053536223  0.027982848278814615
549  -6.718615778811177  0.027941075093741236
550  -6.7189030713802875  0.0278995091945952
551  -6.719188938387897  0.027858149547722776
552  -6.719473386960861  0.027816995122000324
553  -6.71975642420785  0.027776044888935432
554  -6.720038057219543  0.02773529782263826
555  -6.720318293068693  0.027694752899812925
556  -6.720597138809454  0.027654409099854265
557  -6.720874601478174  0.027614265404733603
558  -6.721150688092566  0.02757432079911813
559  -6.721425405651943  0.027534574270337096
560  -6.721698761137208  0.02749502480838362
561  -6.721970761510769  0.02745567140592664
562  -6.7222414137157855  0.027416513058419745
563  -6.7225107246772575  0.027377548763944156
564  -6.722778701300729  0.02733877752339583
565  -6.723045350473277  0.027300198340342793
566  -6.723310679062392  0.027261810221186584
567  -6.7235746939165475  0.027223612175080233
568  -6.723837401864808  0.027185603213985072
569  -6.724098809716999  0.027147782352645686
570  -6.724358924263224  0.027110148608660317
571  -6.724617752274226  0.027072701002428062
572  -6.724875300500299  0.027035438557306925
573  -6.725131575672652  0.026998360299415918
574  -6.725386584502015  0.02696146525783695
575  -6.725640333679171  0.026924752464538113
576  -6.725892829874622  0.02688822095442146
577  -6.726144079738686  0.026851869765309674
578  -6.726394089901115  0.026815697938000784
579  -6.72664286697102  0.026779704516278983
580  -6.726890417537039  0.026743888546890953
581  -6.727136748166845  0.026708249079616192
582  -6.727381865407198  0.02667278516726017
583  -6.7276257757838165  0.026637495865672593
584  -6.727868485801461  0.02660238023373546
585  -6.728110001943382  0.02656743733344285
586  -6.728350330671723  0.026532666229842704
587  -6.728589478426841  0.02649806599113477
588  -6.728827451627585  0.026463635688630867
589  -6.72906425667133  0.026429374396749764
590  -6.729299899933358  0.026395281193106353
591  -6.729534387766991  0.026361355158493145
592  -6.72976772650372  0.02632759537686087
593  -6.729999922452866  0.02629400093536795
594  -6.730230981901065  0.02626057092445502
595  -6.730460911113258  0.026227304437701406
596  -6.730689716331362  0.026194200572017486
597  -6.730917403774826  0.02616125842756476
598  -6.731143979640736  0.02612847710773979
599  -6.731369450102965  0.026095855719297945
600  -6.7315938213129165  0.02606339337224521
601  -6.731817099398668  0.026031089179962694
602  -6.732039290465271  0.025998942259162945
603  -6.7322604005949485  0.025966951729861038
604  -6.73248043584601  0.025935116715532246
605  -6.7326994022541635  0.025903436342921592
606  -6.7329173058311715  0.025871909742238807
607  -6.733134152565441  0.025840536047072597
608  -6.733349948421674  0.025809314394441285
609  -6.733564699341038  0.025778243924768397
610  -6.7337784112406975  0.025747323781949986
611  -6.7339910900141895  0.025716553113300802
612  -6.734202741530842  0.025685931069638072
613  -6.734413371636293  0.025655456805206443
614  -6.734622986151779  0.02562512947778132
615  -6.734831590874581  0.025594948248603575
616  -6.735039191577517  0.02556491228245381
617  -6.735245794009696  0.02553502074754263
618  -6.73545140389513  0.02550527281571189
619  -6.735656026933852  0.025475667662272623
620  -6.735859668801229  0.025446204466104645
621  -6.736062335148102  0.025416882409636264
622  -6.736264031600885  0.025387700678829735
623  -6.736464763761227  0.025358658463230495
624  -6.736664537206016  0.02532975495596664
625  -6.736863357487401  0.02530098935374507
626  -6.7370612301327775  0.025272360856854453
627  -6.737258160644745  0.02524386866917074
628  -6.737454154501121  0.025215511998155627
629  -6.73764921715444  0.025187290054928396
630  -6.737843354032419  0.02515920205419946
631  -6.738036570538029  0.025131247214259075
632  -6.738228872048921  0.02510342475706111
633  -6.738420263917834  0.025075733908163693
634  -6.738610751472289  0.02504817389677327
635  -6.738800340014879  0.025020743955703362
636  -6.738989034822906  0.024993443321426233
637  -6.739176841148486  0.02496627123405823
638  -6.739363764218741  0.024939226937331894
639  -6.739549809235358  0.02491230967865972
640  -6.739734981375139  0.02488551870905471
641  -6.739919285789226  0.024858853283242194
642  -6.740102727603807  0.024832312659557924
643  -6.740285311919901  0.024805896099979286
644  -6.740467043812989  0.02477960287017839
645  -6.740647928333744  0.024753432239416562
646  -6.740827970507083  0.024727383480681833
647  -6.741007175332815  0.024701455870594635
648  -6.741185547785834  0.02467564868938003
649  -6.741363092815324  0.024649961220983247
650  -6.741539815345643  0.024624392752941027
651  -6.741715720275584  0.02459894257648896
652  -6.741890812478932  0.024573609986481008
653  -6.74206509680421  0.024548394281425755
654  -6.742238578074806  0.02452329476346868
655  -6.742411261088646  0.024498310738438934
656  -6.7425831506190335  0.024473441515728264
657  -6.742754251413837  0.02444868640840811
658  -6.742924568195603  0.024424044733213794
659  -6.743094105662328  0.024399515810432443
660  -6.743262868486527  0.024375098964037945
661  -6.743430861315781  0.024350793521611513
662  -6.743598088772888  0.024326598814320373
663  -6.743764555455497  0.024302514176969915
664  -6.743930265936237  0.02427853894798572
665  -6.74409522476322  0.024254672469340436
666  -6.74425943645937  0.024230914086650922
667  -6.744422905522915  0.024207263149107316
668  -6.744585636427302  0.024183719009484603
669  -6.744747633621323  0.024160281024125402
670  -6.744908901529102  0.024136948552941108
671  -6.745069444550138  0.02411372095940586
672  -6.7452292670591065  0.02409059761058545
673  -6.745388373406407  0.02406757787705779
674  -6.745546767917995  0.024044661132937583
675  -6.745704454895383  0.02402184675587579
676  -6.745861438615589  0.023999134127067234
677  -6.746017723331182  0.023976522631244293
678  -6.746173313270784  0.023954011656603783
679  -6.746328212638867  0.023931600594836903
680  -6.746482425615509  0.023909288841163667
681  -6.746635956356785  0.023887075794277526
682  -6.746788808994917  0.023864960856322618
683  -6.746940987637975  0.023842943432937334
684  -6.747092496370241  0.02382102293320214
685  -6.747243339252238  0.023799198769634707
686  -6.747393520320816  0.023777470358177687
687  -6.747543043588686  0.023755837118266572
688  -6.747691913045681  0.023734298472646315
689  -6.747840132657738  0.02371285384751976
690  -6.747987706367152  0.023691502672509985
691  -6.748134638093184  0.02367024438057253
692  -6.748280931731522  0.02364907840807378
693  -6.748426591154924  0.0236280041946977
694  -6.748571620212777  0.02360702118350941
695  -6.74871602273146  0.023586128820902906
696  -6.7488598025142865  0.02356532655660939
697  -6.749002963341743  0.023544613843662607
698  -6.749145508971539  0.02352399013839188
699  -6.749287443138681  0.023503454900411065
700  -6.7494287695552755  0.023483007592647338
701  -6.749569491910952  0.023462647681279775
702  -6.7497096138731365  0.02344237463570002
703  -6.7498491390864395  0.023422187928600572
704  -6.749988071173385  0.023402087035869542
705  -6.750126413734176  0.023382071436624317
706  -6.750264170347024  0.023362140613164155
707  -6.75040134456787  0.023342294051010504
708  -6.750537939930928  0.023322531238828274
709  -6.750673959948267  0.02330285166848632
710  -6.750809408110469  0.023283254834961995
711  -6.75094428788627  0.023263740236393948
712  -6.751078602722823  0.02324430737404293
713  -6.751212356045814  0.023224955752276
714  -6.75134555125941  0.0232056848785732
715  -6.751478191746731  0.023186494263460086
716  -6.7516102808693566  0.023167383420578416
717  -6.751741821968086  0.023148351866576655
718  -6.751872818362285  0.02312939912120404
719  -6.752003273350857  0.023110524707170788
720  -6.752133190211306  0.023091728150282733
721  -6.75226257220092  0.02307300897927083
722  -6.752391422556196  0.023054366725874288
723  -6.752519744493022  0.02303580092481345
724  -6.752647541206667  0.02301731111379263
725  -6.752774815872479  0.022998896833397564
726  -6.752901571645215  0.02298055762719384
727  -6.753027811659591  0.022962293041646067
728  -6.753153539030498  0.022944102626087565
729  -6.753278756852354  0.02292598593281325
730  -6.7534034682002195  0.022907942516919147
731  -6.753527676129329  0.022889971936369602
732  -6.753651383675098  0.022872073751996107
733  -6.7537745938534455  0.022854247527451573
734  -6.753897309660828  0.02283649282920415
735  -6.754019534074615  0.02281880922648377
736  -6.754141270052583  0.022801196291355273
737  -6.7542625205335565  0.022783653598625105
738  -6.754383288437252  0.022766180725864713
739  -6.7545035766645585  0.02274877725336916
740  -6.754623388097478  0.02273144276416638
741  -6.754742725599095  0.022714176844021296
742  -6.754861592014141  0.02269697908135395
743  -6.7549799901685805  0.02267984906729979
744  -6.755097922870341  0.02266278639560389
745  -6.755215392908413  0.022645790662751148
746  -6.755332403054053  0.022628861467792135
747  -6.7554489560602615  0.022611998412418944
748  -6.75556505466201  0.022595201100931876
749  -6.755680701576282  0.02257846914023382
750  -6.755795899502299  0.02256180213979771
751  -6.755910651121626  0.02254519971165086
752  -6.756024959098094  0.022528661470386287
753  -6.7561388260781285  0.02251218703311552
754  -6.7562522546907  0.022495776019475312
755  -6.756365247547468  0.02247942805160693
756  -6.7564778072428675  0.02246314275414383
757  -6.75658993635425  0.02244691975419122
758  -6.756701637441933  0.02243075868131874
759  -6.7568129130492105  0.022414659167558786
760  -6.756923765703052  0.022398620847306025
761  -6.757034197913199  0.02238264335744731
762  -6.757144212172946  0.022366726337249232
763  -6.757253810959163  0.0223508694283548
764  -6.7573629967322  0.022335072274797037
765  -6.757471771936255  0.022319334522945922
766  -6.757580138999093  0.02230365582154888
767  -6.757688100332655  0.02228803582164285
768  -6.757795658332675  0.02227247417660958
769  -6.75790281537906  0.02225697054212087
770  -6.75800957383581  0.02224152457614961
771  -6.758115936051431  0.02222613593891081
772  -6.758221904358494  0.022210804292924713
773  -6.7583274810743  0.022195529302920756
774  -6.758432668500761  0.0221803106358551
775  -6.758537468924304  0.022165147960924336
776  -6.758641884616026  0.022150040949542895
777  -6.758745917832421  0.0221349892752378
778  -6.7588495708143235  0.022119992613802084
779  -6.7589528457881425  0.022105050643115676
780  -6.759055744964924  0.022090163043281347
781  -6.759158270541489  0.02207532949645971
782  -6.759260424699745  0.02206054968696946
783  -6.759362209607011  0.022045823301239695
784  -6.759463627416219  0.022031150027781256
785  -6.759564680266019  0.022016529557171063
786  -6.759665370280606  0.022001961582077536
787  -6.75976569957009  0.02198744579720717
788  -6.759865670230504  0.02197298189930257
789  -6.759965284343958  0.021958569587121404
790  -6.760064543978468  0.02194420856146004
791  -6.760163451188338  0.021929898525098933
792  -6.760262008014385  0.02191563918276959
793  -6.760360216483328  0.021901430241243504
794  -6.760458078608593  0.02188727140921522
795  -6.760555596390197  0.021873162397319675
796  -6.760652771814892  0.021859102918110482
797  -6.7607496068558035  0.021845092686113253
798  -6.7608461034734555  0.02183113141767643
799  -6.7609422636146  0.021817218831141127
800  -6.761038089213297  0.02180335464668492
801  -6.761133582191049  0.02178953858630201
802  -6.76122874445585  0.021775770373941142
803  -6.761323577903406  0.02176204973532875
804  -6.761418084416716  0.021748376398029914
805  -6.761512265866064  0.021734750091449345
806  -6.761606124109446  0.021721170546769464
807  -6.761699660992301  0.021707637496989472
808  -6.7617928783476176  0.021694150676910048
809  -6.761885777996683  0.021680709823024776
810  -6.761978361748082  0.021667314673664822
811  -6.762070631398699  0.021653964968854637
812  -6.76216258873317  0.021640660450390477
813  -6.762254235524453  0.021627400861758152
814  -6.7623455735334765  0.021614185948184036
815  -6.762436604509715  0.021601015456551687
816  -6.762527330190851  0.02158788913545079
817  -6.762617752302861  0.021574806735164445
818  -6.762707872560529  0.0215617680075954
819  -6.762797692666967  0.021548772706334936
820  -6.762887214313955  0.021535820586613894
821  -6.762976439182351  0.021522911405243327
822  -6.763065368941586  0.021510044920687598
823  -6.763154005249834  0.021497220893039716
824  -6.7632423497545995  0.021484439083936276
825  -6.763330404092445  0.021471699256597275
826  -6.763418169888499  0.021459001175896553
827  -6.763505648757959  0.02144634460814537
828  -6.7635928423046545  0.021433729321299062
829  -6.763679752122151  0.021421155084798464
830  -6.763766379793276  0.02140862166963774
831  -6.763852726890281  0.02139612884834141
832  -6.763938794975417  0.021383676394880795
833  -6.764024585600086  0.021371264084796632
834  -6.764110100305782  0.021358891695063487
835  -6.764195340623702  0.021346559004145668
836  -6.76428030807485  0.021334265791981916
837  -6.7643650041703145  0.0213220118399461
838  -6.764449430411186  0.021309796930858133
839  -6.764533588288584  0.02129762084898062
840  -6.764617479283707  0.021285483380011815
841  -6.764701104868464  0.021273384310993845
842  -6.764784466504539  0.02126132343044804
843  -6.764867565643978  0.021249300528290365
844  -6.764950403729835  0.02123731539573763
845  -6.765032982194953  0.021225367825484294
846  -6.7651153024635535  0.02121345761147168
847  -6.765197365949765  0.0212015845491018
848  -6.7652791740588665  0.021189748435056957
849  -6.765360728186806  0.021177949067369226
850  -6.765442029720322  0.0211661862454034
851  -6.765523080037254  0.02115445976981174
852  -6.765603880506178  0.021142769442586664
853  -6.76568443248693  0.021131115066985055
854  -6.765764737330284  0.021119496447575176
855  -6.765844796378341  0.02110791339017986
856  -6.765924610964424  0.02109636570189193
857  -6.766004182412949  0.021084853191093097
858  -6.766083512039952  0.021073375667377502
859  -6.766162601152742  0.02106193294160156
860  -6.766241451050325  0.021050524825823456
861  -6.7663200630229445  0.021039151133368787
862  -6.766398438352632  0.021027811678751434
863  -6.7664765783132665  0.021016506277664788
864  -6.766554484169942  0.021005234747073272
865  -6.766632157180315  0.020993996905017135
866  -6.766709598593025  0.02098279257084183
867  -6.7667868096493295  0.020971621564960023
868  -6.766863791582174  0.020960483708987687
869  -6.76694054561633  0.020949378825723015
870  -6.76701707296902  0.020938306739056483
871  -6.767093374849464  0.020927267274036505
872  -6.767169452459061  0.020916260256842952
873  -6.767245306991456  0.020905285514777543
874  -6.767320939632727  0.02089434287623683
875  -6.7673963515610245  0.020883432170764254
876  -6.767471543947319  0.02087255322894221
877  -6.767546517954778  0.02086170588248186
878  -6.767621274739263  0.020850889964151676
879  -6.767695815448977  0.020840105307827844
880  -6.767770141225096  0.02082935174840338
881  -6.767844253201294  0.020818629121856898
882  -6.76791815250415  0.020807937265193237
883  -6.767991840252758  0.020797276016500128
884  -6.768065317559358  0.020786645214857343
885  -6.768138585528983  0.02077604470038708
886  -6.768211645259559  0.020765474314239796
887  -6.768284497841999  0.020754933898580505
888  -6.768357144360539  0.02074442329654067
889  -6.768429585892358  0.020733942352272206
890  -6.768501823507743  0.0207234909109246
891  -6.7685738582699315  0.020713068818667253
892  -6.768645691236296  0.020702675922517826
893  -6.768717323456384  0.020692312070626342
894  -6.768788755974013  0.0206819771119718
895  -6.768859989825914  0.02067167089655852
896  -6.768931026042437  0.02066139327531386
897  -6.769001865647367  0.0206511441001152
898  -6.769072509658132  0.02064092322375975
899  -6.76914295908568  0.020630730499982004
900  -6.7692132149344575  0.020620565783457116
901  -6.7692832782031145  0.020610428929699096
902  -6.769353149883405  0.020600319795219525
903  -6.7694228309611635  0.020590238237386455
904  -6.769492322416116  0.020580184114451786
905  -6.7695616252216  0.02057015728559148
906  -6.769630740345157  0.020560157610820487
907  -6.769699668748146  0.02055018495104789
908  -6.769768411385946  0.020540239168048105
909  -6.769836969207906  0.02053032012446796
910  -6.76990534315758  0.020520427683792634
911  -6.769973534172703  0.020510561710349512
912  -6.77004154318488  0.020500722069352387
913  -6.770109371120219  0.020490908626810887
914  -6.770177018899009  0.020481121249576056
915  -6.770244487435793  0.020471359805330627
916  -6.770311777639579  0.020461624162558024
917  -6.77037889041362  0.020451914190574245
918  -6.770445826655506  0.020442229759514756
919  -6.770512587257629  0.02043257074026701
920  -6.770579173106602  0.02042293700455464
921  -6.770645585083762  0.020413328424864326
922  -6.770711824064503  0.02040374487454294
923  -6.770777890919747  0.020394186227584373
924  -6.7708437865142574  0.020384652358873174
925  -6.770909511708105  0.020375143143973276
926  -6.770975067355437  0.02036565845930535
927  -6.771040454305872  0.020356198181945295
928  -6.771105673403363  0.020346762189788998
929  -6.771170725486856  0.02033735036145632
930  -6.771235611390223  0.020327962576301654
931  -6.7713003319422445  0.020318598714415707
932  -6.7713648879666  0.020309258656627444
933  -6.771429280281982  0.020299942284487234
934  -6.771493509702223  0.02029064948024863
935  -6.771557577035937  0.02028138012692025
936  -6.771621483087282  0.020272134108155294
937  -6.771685228655225  0.02026291130835806
938  -6.771748814533829  0.020253711612642437
939  -6.771812241512688  0.020244534906768943
940  -6.771875510376459  0.020235381077212056
941  -6.771938621904975  0.02022625001114454
942  -6.772001576873538  0.020217141596394657
943  -6.77206437605264  0.02020805572148637
944  -6.772127020208568  0.020198992275552247
945  -6.772189510102293  0.020189951148494065
946  -6.772251846490883  0.020180932230777868
947  -6.772314030126379  0.020171935413597523
948  -6.772376061756899  0.020162960588714255
949  -6.7724379421254515  0.0201540076486283
950  -6.772499671971192  0.020145076486397726
951  -6.772561252028367  0.02013616699579084
952  -6.772622683027132  0.020127279071167445
953  -6.772683965693511  0.020118412607485526
954  -6.772745100748804  0.02010956750038619
955  -6.772806088910256  0.02010074364609767
956  -6.772866930890682  0.020091940941488664
957  -6.77292762739908  0.02008315928398043
958  -6.772988179139813  0.02007439857166475
959  -6.773048586813342  0.0200656587031978
960  -6.773108851115843  0.0200569395778559
961  -6.773168972739617  0.020048241095476038
962  -6.773228952372623  0.020039563156523194
963  -6.773288790699073  0.02003090566200462
964  -6.773348488398862  0.02002226851355223
965  -6.773408046148217  0.020013651613328534
966  -6.773467464618989  0.02000505486412903
967  -6.773526744479651  0.01999647816923818
968  -6.77358588639429  0.019987921432574867
969  -6.773644891023263  0.019979384558597806
970  -6.77370375902328  0.019970867452293223
971  -6.773762491046884  0.019962370019250282
972  -6.773821087743223  0.019953892165549148
973  -6.773879549757303  0.019945433797869713
974  -6.773937877730587  0.01993699482340396
975  -6.773996072300915  0.01992857514986841
976  -6.7740541341020535  0.019920174685568778
977  -6.774112063764545  0.01991179333927724
978  -6.7741698619151895  0.019903431020307612
979  -6.774227529176889  0.019895087638537458
980  -6.774285066169226  0.019886763104324547
981  -6.774342473508282  0.019878457328533602
982  -6.774399751806332  0.01987017022257972
983  -6.774456901672313  0.019861901698360915
984  -6.774513923711802  0.019853651668261446
985  -6.774570818526483  0.019845420045228945
986  -6.774627586714976  0.0198372067426541
987  -6.7746842288725455  0.01982901167441324
988  -6.774740745590665  0.01982083475493112
989  -6.774797137457782  0.01981267589907044
990  -6.774853405058808  0.019804535022205094
991  -6.7749095489754225  0.0197964120401771
992  -6.774965569785977  0.0197883068693096
993  -6.775021468065551  0.019780219426399386
994  -6.775077244386049  0.019772149628702534
995  -6.775132899315822  0.019764097393988992
996  -6.775188433420582  0.019756062640410882
997  -6.775243847262153  0.01974804528668278
998  -6.775299141399667  0.019740045251908502
999  -6.77535431638915  0.019732062455641484
1000  -6.775409372783106  0.019724096817944566
1001  -6.775464311131301  0.01971614825927713
1002  -6.775519131980227  0.01970821670057159
1003  -6.775573835873446  0.019700302063184797
1004  -6.7756284233512085  0.01969240426895241
1005  -6.775682894951154  0.019684523240088136
1006  -6.775737251207539  0.019676658899294902
1007  -6.77579149265193  0.019668811169664863
1008  -6.775845619812808  0.019660979974736727
1009  -6.775899633215422  0.01965316523851656
1010  -6.775953533382921  0.019645366885314604
1011  -6.776007320834404  0.01963758484002681
1012  -6.776060996087182  0.019629819027807936
1013  -6.776114559654872  0.019622069374346924
1014  -6.77616801204897  0.019614335805640103
1015  -6.776221353777485  0.019606618248187782
1016  -6.776274585345958  0.019598916628847638
1017  -6.776327707257095  0.019591230874887535
1018  -6.776380720010902  0.019583560913965722
1019  -6.7764336241045715  0.01957590667414781
1020  -6.776486420032512  0.019568268083902
1021  -6.776539108286458  0.01956064507208355
1022  -6.776591689355509  0.0195530375679286
1023  -6.7766441637259165  0.01954544550108591
1024  -6.776696531881581  0.01953786880154388
1025  -6.776748794303433  0.019530307399720743
1026  -6.7768009514699115  0.019522761226395447
1027  -6.776853003856897  0.01951523021271677
1028  -6.776904951937672  0.019507714290209616
1029  -6.7769567961828034  0.019500213390791592
1030  -6.777008537060416  0.01949272744673382
1031  -6.7770601750361275  0.019485256390670065
1032  -6.777111710573163  0.01947780015558026
1033  -6.777163144131604  0.019470358674898994
1034  -6.777214476170062  0.019462931882273916
1035  -6.777265707143675  0.019455519711854986
1036  -6.777316837505813  0.019448122098047887
1037  -6.777367867707098  0.019440738975656017
1038  -6.777418798195724  0.01943337027983411
1039  -6.777469629417576  0.019426015946070734
1040  -6.7775203618161495  0.019418675910200404
1041  -6.777570995832465  0.019411350108415635
1042  -6.777621531905207  0.019404038477247032
1043  -6.777671970470703  0.019396740953565996
1044  -6.777722311963267  0.019389457474535365
1045  -6.777772556814203  0.019382187977753353
1046  -6.777822705453335  0.01937493240103264
1047  -6.7778727583073355  0.01936769068264158
1048  -6.777922715801454  0.01936046276105438
1049  -6.777972578358045  0.019353248575164187
1050  -6.7780223463974645  0.019346048064153385
1051  -6.778072020337873  0.0193388611675219
1052  -6.778121600595128  0.01933168782510274
1053  -6.778171087583135  0.019324527977011615
1054  -6.77822048171315  0.0193173815637473
1055  -6.778269783394553  0.019310248526080362
1056  -6.778318993034737  0.019303128805068303
1057  -6.778368111038322  0.01929602234217021
1058  -6.77841713780862  0.01928892907903444
1059  -6.778466073746031  0.01928184895773034
1060  -6.778514919249673  0.01927478192051319
1061  -6.778563674715756  0.019267727910058617
1062  -6.778612340538929  0.019260686869268264
1063  -6.7786609171116  0.019253658741368005
1064  -6.778709404824194  0.01924664346987065
1065  -6.77875780406505  0.019239640998590612
1066  -6.778806115220491  0.01923265127163413
1067  -6.77885433867476  0.019225674233408523
1068  -6.778902474810308  0.019218709828580184
1069  -6.778950524007261  0.019211758002151916
1070  -6.778998486644002  0.019204818699378644
1071  -6.779046363097025  0.01919789186578888
1072  -6.7790941537407265  0.019190977447214146
1073  -6.779141858947496  0.01918407538977676
1074  -6.779189479087862  0.01917718563986814
1075  -6.779237014530622  0.01917030814413014
1076  -6.77928446564253  0.01916344284950017
1077  -6.7793318327881575  0.019156589703231648
1078  -6.7793791163307455  0.019149748652770214
1079  -6.7794263166312145  0.019142919645897424
1080  -6.779473434048863  0.01913610263062947
1081  -6.7795204689413  0.01912929755522697
1082  -6.779567421663755  0.01912250436829479
1083  -6.77961429257005  0.019115723018641353
1084  -6.7796610820122805  0.019108953455325272
1085  -6.779707790340313  0.019102195627727064
1086  -6.779754417902609  0.019095449485431043
1087  -6.779800965045833  0.019088714978281112
1088  -6.7798474321145275  0.019081992056428545
1089  -6.77989381945199  0.01907528067020439
1090  -6.779940127399268  0.01906858077026558
1091  -6.779986356296106  0.019061892307457303
1092  -6.780032506480254  0.019055215232913376
1093  -6.780078578287773  0.019048549498012015
1094  -6.7801245720531  0.019041895054366476
1095  -6.7801704881088884  0.019035251853847912
1096  -6.780216326786236  0.01902861984855275
1097  -6.78026208841466  0.01902199899080576
1098  -6.780307773321443  0.019015389233255416
1099  -6.780353381833057  0.01900879052866726
1100  -6.7803989142735315  0.01900220283016008
1101  -6.7804443709657924  0.018995626091012657
1102  -6.780489752231084  0.0189890602647469
1103  -6.780535058388744  0.01898250530516048
1104  -6.780580289756829  0.018975961166236628
1105  -6.7806254466515075  0.01896942780223152
1106  -6.780670529387653  0.01896290516758894
1107  -6.780715538278352  0.01895639321701084
1108  -6.780760473635284  0.018949891905403356
1109  -6.780805335768261  0.018943401187942098
1110  -6.780850124986111  0.01893692101994558
1111  -6.78089484159551  0.01893045135704353
1112  -6.780939485901911  0.01892399215504239
1113  -6.780984058209491  0.018917543369933502
1114  -6.781028558820281  0.01891110495801855
1115  -6.781072988035328  0.018904676875741596
1116  -6.78111734615403  0.01889825907978546
1117  -6.781161633474305  0.018891851527046796
1118  -6.781205850292447  0.018885454174657413
1119  -6.781249996903582  0.018879066979918105
1120  -6.78129407360113  0.018872689900376383
1121  -6.781338080677145  0.018866322893777408
1122  -6.7813820184223115  0.018859965918064617
1123  -6.781425887125702  0.018853618931414542
1124  -6.781469687075001  0.018847281892204706
1125  -6.781513418556848  0.018840954758963493
1126  -6.7815570818558575  0.018834637490512646
1127  -6.781600677255651  0.018828330045817337
1128  -6.781644205038505  0.018822032384037273
1129  -6.781687665484872  0.018815744464596378
1130  -6.781731058874358  0.0188094662470409
1131  -6.781774385484895  0.018803197691158933
1132  -6.781817645593118  0.018796938756926833
1133  -6.781860839474267  0.01879068940452231
1134  -6.781903967402351  0.018784449594301447
1135  -6.7819470296498565  0.01877821928684044
1136  -6.78199002648825  0.01877199844286315
1137  -6.782032958187373  0.018765787023328585
1138  -6.782075825015827  0.01875958498937502
1139  -6.782118627240911  0.018753392302329246
1140  -6.782161365128833  0.01874720892367598
1141  -6.782204038944307  0.018741034815116082
1142  -6.782246648950504  0.018734869938573366
1143  -6.782289195409923  0.01872871425606918
1144  -6.7823316785833345  0.018722567729875066
1145  -6.782374098730287  0.018716430322439002
1146  -6.782416456109266  0.018710301996362904
1147  -6.782458750977418  0.018704182714442612
1148  -6.782500983590665  0.01869807243965091
1149  -6.782543154203535  0.018691971135162196
1150  -6.782585263069574  0.018685878764293132
1151  -6.782627310440927  0.018679795290563145
1152  -6.782669296568562  0.01867372067766169
1153  -6.78271122170243  0.018667654889425588
1154  -6.782753086090913  0.018661597889918495
1155  -6.782794889981521  0.018655549643330237
1156  -6.782836633620425  0.018649510114044695
1157  -6.78287831725257  0.018643479266622683
1158  -6.782919941121918  0.018637457065767537
1159  -6.782961505471116  0.01863144347637264
1160  -6.783003010541604  0.018625438463506148
1161  -6.783044456573821  0.018619441992381032
1162  -6.783085843806962  0.018613454028390174
1163  -6.783127172479144  0.018607474537082447
1164  -6.783168442827238  0.018601503484187158
1165  -6.7832096550870675  0.018595540835584845
1166  -6.783250809493371  0.01858958655731335
1167  -6.783291906279496  0.018583640615611484
1168  -6.7833329456782945  0.01857770297679002
1169  -6.78337392792069  0.018571773607438582
1170  -6.783414853237202  0.01856585247420514
1171  -6.78345572185683  0.01855993954395791
1172  -6.783496534007788  0.018554034783678584
1173  -6.7835372899170485  0.01854813816052824
1174  -6.783577989810328  0.018542249641850042
1175  -6.783618633912725  0.01853636919507647
1176  -6.78365922244791  0.018530496787846372
1177  -6.783699755638491  0.01852463238795268
1178  -6.783740233706392  0.018518775963287007
1179  -6.78378065687181  0.018512927481990907
1180  -6.783821025354874  0.01850708691221597
1181  -6.783861339373774  0.018501254222394025
1182  -6.783901599146023  0.018495429381055098
1183  -6.783941804888279  0.018489612356852578
1184  -6.783981956815815  0.018483803118640688
1185  -6.784022055143263  0.01847800163536606
1186  -6.784062100084066  0.01847220787614738
1187  -6.784102091850544  0.018466421810266035
1188  -6.784142030654209  0.018460643407120073
1189  -6.784181916705636  0.018454872636243253
1190  -6.784221750214188  0.018449109467344613
1191  -6.7842615313882995  0.018443353870267593
1192  -6.784301260435612  0.01843760581497027
1193  -6.784340937562543  0.018431865271587796
1194  -6.784380562974716  0.01842613221037046
1195  -6.78442013687691  0.018420406601690496
1196  -6.784459659472599  0.018414688416108785
1197  -6.784499130964511  0.018408977624294665
1198  -6.784538551554344  0.018403274197065892
1199  -6.784577921443067  0.01839757810534611
1200  -6.784617240830672  0.01839188932020032
1201  -6.784656509915837  0.01838620781288331
1202  -6.784695728896821  0.018380533554710664
1203  -6.784734897970593  0.018374866517184802
1204  -6.7847740173334  0.018369206671912358
1205  -6.78481308718051  0.01836355399064171
1206  -6.784852107706312  0.018357908445248195
1207  -6.784891079104231  0.018352270007747088
1208  -6.784930001567021  0.018346638650250168
1209  -6.784968875286224  0.018341014345045144
1210  -6.785007700452665  0.01833539706452303
1211  -6.7850464772560946  0.018329786781230463
1212  -6.785085205885915  0.018324183467764453
1213  -6.785123886530085  0.018318587096930822
1214  -6.785162519375696  0.018312997641661076
1215  -6.785201104609382  0.01830741507495251
1216  -6.785239642416857  0.018301839369935933
1217  -6.785278132982482  0.018296270499937733
1218  -6.785316576490339  0.018290708438324532
1219  -6.785354973123423  0.01828515315862048
1220  -6.785393323063822  0.01827960463448068
1221  -6.785431626492945  0.018274062839658798
1222  -6.785469883591221  0.018268527748049976
1223  -6.7855080945383595  0.01826299933365358
1224  -6.785546259513072  0.018257477570613405
1225  -6.785584378693543  0.018251962433149582
1226  -6.785622452256766  0.018246453895654303
1227  -6.785660480379304  0.018240951932582218
1228  -6.785698463236614  0.01823545651854796
1229  -6.785736401003563  0.018229967628251614
1230  -6.785774293853967  0.018224485236545032
1231  -6.785812141961173  0.01821900931834817
1232  -6.785849945497421  0.018213539848741356
1233  -6.785887704634322  0.018208076802895254
1234  -6.785925419542708  0.018202620156094
1235  -6.785963090392467  0.01819716988375781
1236  -6.786000717353019  0.018191725961374625
1237  -6.786038300592682  0.018186288364592237
1238  -6.786075840279269  0.018180857069131053
1239  -6.786113336579519  0.018175432050866958
1240  -6.786150789659796  0.01817001328573033
1241  -6.786188199685354  0.018164600749812042
1242  -6.786225566820978  0.018159194419270563
1243  -6.786262891230507  0.01815379427040147
1244  -6.786300173077113  0.01814840027959685
1245  -6.786337412523092  0.018143012423375623
1246  -6.786374609730293  0.018137630678320953
1247  -6.786411764859567  0.01813225502116097
1248  -6.786448878071068  0.018126885428724145
1249  -6.786485949524245  0.018121521877941384
1250  -6.786522979378019  0.01811616434581953
1251  -6.786559967790243  0.0181108128095204
1252  -6.786596914918313  0.0181054672462716
1253  -6.786633820918696  0.018100127633435294
1254  -6.786670685947482  0.018094793948428115
1255  -6.786707510159686  0.018089466168822323
1256  -6.786744293709781  0.01808414427226856
1257  -6.7867810367516  0.01807882823650986
1258  -6.786817739438096  0.018073518039417123
1259  -6.786854401921767  0.0180682136589264
1260  -6.786891024354319  0.018062915073088746
1261  -6.786927606886592  0.018057622260080508
1262  -6.786964149669121  0.018052335198121987
1263  -6.787000652851265  0.018047053865603613
1264  -6.787037116582158  0.018041778240948724
1265  -6.787073541009935  0.0180365083027247
1266  -6.787109926282554  0.018031244029524877
1267  -6.787146272546619  0.01802598540013831
1268  -6.787182579948361  0.01802073239340815
1269  -6.787218848633679  0.01801548498822548
1270  -6.78725507874732  0.018010243163648174
1271  -6.787291270433707  0.01800500689878076
1272  -6.787327423836424  0.017999776172849456
1273  -6.787363539098507  0.01799455096515951
1274  -6.787399616362234  0.017989331255126036
1275  -6.7874356557693805  0.01798411702223663
1276  -6.787471657461037  0.017978908246078215
1277  -6.78750762157762  0.017973704906334993
1278  -6.787543548258914  0.017968506982782916
1279  -6.787579437644049  0.01796331445529239
1280  -6.787615289871685  0.017958127303801925
1281  -6.787651105079786  0.017952945508350512
1282  -6.787686883405489  0.017947769049097183
1283  -6.787722624985564  0.017942597906253764
1284  -6.7877583299560085  0.017937432060144018
1285  -6.787793998452373  0.017932271491156216
1286  -6.7878296306094  0.017927116179795692
1287  -6.787865226561388  0.017921966106631777
1288  -6.787900786441962  0.01791682125233172
1289  -6.78793631038409  0.017911681597657225
1290  -6.78797179852036  0.017906547123425494
1291  -6.788007250982562  0.01790141781056876
1292  -6.788042667901777  0.017896293640122168
1293  -6.788078049408786  0.017891174593164184
1294  -6.788113395633734  0.01788606065086514
1295  -6.788148706705878  0.01788095179452388
1296  -6.788183982754338  0.017875848005459292
1297  -6.78821922390732  0.017870749265122367
1298  -6.788254430292641  0.017865655555020243
1299  -6.788289602037284  0.017860566856780863
1300  -6.788324739268043  0.01785548315205953
1301  -6.788359842110905  0.017850404422628113
1302  -6.788394910691361  0.01784533065033068
1303  -6.7884299451341885  0.017840261817113994
1304  -6.788464945563828  0.017835197904973895
1305  -6.788499912104018  0.01783013889600786
1306  -6.788534844878061  0.0178250847723761
1307  -6.7885697440085595  0.017820035516340444
1308  -6.7886046096175985  0.0178149911102374
1309  -6.788639441826851  0.017809951536463097
1310  -6.78867424075726  0.01780491677751955
1311  -6.788709006529336  0.017799886815970833
1312  -6.788743739263057  0.017794861634458523
1313  -6.78877843907777  0.01778984121571529
1314  -6.788813106092377  0.017784825542538324
1315  -6.788847740425213  0.017779814597806535
1316  -6.788882342194199  0.017774808364459105
1317  -6.78891691151644  0.01776980682555318
1318  -6.788951448508755  0.017764809964186903
1319  -6.788985953287385  0.01775981776354271
1320  -6.78902042596798  0.017754830206888103
1321  -6.7890548666658095  0.017749847277545586
1322  -6.789089275495352  0.017744868958952425
1323  -6.789123652571008  0.017739895234556796
1324  -6.789157998006374  0.017734926087923566
1325  -6.789192311914634  0.017729961502677083
1326  -6.789226594408144  0.017725001462561354
1327  -6.78926084559926  0.01772004595132088
1328  -6.78929506559955  0.01771509495281351
1329  -6.789329254520194  0.017710148450953766
1330  -6.789363412471706  0.017705206429752155
1331  -6.789397539564283  0.017700268873265448
1332  -6.789431635907522  0.0176953357656369
1333  -6.789465701610561  0.0176904070910762
1334  -6.78949973678213  0.017685482833852146
1335  -6.78953374153032  0.017680562978325938
1336  -6.789567715962706  0.017675647508933683
1337  -6.789601660186586  0.017670736410151204
1338  -6.7896355743087575  0.01766582966652679
1339  -6.78966945843534  0.017660927262707043
1340  -6.789703312672124  0.017656029183386112
1341  -6.789737137124378  0.01765113541333344
1342  -6.789770931896946  0.017646245937380158
1343  -6.789804697094233  0.017641360740420747
1344  -6.789838432819831  0.017636479807467402
1345  -6.789872139177582  0.01763160312349607
1346  -6.789905816269931  0.01762673067368497
1347  -6.789939464199741  0.01762186244315153
1348  -6.789973083068872  0.017616998417158785
1349  -6.79000667297898  0.017612138580998676
1350  -6.790040234031002  0.017607282920067743
1351  -6.790073766325825  0.017602431419769464
1352  -6.790107269963411  0.0175975840656411
1353  -6.7901407450436535  0.01759274084322992
1354  -6.790174191665687  0.017587901738193076
1355  -6.790207609928662  0.017583066736185395
1356  -6.790240999930738  0.01757823582300487
1357  -6.7902743617698835  0.017573408984477366
1358  -6.790307695543733  0.017568586206476947
1359  -6.790341001349402  0.017563767474952842
1360  -6.790374279283414  0.01755895277593987
1361  -6.790407529441998  0.017554142095515507
1362  -6.790440751921077  0.017549335419801443
1363  -6.790473946815782  0.017544532735033983
1364  -6.790507114221163  0.017539734027461132
1365  -6.790540254231794  0.017534939283399897
1366  -6.790573366941597  0.017530148489261353
1367  -6.790606452444246  0.01752536163149281
1368  -6.7906395108330635  0.017520578696592078
1369  -6.790672542200736  0.017515799671149235
1370  -6.790705546639654  0.0175110245417969
1371  -6.790738524241798  0.017506253295227557
1372  -6.790771475098833  0.017501485918178683
1373  -6.790804399301821  0.01749672239747539
1374  -6.790837296941369  0.01749196272000844
1375  -6.790870168107887  0.017487206872697406
1376  -6.7909030128912455  0.017482454842539456
1377  -6.7909358313811214  0.017477706616560167
1378  -6.790968623666445  0.017472962181892922
1379  -6.791001389835906  0.01746822152570594
1380  -6.791034129977901  0.017463484635209962
1381  -6.791066844180171  0.017458751497710444
1382  -6.79109953253029  0.017454022100536995
1383  -6.791132195115507  0.01744929643106639
1384  -6.791164832022413  0.017444574476770495
1385  -6.791197443337185  0.017439856225181058
1386  -6.791230029145895  0.01743514166384511
1387  -6.791262589534167  0.017430430780374463
1388  -6.791295124586963  0.017425723562476653
1389  -6.791327634389148  0.017421019997873224
1390  -6.791360119024939  0.01741632007437966
1391  -6.791392578578561  0.017411623779810162
1392  -6.7914250131334555  0.017406931102092255
1393  -6.791457422772931  0.01740224202917276
1394  -6.791489807579891  0.017397556549056954
1395  -6.791522167636701  0.017392874649828374
1396  -6.79155450302544  0.017388196319611422
1397  -6.791586813827834  0.017383521546581907
1398  -6.791619100125526  0.017378850318927705
1399  -6.791651361999106  0.01737418262498898
1400  -6.791683599529318  0.017369518453083526
1401  -6.791715812796618  0.017364857791570657
1402  -6.791748001880628  0.017360200628930848
1403  -6.791780166861008  0.017355546953638678
1404  -6.791812307816743  0.01735089675426638
1405  -6.7918444248268175  0.017346250019386448
1406  -6.7918765179696  0.017341606737660425
1407  -6.791908587323107  0.017336966897800742
1408  -6.791940632965171  0.01733233048854643
1409  -6.791972654973049  0.01732769749872005
1410  -6.792004653423776  0.017323067917175777
1411  -6.792036628394042  0.017318441732818147
1412  -6.792068579960237  0.01731381893459501
1413  -6.792100508197979  0.01730919951156563
1414  -6.792132413183368  0.01730458345272001
1415  -6.792164294991166  0.017299970747241277
1416  -6.792196153696599  0.017295361384245755
1417  -6.792227989374087  0.017290755352966182
1418  -6.792259802098043  0.017286152642636454
1419  -6.7922915919421865  0.017281553242590574
1420  -6.7923233589801075  0.017276957142181557
1421  -6.792355103284978  0.017272364330822822
1422  -6.792386824929707  0.017267774797965565
1423  -6.792418523986748  0.017263188533127412
1424  -6.792450200528497  0.017258605525833835
1425  -6.792481854626653  0.01725402576571118
1426  -6.792513486352667  0.01724944924242216
1427  -6.792545095778151  0.017244875945605576
1428  -6.792576682973422  0.017240305865087988
1429  -6.792608248009264  0.017235738990628226
1430  -6.79263979095612  0.017231175312034594
1431  -6.79267131188363  0.017226614819231177
1432  -6.792702810861307  0.01722205750216108
1433  -6.792734287958557  0.01721750335078244
1434  -6.792765743244369  0.017212952355113668
1435  -6.792797176787035  0.01720840450527443
1436  -6.792828588655196  0.017203859791333504
1437  -6.792859978916564  0.017199318203494213
1438  -6.792891347638895  0.01719477973195359
1439  -6.792922694889503  0.017190244366972387
1440  -6.792954020735495  0.0171857120988417
1441  -6.792985325243401  0.017181182917935762
1442  -6.793016608479821  0.01717665681461878
1443  -6.793047870510593  0.01717213377936522
1444  -6.793079111401779  0.01716761380261716
1445  -6.793110331218752  0.01716309687491627
1446  -6.793141530026515  0.01715858298685794
1447  -6.793172707890146  0.01715407212902663
1448  -6.793203864874127  0.017149564292092766
1449  -6.793235001042519  0.017145059466788085
1450  -6.793266116459655  0.017140557643804726
1451  -6.793297211188857  0.017136058813981205
1452  -6.793328285293545  0.017131562968141896
1453  -6.793359338836951  0.01712707009713817
1454  -6.793390371881556  0.017122580191930224
1455  -6.79342138449008  0.0171180932434437
1456  -6.793452376724402  0.017113609242725796
1457  -6.793483348646589  0.017109128180796605
1458  -6.793514300318141  0.017104650048758194
1459  -6.793545231800508  0.01710017483771996
1460  -6.793576143154392  0.017095702538899245
1461  -6.793607034440689  0.01709123314348576
1462  -6.793637905719963  0.017086766642716886
1463  -6.7936687570519325  0.017082303027952606
1464  -6.7936995884967395  0.017077842290491342
1465  -6.793730400113903  0.01707338442172186
1466  -6.793761191962753  0.017068929413060156
1467  -6.793791964102144  0.01706447725599125
1468  -6.793822716590874  0.01706002794200786
1469  -6.793853449487303  0.0170555814626667
1470  -6.793884162849525  0.017051137809562397
1471  -6.793914856735697  0.01704669697428096
1472  -6.793945531203153  0.01704225894852689
1473  -6.793976186309399  0.017037823723980515
1474  -6.794006822111227  0.01703339129242485
1475  -6.794037438665625  0.01702896164561476
1476  -6.794068036029044  0.01702453477538298
1477  -6.794098614257678  0.017020110673599268
1478  -6.7941291734075495  0.017015689332158038
1479  -6.794159713534115  0.017011270743035954
1480  -6.794190234693151  0.017006854898163164
1481  -6.794220736939584  0.01700244178959266
1482  -6.794251220328405  0.01699803140936844
1483  -6.794281684914003  0.016993623749621496
1484  -6.79431213075095  0.016989218802455974
1485  -6.794342557893279  0.01698481656005465
1486  -6.794372966394812  0.01698041701463012
1487  -6.794403356309008  0.01697602015844818
1488  -6.79443372768947  0.016971625983753288
1489  -6.794464080588907  0.01696723448291957
1490  -6.794494415060181  0.016962845648298665
1491  -6.794524731155962  0.01695845947227047
1492  -6.794555028928367  0.01695407594729431
1493  -6.794585308429478  0.01694969506583516
1494  -6.79461556971097  0.01694531682041646
1495  -6.794645812824567  0.016940941203554844
1496  -6.794676037821208  0.016936568207880153
1497  -6.794706244752063  0.016932197825989335
1498  -6.7947364336679525  0.01692783005052933
1499  -6.794766604619261  0.01692346487421054
1500  -6.794796757656109  0.016919102289781558
1501  -6.794826892828857  0.016914742289956132
1502  -6.7948570101869326  0.016910384867582822
1503  -6.794887109780079  0.016906030015464816
1504  -6.794917191657197  0.016901677726527262
1505  -6.794947255867619  0.01689732799363234
1506  -6.7949773024600715  0.0168929808097305
1507  -6.795007331482972  0.016888636167816537
1508  -6.795037342984677  0.01688429406089411
1509  -6.795067337013211  0.016879954482015066
1510  -6.795097313616448  0.01687561742425284
1511  -6.795127272841732  0.016871282880757586
1512  -6.7951572147366175  0.016866950844649255
1513  -6.795187139348156  0.016862621309120147
1514  -6.795217046723177  0.016858294267395074
1515  -6.795246936908173  0.016853969712747427
1516  -6.795276809949676  0.016849647638444803
1517  -6.795306665893706  0.016845328037828955
1518  -6.795336504786492  0.016841010904211307
1519  -6.7953663266733075  0.01683669623104193
1520  -6.795396131599677  0.016832384011734033
1521  -6.79542591961111  0.01682807423970337
1522  -6.795455690752235  0.016823766908492806
1523  -6.795485445068017  0.01681946201159701
1524  -6.795515182602987  0.016815159542573094
1525  -6.795544903401253  0.016810859495039354
1526  -6.795574607507225  0.016806561862570513
1527  -6.7956042949644715  0.01680226663886312
1528  -6.79563396581665  0.016797973817600606
1529  -6.795663620107269  0.01679368339248826
1530  -6.795693257879573  0.01678939535726928
1531  -6.795722879176255  0.016785109705766778
1532  -6.795752484040234  0.01678082643177124
1533  -6.795782072514038  0.016776545529129563
1534  -6.795811644639868  0.016772266991736184
1535  -6.795841200459781  0.016767990813506235
1536  -6.795870740015863  0.016763716988350476
1537  -6.795900263349502  0.016759445510280926
1538  -6.795929770502061  0.01675517637331308
1539  -6.795959261515084  0.016750909571436462
1540  -6.795988736429274  0.016746645098761923
1541  -6.796018195285454  0.016742382949383332
1542  -6.796047638124286  0.01673812311741744
1543  -6.7960770649860525  0.016733865597036133
1544  -6.7961064759109435  0.016729610382424775
1545  -6.796135870938792  0.016725357467820265
1546  -6.796165250109296  0.016721106847478916
1547  -6.796194613462076  0.016716858515668592
1548  -6.796223961036317  0.016712612466719748
1549  -6.796253292871241  0.016708368694957693
1550  -6.796282609005626  0.016704127194772118
1551  -6.796311909478049  0.016699887960581625
1552  -6.796341194327261  0.016695650986779505
1553  -6.796370463591084  0.01669141626789372
1554  -6.796399717308147  0.01668718379833542
1555  -6.796428955515799  0.016682953572700925
1556  -6.796458178252001  0.016678725585497767
1557  -6.79648738555393  0.016674499831347327
1558  -6.796516577459077  0.016670276304825364
1559  -6.796545754004455  0.016666055000576527
1560  -6.796574915226763  0.016661835913291453
1561  -6.796604061162753  0.016657619037652695
1562  -6.796633191848867  0.01665340436838778
1563  -6.796662307321298  0.016649191900260336
1564  -6.796691407615979  0.01664498162807127
1565  -6.796720492769208  0.016640773546569176
1566  -6.796749562816102  0.01663656765067318
1567  -6.796778617792428  0.0166323639352086
1568  -6.796807657733284  0.016628162395097124
1569  -6.796836682674015  0.016623963025225237
1570  -6.796865692649176  0.016619765820593404
1571  -6.79689468769376  0.016615570776138743
1572  -6.796923667842011  0.01661137788690682
1573  -6.79695263312828  0.01660718714792765
1574  -6.796981583586753  0.016602998554255167
1575  -6.79701051925133  0.016598812100984666
1576  -6.7970394401556735  0.016594627783245885
1577  -6.797068346333447  0.016590445596168308
1578  -6.797097237817966  0.016586265534931664
1579  -6.797126114642376  0.016582087594740603
1580  -6.797154976839621  0.0165779117708287
1581  -6.797183824442641  0.01657373805843004
1582  -6.7972126574838745  0.016569566452851434
1583  -6.797241475995781  0.016565396949396616
1584  -6.797270280010777  0.016561229543375487
1585  -6.797299069560664  0.01655706423018713
1586  -6.797327844677563  0.01655290100518398
1587  -6.797356605393006  0.01654873986380405
1588  -6.7973853517384875  0.01654458080149063
1589  -6.797414083745538  0.016540423813681867
1590  -6.797442801445192  0.016536268895887735
1591  -6.797471504868287  0.016532116043646492
1592  -6.797500194045857  0.016527965252468243
1593  -6.797528869008227  0.01652381651796538
1594  -6.797557529786305  0.016519669835666134
1595  -6.797586176409947  0.01651552520125088
1596  -6.797614808909327  0.016511382610353984
1597  -6.797643427314315  0.016507242058653896
1598  -6.797672031654926  0.01650310354180799
1599  -6.797700621960423  0.016498967055582476
1600  -6.797729198260332  0.016494832595705274
1601  -6.797757760583795  0.016490700157960336
1602  -6.797786308959903  0.01648656973813855
1603  -6.797814843417544  0.01648244133206061
1604  -6.79784336398535  0.01647831493558371
1605  -6.79787187069184  0.01647419054458175
1606  -6.797900363565476  0.016470068154936988
1607  -6.797928842634477  0.016465947762566498
1608  -6.79795730792672  0.016461829363436955
1609  -6.797985759469994  0.01645771295352789
1610  -6.798014197292164  0.016453598528807786
1611  -6.7980426214206755  0.016449486085305765
1612  -6.798071031882958  0.01644537561905328
1613  -6.7980994287061325  0.016441267126126362
1614  -6.798127811917219  0.01643716060261582
1615  -6.798156181542926  0.01643305604465732
1616  -6.798184537610285  0.016428953448340004
1617  -6.798212880145482  0.016424852809875216
1618  -6.798241209175076  0.016420754125420333
1619  -6.7982695247252165  0.016416657391192108
1620  -6.798297826822069  0.016412562603404707
1621  -6.798326115491244  0.016408469758352882
1622  -6.79835439075857  0.016404378852299766
1623  -6.798382652649724  0.01640028988153034
1624  -6.798410901190037  0.016396202842379574
1625  -6.798439136404657  0.016392117731209164
1626  -6.79846735831881  0.01638803454436924
1627  -6.798495566957262  0.016383953278276627
1628  -6.798523762345059  0.0163798739293078
1629  -6.798551944506389  0.016375796493963108
1630  -6.798580113465995  0.016371720968662722
1631  -6.798608269248166  0.01636764734989247
1632  -6.798636411876929  0.01636357563417596
1633  -6.79866454137628  0.01635950581804156
1634  -6.798692657770295  0.01635543789800594
1635  -6.798720761082264  0.01635137187069937
1636  -6.798748851336065  0.016347307732667175
1637  -6.798776928554792  0.01634324548056815
1638  -6.79880499276196  0.016339185111000055
1639  -6.7988330439803155  0.016335126620671925
1640  -6.798861082233024  0.016331070006232025
1641  -6.798889107542747  0.01632701526440185
1642  -6.798917119932145  0.01632296239190266
1643  -6.7989451194237045  0.016318911385481267
1644  -6.798973106039697  0.016314862241915206
1645  -6.799001079802304  0.016310814957995374
1646  -6.79902904073362  0.016306769530525
1647  -6.799056988855406  0.01630272595635577
1648  -6.799084924189554  0.016298684232320206
1649  -6.799112846757548  0.016294644355310084
1650  -6.799140756580751  0.016290606322234398
1651  -6.79916865368074  0.016286570129971676
1652  -6.799196538078536  0.01628253577548026
1653  -6.799224409794901  0.016278503255756395
1654  -6.799252268850977  0.016274472567741192
1655  -6.799280115267446  0.016270443708442463
1656  -6.799307949064812  0.016266416674893463
1657  -6.7993357702637  0.01626239146411035
1658  -6.799363578884119  0.016258368073198085
1659  -6.799391374946442  0.016254346499209066
1660  -6.799419158470599  0.01625032673925982
1661  -6.799446929476641  0.01624630879044926
1662  -6.7994746879840315  0.016242292649961503
1663  -6.799502434012517  0.01623827831493954
1664  -6.7995301675815165  0.016234265782573795
1665  -6.799557888710398  0.01623025505006212
1666  -6.799585597418391  0.016226246114622304
1667  -6.799613293724406  0.016222238973518394
1668  -6.799640977647514  0.01621823362399104
1669  -6.799668649206335  0.016214230063346442
1670  -6.799696308419602  0.01621022828887434
1671  -6.799723955305856  0.01620622829789198
1672  -6.7997515898834  0.016202230087751433
1673  -6.799779212170542  0.016198233655803737
1674  -6.799806822185317  0.01619423899943951
1675  -6.799834419945695  0.016190246116059143
1676  -6.799862005469662  0.016186255003060063
1677  -6.799889578774719  0.016182265657910377
1678  -6.799917139878509  0.016178278078057374
1679  -6.7999446887986075  0.01617429226095837
1680  -6.799972225552233  0.016170308204121946
1681  -6.799999750156525  0.016166325905068512
1682  -6.800027262628631  0.016162345361317065
1683  -6.8000547629854555  0.0161583665704218
1684  -6.80008225124377  0.016154389529956206
1685  -6.8001097274202635  0.016150414237505836
1686  -6.800137191531431  0.016146440690684008
1687  -6.800164643593789  0.01614246888710121
1688  -6.8001920836235055  0.016138498824418042
1689  -6.800219511636766  0.01613453050029293
1690  -6.800246927649896  0.016130563912363855
1691  -6.800274331678439  0.016126599058381895
1692  -6.8003017237384205  0.016122635936028595
1693  -6.800329103845261  0.01611867454307276
1694  -6.800356472014661  0.016114714877242843
1695  -6.800383828262042  0.01611075693630765
1696  -6.800411172602697  0.016106800718054617
1697  -6.800438505051777  0.016102846220291612
1698  -6.800465825624405  0.016098893440830615
1699  -6.80049313433531  0.016094942377540666
1700  -6.8005204311994945  0.016090993028251215
1701  -6.80054771623163  0.0160870453908394
1702  -6.800574989446154  0.01608309946321666
1703  -6.8006022508576525  0.016079155243272338
1704  -6.80062950048039  0.016075212728942797
1705  -6.800656738328534  0.0160712719181783
1706  -6.800683964416279  0.01606733280892523
1707  -6.800711178757532  0.016063395399171235
1708  -6.800738381366123  0.016059459686915658
1709  -6.800765572255888  0.016055525670156414
1710  -6.800792751440396  0.01605159334693063
1711  -6.80081991893314  0.016047662715285828
1712  -6.800847074747469  0.016043733773290866
1713  -6.800874218896801  0.016039806519004197
1714  -6.800901351394122  0.01603588095054723
1715  -6.800928472252685  0.016031957066002453
1716  -6.800955581485231  0.016028034863526355
1717  -6.800982679104578  0.016024114341264387
1718  -6.8010097651236014  0.016020195497353895
1719  -6.801036839554776  0.016016278329989933
1720  -6.801063902410586  0.01601236283736613
1721  -6.80109095370345  0.016008449017686017
1722  -6.801117993445563  0.01600453686918499
1723  -6.801145021649215  0.016000626390084958
1724  -6.801172038326117  0.01599671757869161
1725  -6.801199043488562  0.01599281043322633
1726  -6.801226037148175  0.015988904952007152
1727  -6.801253019316767  0.015985001133325367
1728  -6.801279990005924  0.015981098975504527
1729  -6.80130694922694  0.01597719847691085
1730  -6.801333896991402  0.01597329963586775
1731  -6.801360833310657  0.015969402450733482
1732  -6.801387758195662  0.015965506919922833
1733  -6.801414671657674  0.01596161304180715
1734  -6.80144157370739  0.01595772081483875
1735  -6.801468464356002  0.01595383023739824
1736  -6.801495343613979  0.015949941307971206
1737  -6.801522211492069  0.01594605402500251
1738  -6.801549068000819  0.015942168386966056
1739  -6.801575913150705  0.015938284392346274
1740  -6.801602746951945  0.01593440203966487
1741  -6.801629569414829  0.01593052132743288
1742  -6.801656380549465  0.015926642254188064
1743  -6.801683180365856  0.0159227648184831
1744  -6.801709968874038  0.01591888901886603
1745  -6.801736746083585  0.015915014853951467
1746  -6.801763512004488  0.015911142322294135
1747  -6.801790266646194  0.015907271422527153
1748  -6.801817010018274  0.015903402153265644
1749  -6.801843742130141  0.015899534513147857
1750  -6.801870462991162  0.015895668500818607
1751  -6.801897172610472  0.01589180411495611
1752  -6.801923870997252  0.015887941354232157
1753  -6.8019505581604776  0.015884080217347975
1754  -6.801977234109073  0.01588022070301249
1755  -6.8020038988518206  0.015876362809955198
1756  -6.8020305523975555  0.015872506536897618
1757  -6.802057194754868  0.015868651882597003
1758  -6.802083825932197  0.015864798845832317
1759  -6.80211044593817  0.01586094742535541
1760  -6.8021370547810704  0.015857097619967737
1761  -6.802163652468991  0.015853249428498504
1762  -6.802190239010269  0.01584940284974146
1763  -6.802216814412933  0.015845557882534934
1764  -6.8022433786848975  0.015841714525733967
1765  -6.802269931833982  0.01583787277820709
1766  -6.802296473868195  0.015834032638795847
1767  -6.802323004795004  0.015830194106419535
1768  -6.80234952462207  0.015826357179969937
1769  -6.802376033356916  0.015822521858358512
1770  -6.802402531006946  0.01581868814051418
1771  -6.802429017579479  0.015814856025377827
1772  -6.802455493081768  0.015811025511900355
1773  -6.802481957520899  0.015807196599056175
1774  -6.802508410903965  0.015803369285819456
1775  -6.8025348532379875  0.015799543571173993
1776  -6.802561284529756  0.015795719454137637
1777  -6.80258770478609  0.015791896933723747
1778  -6.802614114013548  0.015788076008983326
1779  -6.802640512219039  0.015784256678916878
1780  -6.802666899408904  0.015780438942606893
1781  -6.802693275589436  0.015776622799142926
1782  -6.8027196407672275  0.015772808247571234
1783  -6.802745994948478  0.01576899528699473
1784  -6.802772338139223  0.01576518391654024
1785  -6.802798670345684  0.015761374135307735
1786  -6.802824991573928  0.015757565942419276
1787  -6.802851301829806  0.015753759337028415
1788  -6.802877601118965  0.015749954318318136
1789  -6.802903889447422  0.015746150885417823
1790  -6.80293016682073  0.015742349037524212
1791  -6.8029564332445265  0.015738548773821432
1792  -6.802982688724362  0.0157347500935066
1793  -6.803008933265516  0.015730952995815898
1794  -6.803035166873352  0.01572715747997316
1795  -6.803061389553188  0.015723363545209045
1796  -6.803087601310115  0.015719571190787103
1797  -6.80311380214935  0.015715780415952375
1798  -6.803139992075852  0.015711991219987436
1799  -6.803166171094508  0.015708203602185253
1800  -6.803192339210278  0.015704417561828277
1801  -6.803218496427738  0.015700633098254195
1802  -6.8032446427518005  0.015696850210752518
1803  -6.80327077818698  0.015693068898669938
1804  -6.803296902737806  0.015689289161351216
1805  -6.803323016408844  0.01568551099813572
1806  -6.80334911920428  0.015681734408417816
1807  -6.803375211128586  0.01567795939155062
1808  -6.803401292186011  0.015674185946919116
1809  -6.803427362380482  0.015670414073955453
1810  -6.803453421716371  0.01566664377202688
1811  -6.803479470197541  0.015662875040574665
1812  -6.803505507827786  0.01565910787904959
1813  -6.8035315346111584  0.015655342286865676
1814  -6.803557550551398  0.015651578263481673
1815  -6.803583555652106  0.015647815808376504
1816  -6.803609549916963  0.015644054921017777
1817  -6.8036355333496275  0.015640295600876188
1818  -6.803661505953452  0.015636537847466516
1819  -6.803687467731854  0.01563278166029453
1820  -6.80371341868817  0.01562902703887745
1821  -6.80373935882579  0.015625273982724654
1822  -6.803765288147792  0.015621522491390873
1823  -6.803791206657266  0.015617772564429179
1824  -6.80381711435742  0.015614024201375289
1825  -6.80384301125106  0.015610277401823261
1826  -6.803868897341146  0.015606532165344926
1827  -6.803894772630532  0.015602788491527273
1828  -6.803920637122077  0.015599046379956653
1829  -6.803946490818304  0.01559530583026799
1830  -6.803972333721998  0.015591566842058424
1831  -6.803998165835701  0.01558782941496031
1832  -6.804023987161766  0.015584093548632988
1833  -6.804049797702876  0.015580359242688248
1834  -6.8040755974612  0.015576626496812546
1835  -6.804101386439077  0.015572895310667145
1836  -6.804127164638689  0.0155691656839367
1837  -6.804152932062349  0.015565437616286206
1838  -6.804178688712074  0.015561711107424088
1839  -6.804204434589806  0.01555798615706931
1840  -6.804230169697691  0.015554262764911408
1841  -6.804255894037475  0.015550540930697748
1842  -6.8042816076110935  0.015546820654148192
1843  -6.804307310420108  0.01554310193503696
1844  -6.80433300246658  0.015539384773065797
1845  -6.804358683751871  0.01553566916803758
1846  -6.804384354277717  0.015531955119701214
1847  -6.804410014045618  0.015528242627839786
1848  -6.804435663056998  0.015524531692247049
1849  -6.804461301313199  0.015520822312729093
1850  -6.804486928815574  0.015517114489090078
1851  -6.804512545565463  0.015513408221135963
1852  -6.804538151564094  0.01550970350868929
1853  -6.804563746812615  0.015506000351583773
1854  -6.804589331312031  0.015502298749674204
1855  -6.804614905063399  0.015498598702807537
1856  -6.804640468067637  0.015494900210851028
1857  -6.804666020325962  0.0154912032736285
1858  -6.804691561838882  0.015487507891066577
1859  -6.804717092607296  0.015483814063035086
1860  -6.804742612631894  0.015480121789434307
1861  -6.804768121913518  0.015476431070142294
1862  -6.804793620452683  0.015472741905084514
1863  -6.8048191082500304  0.015469054294168314
1864  -6.804844585305975  0.01546536823733356
1865  -6.804870051620902  0.015461683734524603
1866  -6.804895507195426  0.015458000785652525
1867  -6.804920952029698  0.015454319390695479
1868  -6.804946386124102  0.01545063954959782
1869  -6.8049718094788805  0.015446961262324472
1870  -6.804997222094178  0.015443284528854613
1871  -6.805022623970122  0.015439609349169742
1872  -6.805048015106764  0.015435935723262403
1873  -6.805073395504078  0.015432263651136452
1874  -6.805098765162114  0.015428593132784437
1875  -6.80512412408069  0.015424924168232958
1876  -6.805149472259747  0.015421256757490365
1877  -6.805174809699089  0.015417590900585062
1878  -6.805200136398398  0.015413926597563176
1879  -6.805225452357464  0.01541026384845491
1880  -6.805250757575753  0.01540660265333749
1881  -6.805276052053092  0.015402943012236233
1882  -6.805301335788841  0.015399284925243405
1883  -6.805326608782733  0.015395628392397942
1884  -6.805351871033817  0.015391973413837214
1885  -6.805377122542009  0.015388319989573298
1886  -6.805402363306212  0.015384668119765283
1887  -6.805427593325978  0.015381017804477676
1888  -6.805452812600431  0.015377369043837182
1889  -6.805478021128864  0.015373721837946346
1890  -6.8055032189103555  0.015370076186938296
1891  -6.805528405944042  0.015366432090938069
1892  -6.805553582229047  0.015362789550072363
1893  -6.805578747764271  0.015359148564500397
1894  -6.8056039025487145  0.015355509134366608
1895  -6.805629046581333  0.015351871259822243
1896  -6.805654179861004  0.01534823494102973
1897  -6.805679302386498  0.015344600178166919
1898  -6.805704414156667  0.015340966971399831
1899  -6.80572951517021  0.015337335320916728
1900  -6.805754605425827  0.015333705226905735
1901  -6.805779684922187  0.015330076689559479
1902  -6.8058047536577355  0.015326449709102711
1903  -6.805829811631317  0.015322824285702743
1904  -6.805854858841312  0.015319200419593835
1905  -6.8058798952861395  0.015315578111004723
1906  -6.805904920964354  0.015311957360144608
1907  -6.805929935874176  0.015308338167270754
1908  -6.805954940014048  0.015304720532608814
1909  -6.805979933382301  0.015301104456399983
1910  -6.806004915977305  0.015297489938880198
1911  -6.806029887797074  0.015293876980336915
1912  -6.806054848839731  0.015290265581041408
1913  -6.806079799103735  0.015286655741217013
1914  -6.806104738586974  0.015283047461168925
1915  -6.806129667287597  0.0152794407411652
1916  -6.80615458520356  0.015275835581501524
1917  -6.806179492332762  0.015272231982481678
1918  -6.806204388673329  0.01526862994437706
1919  -6.806229274223205  0.015265029467485026
1920  -6.806254148980116  0.015261430552134544
1921  -6.806279012941899  0.015257833198638646
1922  -6.806303866106297  0.015254237407323857
1923  -6.806328708471265  0.015250643178485864
1924  -6.806353540034324  0.015247050512483705
1925  -6.8063783607932375  0.015243459409640562
1926  -6.806403170745725  0.01523986987028669
1927  -6.806427969889331  0.015236281894777142
1928  -6.806452758221576  0.015232695483470697
1929  -6.8064775357400045  0.015229110636722795
1930  -6.806502302442267  0.015225527354873198
1931  -6.8065270583256705  0.015221945638311526
1932  -6.806551803387658  0.01521836548740774
1933  -6.806576537625746  0.015214786902521262
1934  -6.806601261037229  0.01521120988404351
1935  -6.806625973619495  0.015207634432352287
1936  -6.806650675369715  0.015204060547856871
1937  -6.806675366285304  0.015200488230931465
1938  -6.806700046363425  0.015196917481986249
1939  -6.8067247156012005  0.015193348301437828
1940  -6.806749373996119  0.015189780689649355
1941  -6.806774021544869  0.015186214647100144
1942  -6.8067986582449675  0.01518265017414923
1943  -6.8068232840930305  0.015179087271286341
1944  -6.806847899086542  0.015175525938875396
1945  -6.806872503222425  0.015171966177361785
1946  -6.806897096497566  0.015168407987195785
1947  -6.806921678908941  0.015164851368814946
1948  -6.806946250453448  0.015161296322668
1949  -6.806970811128045  0.015157742849195199
1950  -6.80699536092951  0.015154190948862752
1951  -6.807019899854719  0.015150640622122475
1952  -6.807044427900752  0.015147091869397014
1953  -6.8070689450640405  0.015143544691202436
1954  -6.807093451341353  0.015139999088006492
1955  -6.807117946729549  0.015136455060263442
1956  -6.807142431225337  0.015132912608449515
1957  -6.807166904825421  0.015129371733041585
1958  -6.807191367526213  0.015125832434558936
1959  -6.807215819324768  0.015122294713427294
1960  -6.8072402602171405  0.015118758570217857
1961  -6.807264690200381  0.015115224005357124
1962  -6.807289109270625  0.015111691019404343
1963  -6.807313517424774  0.015108159612807858
1964  -6.80733791465918  0.015104629786095303
1965  -6.8073623009700635  0.015101101539813587
1966  -6.80738667635421  0.01509757487442776
1967  -6.807411040808002  0.015094049790461217
1968  -6.807435394327631  0.015090526288465106
1969  -6.807459736909585  0.015087004368947398
1970  -6.807484068550332  0.015083484032419022
1971  -6.807508389245946  0.015079965279448217
1972  -6.807532698992994  0.015076448110531519
1973  -6.807556997787609  0.015072932526228558
1974  -6.807581285626168  0.01506941852706337
1975  -6.80760556250477  0.015065906113600465
1976  -6.807629828419592  0.015062395286392794
1977  -6.8076540833671855  0.015058886045939463
1978  -6.807678327343301  0.015055378392855227
1979  -6.807702560344415  0.01505187232764986
1980  -6.807726782366498  0.015048367850906377
1981  -6.807750993405584  0.015044864963198673
1982  -6.807775193458081  0.015041363665046287
1983  -6.807799382519741  0.015037863957063847
1984  -6.807823560586837  0.01503436583979068
1985  -6.807847727655348  0.01503086931380852
1986  -6.807871883721242  0.015027374379700639
1987  -6.807896028780614  0.015023881038032195
1988  -6.80792016282939  0.015020389289392373
1989  -6.807944285863446  0.01501689913437807
1990  -6.807968397879026  0.015013410573532466
1991  -6.807992498871748  0.015009923607489853
1992  -6.808016588837688  0.0150064382368177
1993  -6.808040667772847  0.015002954462094783
1994  -6.808064735672873  0.014999472283950639
1995  -6.808088792533772  0.014995991702963144
1996  -6.808112838351311  0.014992512719744618
1997  -6.8081368731214935  0.014989035334873578
1998  -6.808160896839881  0.014985559548992024
1999  -6.808184909502608  0.014982085362659074
