0  0.9882034039323078  1.0578221052229746
1  0.9396707318135438  1.0549823444380628
2  0.9411196508560392  1.05506712409881
3  0.9311375485717587  1.0544830478182272
4  0.9404016355114767  1.0550251113323699
5  0.9197103694455127  1.0538144166930863
6  0.8602390913888899  1.0503346123493134
7  0.8148721606002449  1.0476800865348241
8  0.7367468936811361  1.0431087934322159
9  0.9403935121176313  1.0550246360134914
10  0.6673153067795068  1.0390461879932458
11  0.6232010188100077  1.036464957256073
12  0.5648981832788411  1.0330535212324101
13  0.4977065171648615  1.029121978826576
14  0.43077776805101475  1.0252058203127483
15  0.386000748153308  1.0225858115718416
16  0.33826578715969824  1.0197927267409213
17  0.30094043871068965  1.0176087328213348
18  0.28179294563976476  1.0164883679706396
19  0.2623263041157362  1.015349328993379
20  0.2501673481891784  1.0146378798866575
21  0.24002450623799687  1.0140443983501364
22  0.22856139092884253  1.0133736645144185
23  0.2175084337894152  1.012726929997822
24  0.21011949131460028  1.01229458559629
25  0.2034617471540099  1.0119050253277566
26  0.19842194426379312  1.0116101346080306
27  0.1942014958867051  1.0113631862478278
28  0.19164505657371034  1.0112136029713847
29  0.1884153511222013  1.011024625309789
30  0.1857011882480527  1.0108658132568484
31  0.18311753896978666  1.010714637861345
32  0.17962428467205582  1.0105102393369418
33  0.1768982171443304  1.0103507307147233
34  0.17379576292805943  1.0101691988221706
35  0.16989151962383708  1.0099407523644326
36  0.16794168338859505  1.0098266628606796
37  0.1650737310541397  1.0096588522247343
38  0.16232832138347308  1.0094982118482432
39  0.1595146802955122  1.0093335790910594
40  0.15676411910450716  1.009172637286998
41  0.15470153578951873  1.00905195068645
42  0.1531203028672673  1.0089594290294222
43  0.15177529386039113  1.0088807293892348
44  0.14995360942829805  1.0087741383488715
45  0.14865135903191962  1.0086979406155443
46  0.14696993325888807  1.0085995564391834
47  0.14594202129587608  1.008539410892782
48  0.1451299001859161  1.00849189177669
49  0.1435772181697903  1.0084010407003257
50  0.1420295002805666  1.0083104800867009
51  0.14092412522514086  1.0082458019925844
52  0.13942054573605778  1.0081578240205566
53  0.13799445754342843  1.0080743802465286
54  0.13644260871472313  1.0079835779219197
55  0.1352396535926419  1.0079131901886142
56  0.133957766096942  1.0078381839364952
57  0.13275521800235135  1.0077678200193254
58  0.13084590087047376  1.007656101383603
59  0.1299239561739579  1.0076021562311783
60  0.1280526082870863  1.0074926592652775
61  0.12713296005910357  1.0074388484846277
62  0.12578424504133967  1.0073599319970274
63  0.1252530998243644  1.0073288534412337
64  0.12373046503459684  1.0072397604987486
65  0.12295525620730896  1.007194401207126
66  0.12190858559035633  1.0071331580477663
67  0.12029870746686522  1.0070389602926457
68  0.12336028322394066  1.0072181002904128
69  0.1194016014358863  1.0069864685089573
70  0.11804866099500078  1.0069073047819128
71  0.11714720984613869  1.006854558755158
72  0.11635823564523673  1.0068083940191521
73  0.11545309865799325  1.0067554323253256
74  0.11445017970537952  1.006696749178741
75  0.11358577079918786  1.006646170580721
76  0.11295886080227513  1.0066094886024335
77  0.11222099596570978  1.006566314395534
78  0.11173648013789672  1.0065379642349632
79  0.1111954053145413  1.0065063046745477
80  0.11072915259746663  1.0064790231315377
81  0.11000066001804865  1.0064363973174453
82  0.1097712045957947  1.0064229713410555
83  0.1086937334883955  1.0063599259725626
84  0.10831809862181874  1.0063379466931004
85  0.10775155469184694  1.0063047968753587
86  0.10750546037031294  1.0062903973178403
87  0.10672122970526243  1.0062445101372728
88  0.10634492417219521  1.006222491615537
89  0.10594725140580441  1.0061992228467278
90  0.10534291946903895  1.0061638619638384
91  0.10588559244852014  1.0061956150361273
92  0.10496883498791887  1.0061419734010755
93  0.10424294778956489  1.0060995000339568
94  0.10353015273079358  1.006057792718715
95  0.10254227746006628  1.0059999898133376
96  0.10207177179334292  1.0059724594202415
97  0.10123000864478615  1.005923205878759
98  0.10051564723497997  1.0058814069126345
99  0.09986325046385958  1.0058432336432481
100  0.09924406687579768  1.0058070037553133
101  0.09838539345308683  1.0057567607539204
102  0.09787931906315583  1.0057271491511788
103  0.0973493182485955  1.0056961375570619
104  0.09692295043961319  1.0056711897738255
105  0.09611199255676695  1.0056237387208877
106  0.0956619308139881  1.0055974045498617
107  0.09517174751408397  1.00556872277217
108  0.0943023254120503  1.0055178508402713
109  0.09327191303234028  1.0054575589886083
110  0.09239119116475036  1.0054060258808521
111  0.09161359835656369  1.0053605270969006
112  0.09106781373402817  1.0053285919550585
113  0.09066290590220694  1.0053048998455556
114  0.09013697085605643  1.0052741261491103
115  0.08950415504039855  1.0052370986074783
116  0.0888942027207622  1.0052014088627694
117  0.08847300916531764  1.0051767638372764
118  0.08776450820994075  1.005135307780123
119  0.08742115126524252  1.0051152171577813
120  0.08696522699841247  1.0050885399566853
121  0.08622604598507022  1.0050452887371872
122  0.08565023657781845  1.0050115967745792
123  0.08498990343153046  1.004972959129217
124  0.08450957593045128  1.0049448540374935
125  0.08402370779114132  1.0049164247499967
126  0.08421294716781424  1.0049274975909794
127  0.083699181477074  1.004897435952139
128  0.08327643841922594  1.0048727002616162
129  0.08295933885102258  1.0048541460201252
130  0.08267090410128608  1.0048372690245766
131  0.08238020882830766  1.004820259760497
132  0.08197230623732399  1.0047963924205925
133  0.08176508631130641  1.0047842674953809
134  0.08150242017009168  1.0047688982817196
135  0.08115483471419827  1.004748560239243
136  0.08094089539345706  1.0047360421464435
137  0.08047413717375396  1.0047087310252858
138  0.08041025781214972  1.0047049932936065
139  0.07990662314391606  1.0046755244447192
140  0.0797416461420134  1.0046658712523446
141  0.07943817906284212  1.0046481146798476
142  0.07917041863373442  1.0046324473874209
143  0.07894667856446103  1.0046193558297754
144  0.0786875241567041  1.0046041920958977
145  0.07842096011848798  1.0045885948071158
146  0.07805189216590058  1.004566999773235
147  0.07776306374600872  1.0045500997431198
148  0.07756583109019977  1.0045385591965763
149  0.07719394200255458  1.0045167990914488
150  0.07691632033539186  1.0045005547947918
151  0.07649169594256644  1.0044757090229348
152  0.07619518916949064  1.0044583597143169
153  0.07596267974917736  1.0044447550413185
154  0.07572814846601272  1.0044310320643692
155  0.07534400974881694  1.0044085552046078
156  0.07478456001678002  1.0043758204850712
157  0.07434280029588314  1.00434997208487
158  0.0741091574168361  1.004336301090535
159  0.07378259132913312  1.004317192940725
160  0.07337535399824968  1.004293364526753
161  0.0729325668075389  1.004267456006877
162  0.07249888079844458  1.0042420800185412
163  0.07220739461240311  1.004225024476278
164  0.07192019791441795  1.0042082199220492
165  0.07136105109796953  1.004175502926816
166  0.07095517731878587  1.0041517542974612
167  0.07069654739701048  1.0041366212524916
168  0.07009082061944383  1.0041011787541867
169  0.06958816445652038  1.0040717671599462
170  0.06913314737856024  1.0040451430406048
171  0.06844222583771842  1.0040047155963392
172  0.0680057595431185  1.0039791769269597
173  0.06738928139541889  1.003943105340703
174  0.06682321195633423  1.003909983286539
175  0.06627892718297268  1.0038781359043996
176  0.06574271305581258  1.0038467607547499
177  0.06544944948347786  1.0038296012134347
178  0.06498790690764256  1.0038025952718657
179  0.06456180489792529  1.0037776630411694
180  0.06427038694601117  1.0037606114914457
181  0.06391178984627188  1.0037396291317906
182  0.06362238295710632  1.0037226952540776
183  0.06318028172895485  1.0036968268714839
184  0.06289137293582492  1.0036799221385417
185  0.0626446049267062  1.0036654831619785
186  0.062430564135729893  1.003652959131917
187  0.06221592188610836  1.0036403999090953
188  0.061963296232037224  1.0036256181879502
189  0.061663540166557285  1.0036080787555919
190  0.06151427156525979  1.0035993446986797
191  0.06134569435817938  1.0035894808498333
192  0.061173569513038095  1.0035794094203405
193  0.06100293065263529  1.0035694249393095
194  0.06063821889308163  1.0035480847965281
195  0.060435527464227756  1.0035362248443358
196  0.060183974268929075  1.0035215058752756
197  0.06004653028163476  1.003513463704338
198  0.059897387182419215  1.0035047369908476
199  0.05977225082922344  1.003497414968526
200  0.059605456492717424  1.00348765543963
201  0.0593272421047355  1.003471376461484
202  0.05934945244042178  1.0034726760404593
203  0.05916354379241762  1.0034617980882443
204  0.058891087126776265  1.0034458560079733
205  0.0587058452425917  1.0034350170696775
206  0.058534760411783404  1.0034250064938692
207  0.058404918870697986  1.0034174091599386
208  0.0584325420270051  1.0034190254557784
209  0.05832255317649471  1.003412589749463
210  0.058236325368776876  1.0034075443576427
211  0.05816448424495346  1.0034033407645317
212  0.05803506067102904  1.0033957678868426
213  0.05784811516605959  1.0033848292656882
214  0.057888175702801026  1.0033871733019073
215  0.0577486121138977  1.0033790071080946
216  0.05764532155156932  1.0033729633343738
217  0.057561210099303706  1.0033680417754882
218  0.05743273469349619  1.0033605243773456
219  0.05740316142215052  1.0033587939756887
220  0.057229503465399234  1.0033486328402301
221  0.05718523746520343  1.0033460427324536
222  0.0571383345883939  1.0033432983348254
223  0.057314715050088894  1.0033536187704513
224  0.05712219151499165  1.0033423537656354
225  0.0570815777497079  1.003339977358713
226  0.057022742662190984  1.003336534779374
227  0.056988133562926424  1.003334509719582
228  0.05693904174604758  1.0033316372419223
229  0.056912543460972964  1.003330086764944
230  0.05687102861126303  1.0033276576334527
231  0.056811021619925794  1.003324146483265
232  0.05690594001379501  1.0033297003817196
233  0.056782096734051546  1.0033224540201668
234  0.05672659781334466  1.0033192066477938
235  0.05668321001994092  1.0033166679259622
236  0.05662800082921271  1.0033134375063717
237  0.05660216952124142  1.0033119260557921
238  0.056551873766592875  1.003308983132902
239  0.05652339340300949  1.0033073166798485
240  0.05647525042836765  1.0033044997211795
241  0.05648717865059638  1.0033051976695149
242  0.05644279934514085  1.0033026009319814
243  0.05639136319063942  1.0032995912816138
244  0.0563311926068506  1.003296070559247
245  0.05627353014036118  1.003292696592722
246  0.05619850907103374  1.003288306933521
247  0.05623260086679449  1.0032903017246682
248  0.05615432903797468  1.003285721855884
249  0.05608448560314172  1.0032816351522538
250  0.05603511927018989  1.0032787466120132
251  0.05599230373749087  1.003276241374501
252  0.055953101559122365  1.0032739475628492
253  0.05589425406754911  1.0032705042577195
254  0.0558325514633643  1.0032668938932363
255  0.05575153577687697  1.0032621534748871
256  0.05573260541175917  1.0032610458147035
257  0.05565537102504281  1.003256526649097
258  0.0556214901071449  1.0032545441969094
259  0.05556381120748244  1.0032511692688406
260  0.055494083781925996  1.0032470893531864
261  0.05539619606200574  1.0032413617124813
262  0.05536202617319952  1.0032393623519265
263  0.0552713103597684  1.0032340543563367
264  0.05524096194954087  1.003232278599481
265  0.055169093798252966  1.0032280734249295
266  0.05506751557734979  1.0032221298443325
267  0.05500702357935139  1.0032185903152644
268  0.054958438785346786  1.0032157475047054
269  0.05490945021642013  1.003212881068326
270  0.05485521625265055  1.0032097077115585
271  0.05479222571481002  1.003206021987048
272  0.05474165235737838  1.0032030628209663
273  0.05468811504351068  1.0031999302268226
274  0.05463825651995624  1.0031970128873522
275  0.05460165267602257  1.0031948711103587
276  0.05456988753618264  1.0031930124573212
277  0.05453347001587949  1.0031908815825614
278  0.054463724585305684  1.0031868006133913
279  0.05441124340421599  1.0031837298160602
280  0.05437140697495346  1.0031813988928968
281  0.05432747153022799  1.0031788281266982
282  0.05430120403464056  1.0031772911537555
283  0.05427742304618233  1.0031758996721927
284  0.054245954286376685  1.003174058361048
285  0.054218988701063675  1.0031724805412336
286  0.0542197730631665  1.003172526436105
287  0.05419746354059796  1.0031712210534718
288  0.0541671747075716  1.0031694487826184
289  0.05414959701334687  1.0031684202703899
290  0.054131781456672856  1.00316737784027
291  0.054105963903807175  1.0031658671945343
292  0.05408994429112801  1.0031649298493215
293  0.054056168670084004  1.0031629535583007
294  0.05404309296017318  1.0031621884677624
295  0.054027882188469656  1.0031612984497373
296  0.05400248301449884  1.0031598122843344
297  0.05401932188861913  1.003160797566461
298  0.05398870394876487  1.0031590060387925
299  0.053960991717161955  1.0031573845309478
300  0.053943248934140264  1.0031563463589857
301  0.05392549738726371  1.00315530767423
302  0.05391100029024276  1.0031544594149888
303  0.053893845010680064  1.0031534556192359
304  0.053870191392517364  1.0031520715904083
305  0.05385768159604365  1.003151339612796
306  0.05384291224956772  1.0031504754235994
307  0.053821925316655195  1.0031492474287975
308  0.0538057625401166  1.0031483017067304
309  0.053783070101601216  1.0031469739187848
310  0.05376708436815392  1.0031460385559257
311  0.053754783183537325  1.0031453187846837
312  0.05374338657855848  1.003144651942524
313  0.053730924784350154  1.003143922773637
314  0.053714274355494585  1.0031429485178862
315  0.053702199069643575  1.0031422419645124
316  0.05368723501982742  1.003141366382765
317  0.05367293814667007  1.0031405298390932
318  0.05366899004912862  1.003140298826621
319  0.05364882505480917  1.003139118925379
320  0.05364275083153547  1.0031387635082902
321  0.053633755179522624  1.003138237151535
322  0.053621520135367584  1.003137521250327
323  0.0536262196642604  1.0031377962308148
324  0.05361407473009605  1.0031370856021544
325  0.0536033955461529  1.0031364607379865
326  0.05359695108276097  1.0031360836572774
327  0.05358716586699919  1.0031355111012903
328  0.05357717018421693  1.0031349262303828
329  0.0535682443965132  1.0031344039615526
330  0.053557083231208114  1.0031337508955218
331  0.053548990074275715  1.003133277345876
332  0.05353770064374974  1.0031326167747456
333  0.05352689289298607  1.0031319843878306
334  0.05351906868113532  1.0031315265747944
335  0.05350175626065212  1.0031305135843565
336  0.05347619287660821  1.003129017810636
337  0.053526041340941743  1.003131934561518
338  0.0534670195212148  1.003128481056038
339  0.05345139823345668  1.003127567017753
340  0.053441494280548785  1.0031269875141764
341  0.053435796022487714  1.003126654095696
342  0.05341955716565283  1.003125703921992
343  0.05341189107422628  1.0031252553609535
344  0.05340393037457347  1.003124789561695
345  0.053393216124715814  1.003124162645738
346  0.053376794846366926  1.0031232017981222
347  0.05335922105726565  1.0031221735143918
348  0.05334563285926941  1.0031213784369701
349  0.05332977015398077  1.0031204502727777
350  0.05332464614368493  1.0031201504548848
351  0.05330873243632994  1.0031192193064415
352  0.05330265147479685  1.0031188634950812
353  0.05329225413134997  1.0031182551220634
354  0.05327452562714552  1.0031172177855885
355  0.05328656242825047  1.0031179220871294
356  0.053265883341868436  1.003116712105152
357  0.05325660654623854  1.0031161692980224
358  0.05324971699410552  1.0031157661741243
359  0.05323769134580725  1.0031150625251604
360  0.05322646702081435  1.0031144057635077
361  0.05321540372024136  1.0031137584237724
362  0.05320841124190001  1.0031133492774198
363  0.053199572759837443  1.003112832117048
364  0.05319198527754643  1.003112388155615
365  0.053180257386688856  1.0031117019291391
366  0.053167555855313964  1.003110958732667
367  0.053155251086038136  1.0031102387516782
368  0.05314353740222055  1.0031095533564898
369  0.05313319582425513  1.0031089482464417
370  0.05311953574868855  1.0031081489632945
371  0.05311183059565239  1.0031076981166693
372  0.05310223073628928  1.003107136406321
373  0.053082038679825194  1.0031059549216095
374  0.05306789330601758  1.0031051272425209
375  0.05305028898149011  1.003104097172091
376  0.053036621666502026  1.0031032974653482
377  0.05302510684402051  1.0031026237060043
378  0.05300906789072213  1.0031016852291263
379  0.05299210547566968  1.0031006927183295
380  0.05297235309570636  1.003099536960124
381  0.0529508638231343  1.0030982795722474
382  0.052952895710375536  1.0030983984627484
383  0.0529329073798358  1.00309722889852
384  0.052907679503884864  1.003095752756167
385  0.05289141478584125  1.0030948010692629
386  0.05287307084999071  1.003093727722435
387  0.05284539159990165  1.0030921081444162
388  0.05281837921892085  1.003090527586477
389  0.05279002611251338  1.0030888685795405
390  0.05276855353484289  1.0030876121685217
391  0.05275122726367587  1.0030865983676478
392  0.05272386132846574  1.0030849971224194
393  0.05271622706966439  1.0030845504239825
394  0.0526959431742271  1.003083363565557
395  0.05268299439252255  1.0030826059018862
396  0.05266877459290997  1.0030817738679687
397  0.05264314390322067  1.0030802741560367
398  0.05260501915759941  1.0030780433875086
399  0.05258447256369636  1.0030768411579778
400  0.05254808016640755  1.0030747117532246
401  0.05253553250032694  1.0030739775597726
402  0.05252288629104751  1.0030732376003264
403  0.05248775932466043  1.0030711822389113
404  0.05246048795910674  1.003069586527176
405  0.052409048432303984  1.003066576679487
406  0.052370408789646494  1.0030643157831225
407  0.052338948434856314  1.003062474963775
408  0.05230568264804725  1.0030605285043543
409  0.05226277852724137  1.003058018083344
410  0.0522016916227771  1.0030544437448996
411  0.05216605148920539  1.0030523583568658
412  0.05212244023103951  1.0030498065595854
413  0.05206783136315063  1.003046611266296
414  0.052028478820533075  1.003044308656478
415  0.05196815404399313  1.0030407789119309
416  0.05191222833244635  1.003037506567022
417  0.051865944487230364  1.0030347983903878
418  0.051836542549168696  1.0030330780138443
419  0.051782738683670226  1.003029929823138
420  0.05171857220303333  1.003026175291449
421  0.051658113284609675  1.0030226376979448
422  0.05161189951067391  1.0030199336213461
423  0.051568298852279426  1.0030173824442832
424  0.05151536236114618  1.003014285005691
425  0.05146260201642372  1.0030111978738394
426  0.051421433779419656  1.0030087890234727
427  0.051379659125967536  1.0030063446902535
428  0.051335685215824656  1.003003771673353
429  0.05128662614175461  1.0030009011115522
430  0.051240166148556865  1.0029981826280852
431  0.05117545635336218  1.002994396305784
432  0.05115808734055027  1.0029933800039956
433  0.05109867954317249  1.0029899039140557
434  0.051070349682553196  1.0029882462672848
435  0.051038938949278134  1.002986408351409
436  0.051000180552713825  1.0029841405064737
437  0.05105739628274486  1.002987488333398
438  0.05097508866656453  1.002982672321204
439  0.05093794521108885  1.0029804989702702
440  0.05090350825981038  1.002978483983262
441  0.05086755015458566  1.002976379989959
442  0.05082936003722094  1.0029741453963763
443  0.05078902798235818  1.0029717854729931
444  0.050739531003826555  1.0029688892883724
445  0.050702422817185955  1.0029667180011008
446  0.05064614440801951  1.002963425019025
447  0.05060348762956213  1.002960929070597
448  0.05057411589625305  1.0029592104614047
449  0.05053158592709428  1.002956721932887
450  0.05048858853693128  1.0029542060544672
451  0.05043848028237696  1.0029512741026485
452  0.050382537967571306  1.002948000786244
453  0.05034547415436319  1.0029458320953664
454  0.05029565222351884  1.0029429168970214
455  0.05028699934688885  1.0029424105968598
456  0.05022356290755248  1.0029386987816042
457  0.05020121658602161  1.0029373912457775
458  0.05017141139216208  1.002935647273789
459  0.05012377302208881  1.00293285984072
460  0.050171781483898004  1.0029356689287265
461  0.05009485441434136  1.0029311677449697
462  0.0500473109890649  1.0029283858673441
463  0.050012361921094484  1.0029263409151838
464  0.0499798504525778  1.0029244385927003
465  0.049950096692403356  1.0029226976302175
466  0.049929299546256245  1.0029214807402858
467  0.049888563222839966  1.0029190971621988
468  0.04986619348044807  1.0029177882559623
469  0.04982787587320192  1.002915546202647
470  0.04979880515616364  1.0029138452066244
471  0.049767763168184986  1.0029120288669031
472  0.049719308103604254  1.002909193647118
473  0.049705863444537535  1.0029084069684966
474  0.04966088657528678  1.0029057752661001
475  0.04964660948147903  1.0029049398797645
476  0.04961567413306145  1.0029031297797748
477  0.04957094696726294  1.0029005126881143
478  0.04954546568536422  1.0028990217183837
479  0.049506133347358094  1.002896720290785
480  0.049487079158441194  1.00289560538538
481  0.0494628676352552  1.0028941887122176
482  0.04941403703112335  1.0028913315187298
483  0.04939729358751599  1.002890351820467
484  0.04933945681727314  1.0028869676550194
485  0.04931633107440547  1.002885614513417
486  0.04928716332265115  1.0028839078396654
487  0.04924283982193667  1.0028813143673982
488  0.04920136516978968  1.002878887587961
489  0.049169844509611704  1.0028770432400038
490  0.04914032585429007  1.0028753160340587
491  0.049118334139749975  1.0028740292471208
492  0.049089674660946714  1.0028723523136147
493  0.04905238366760145  1.002870170329893
494  0.049020778893764994  1.0028683210602478
495  0.04898984477782975  1.0028665110323733
496  0.04896341224393652  1.002864964402651
497  0.04893974201536677  1.0028635794019098
498  0.048923748089964136  1.00286264355972
499  0.04889654233043783  1.0028610516867476
500  0.04888076872256675  1.0028601287358545
501  0.048859597802535126  1.0028588899755337
502  0.04884326196880262  1.0028579341274835
503  0.048812182810810234  1.0028561156128573
504  0.04879678969958212  1.0028552149257177
505  0.048779961704240815  1.0028542302801342
506  0.048758744210571026  1.0028529887946802
507  0.04873178847846349  1.0028514115514
508  0.048709951054001  1.0028501337923375
509  0.04868720504127755  1.002848802869639
510  0.04865986410684964  1.002847203087265
511  0.04862788731877532  1.0028453320501918
512  0.04859339422748721  1.0028433137782997
513  0.04856010074745798  1.0028413656984834
514  0.04852681741619136  1.0028394182124951
515  0.04849159510080936  1.0028373572719862
516  0.04845444038747404  1.0028351832623283
517  0.048425439622493016  1.0028334863593655
518  0.04839193041560952  1.0028315256568634
519  0.04834902633660043  1.0028290152382988
520  0.0483009068206941  1.0028261996522554
521  0.04824611982131455  1.0028229939360738
522  0.04820341392143124  1.0028204951134356
523  0.0481715391314913  1.0028186300445132
524  0.04811375862387013  1.002815249171124
525  0.048092872219330896  1.0028140270584736
526  0.048058036723433006  1.0028119887516824
527  0.04802066360796198  1.002809801962802
528  0.04798826138807066  1.0028079060327126
529  0.04795140451024604  1.002805749450111
530  0.04791811832300019  1.0028038017970127
531  0.047896026613567066  1.0028025091591384
532  0.0478707903871608  1.0028010325281809
533  0.04783651388718779  1.0027990269295557
534  0.047813374826969124  1.002797673008724
535  0.047784451037696574  1.0027959806097906
536  0.0477705605700014  1.002795167845858
537  0.047747948313248134  1.002793844749536
538  0.047732396077311834  1.0027929347516356
539  0.04770219137550746  1.0027911674034975
540  0.04768651719776651  1.0027902502704953
541  0.04766660303331127  1.0027890850458987
542  0.04763547713573135  1.0027872637964295
543  0.04763382073423772  1.0027871668764825
544  0.04761492369359943  1.0027860611661927
545  0.04759258741101591  1.0027847542177684
546  0.047571931393684985  1.002783545585615
547  0.047546951807065474  1.0027820839712551
548  0.04751699208821203  1.0027803309576457
549  0.04748309392007777  1.0027783474961065
550  0.04746473369677018  1.002777273196261
551  0.04744716966389795  1.0027762454833906
552  0.0474273515193413  1.0027750858771443
553  0.047407951029281525  1.0027739507088447
554  0.04737297547910613  1.0027719042071483
555  0.04738511144975632  1.0027726143113325
556  0.04735574652786345  1.002770896100692
557  0.047327812656959733  1.0027692616242105
558  0.04730921917537745  1.0027681736758751
559  0.047293356913231  1.0027672455376118
560  0.047275910465231274  1.0027662247049087
561  0.04726022829902188  1.0027653071044824
562  0.047244979942594356  1.0027644148872867
563  0.04723016794996959  1.0027635482027635
564  0.0472091171381912  1.002762316470259
565  0.04718657491520606  1.0027609974717773
566  0.047151280609924795  1.00275893231897
567  0.047130584399998066  1.0027577213350538
568  0.047107378653861276  1.002756363512272
569  0.04708623136186307  1.002755126134483
570  0.04705768789486742  1.0027534559891005
571  0.04704010837536121  1.0027524273700708
572  0.04701881459368151  1.0027511814208259
573  0.04699322646265003  1.002749684199101
574  0.0469608471437456  1.002747789609002
575  0.046922974181934474  1.002745573572937
576  0.04689502265473855  1.002743938063344
577  0.04686285740508955  1.0027420559989408
578  0.04683585579236471  1.0027404760710779
579  0.046785492184530875  1.0027375291779381
580  0.04674079978905665  1.0027349141207713
581  0.0466788686548405  1.0027312903844587
582  0.04658708417888324  1.0027259198589116
583  0.046530540822915634  1.002722611374175
584  0.04645138190613207  1.0027179795997878
585  0.04635063597016631  1.00271208471814
586  0.0462439262573654  1.0027058408818839
587  0.04615372976944543  1.0027005632732515
588  0.04604328221478948  1.0026941007270778
589  0.04588022042027873  1.0026845595979919
590  0.04578424564427386  1.002678943888134
591  0.045635223498509014  1.0026702242519148
592  0.04542913519334302  1.0026581655405005
593  0.045325317111072794  1.0026520909003473
594  0.04518949420484253  1.0026441435826752
595  0.04506872398570516  1.0026370770331257
596  0.044976280053159234  1.0026316679212228
597  0.04486076532975902  1.0026249088830888
598  0.044702274478833126  1.002615635210662
599  0.04453466485106594  1.0026058279771568
600  0.0443676079144083  1.0025960530829081
601  0.04427760498526234  1.0025907867998545
602  0.044139123165170546  1.002582683902879
603  0.043994785814825854  1.0025742383850575
604  0.04383572557949722  1.0025649313966103
605  0.04371263797582914  1.002557729251442
606  0.04361091864799693  1.0025517774143466
607  0.043501635393600635  1.0025453829941193
608  0.04338470847710052  1.002538541325246
609  0.04328556599672251  1.0025327402655557
610  0.04320496242784211  1.002528023961177
611  0.04313606414786375  1.00252399256078
612  0.04305830315994186  1.0025194425824984
613  0.042991391464215156  1.0025155274218185
614  0.04294857069361213  1.0025130218778242
615  0.042872434147063765  1.0025085669494278
616  0.04284228981115401  1.00250680313344
617  0.0427904969813131  1.0025037726131598
618  0.04275929456644256  1.0025019468864835
619  0.04272310670874291  1.0024998294498229
620  0.04268496812792755  1.002497597871765
621  0.0426261719557719  1.0024941575694553
622  0.04259354156469153  1.002492248288533
623  0.042559759008235276  1.0024902715917048
624  0.04254266734441192  1.0024892715182585
625  0.042497417543673754  1.0024866238459986
626  0.04247086575190395  1.0024850702382175
627  0.04244200723603264  1.0024833816585843
628  0.04239312972712006  1.0024805217205877
629  0.042393550237244226  1.002480546325624
630  0.042358684558014725  1.002478506252735
631  0.042303778062558806  1.0024752935445567
632  0.042274213120729764  1.0024735636302795
633  0.042244244339821546  1.002471810086428
634  0.04221948393530539  1.0024703612969281
635  0.04219115130503892  1.0024687034880986
636  0.04214887157759495  1.002466229601812
637  0.04212240095695885  1.0024646807435451
638  0.04208319009037054  1.0024623864235247
639  0.04204417174210018  1.002460103368204
640  0.04201456741455234  1.0024583711493755
641  0.04196862506513244  1.0024556829544637
642  0.041927869109448346  1.0024532982276466
643  0.0418866222838854  1.0024508847788787
644  0.041849987937953026  1.0024487412171417
645  0.04181996345566652  1.002446984414071
646  0.04177057208132817  1.0024440944086
647  0.04173437446745132  1.0024419764010826
648  0.041691240009647634  1.0024394525025127
649  0.04166424317327311  1.002437872854125
650  0.04163162469088233  1.0024359642700083
651  0.041590142209661174  1.0024335370324733
652  0.04155289696161213  1.0024313577254165
653  0.04149805334892642  1.002428148696657
654  0.04144472526194065  1.0024250283448704
655  0.04138539718676437  1.002421556919664
656  0.04132311725673565  1.0024179127744877
657  0.041284081330906  1.002415628690663
658  0.04123413919736674  1.0024127064589754
659  0.041149595931408656  1.0024077596336551
660  0.04109363929975052  1.0024044854795378
661  0.041029516657396736  1.00240073351293
662  0.04095494035706593  1.0023963698782088
663  0.04089519483839743  1.0023928740274022
664  0.04085115707914588  1.0023902972745402
665  0.040790203238929346  1.0023867307219978
666  0.040765690941672705  1.002385296449837
667  0.040699982925043066  1.002381451719252
668  0.040670915141526875  1.0023797508948766
669  0.04064279626206779  1.0023781055931094
670  0.04059113838136508  1.0023750829690206
671  0.04062894819796903  1.0023772953103112
672  0.040562520399006985  1.0023734084635687
673  0.040508569167623354  1.002370251650138
674  0.0404750404239983  1.0023682898044954
675  0.040437488307937364  1.0023660925418696
676  0.04041713913973033  1.0023649018641805
677  0.04039192174531492  1.0023634263351269
678  0.040364767256029555  1.0023618374620968
679  0.04034516708735614  1.002360690610132
680  0.04030561663214016  1.0023583764199826
681  0.04031216429325213  1.002358759539033
682  0.0402828080396882  1.002357041835597
683  0.04026213983512372  1.0023558324903403
684  0.04023535004614498  1.002354264956783
685  0.040207427501340764  1.002352631143018
686  0.04017724398842659  1.002350865034692
687  0.04015573056639632  1.0023496062337736
688  0.04013280681709663  1.00234826491129
689  0.0401131135088767  1.0023471126095111
690  0.04008622202712475  1.0023455391256704
691  0.040048179878846235  1.002343313190107
692  0.04004447692785673  1.0023430965217361
693  0.04002483398893031  1.002341947167183
694  0.040005760292815884  1.0023408311203659
695  0.03998529704665876  1.0023396337677077
696  0.03996322752612047  1.0023383424281578
697  0.03995163372395272  1.0023376640475268
698  0.03992065102355802  1.0023358511768614
699  0.03991119331283388  1.0023352977839644
700  0.039897898342386884  1.0023345198639764
701  0.03989009471415217  1.0023340632553357
702  0.03986698007884426  1.0023327107636628
703  0.0398556164289251  1.002332045849781
704  0.03984697897689571  1.0023315404521493
705  0.03983365106300529  1.0023307606045628
706  0.8095528015027966  1.0473688383239521
707  0.03983365028069663  1.0023307605587881
708  0.0398241400738939  1.002330204094222
709  0.8094227828334342  1.0473612306258295
710  0.03982413993615164  1.0023302040861624
711  0.8093470757252733  1.047356800824883
712  0.03982413987617617  1.0023302040826532
713  0.03981464051217887  1.002329648252525
714  0.8098153635904164  1.047384201449193
715  0.0398146402506665  1.0023296482372233
716  0.8096365911283927  1.0473737410520023
717  0.039814640136401236  1.0023296482305375
718  0.039814639070180124  1.0023296481681503
719  0.809465965303742  1.0473637573337238
720  0.039814639041679034  1.0023296481664825
721  0.8094086006534476  1.047360400793125
722  0.03981463902873261  1.0023296481657251
723  0.03981463900961579  1.0023296481646065
724  0.8093532385104107  1.047357161423935
725  0.03981463900679172  1.0023296481644413
726  0.8093344862963634  1.0473560641877897
727  0.03981463900518978  1.0023296481643476
728  0.03981463900395199  1.0023296481642752
729  0.039813405710785066  1.0023295760013913
730  0.039812609648706254  1.002329529421927
731  0.039812342233809916  1.0023295137748525
732  0.8103956193059705  1.0474181535757567
733  0.03981234157786662  1.0023295137364718
734  0.03981233458935629  1.0023295133275576
735  0.8098574354357443  1.0473866631718076
736  0.03981233441874066  1.0023295133175745
737  0.0398123342553901  1.0023295133080163
738  0.8095933174464638  1.0473712090071017
739  0.03981233421767083  1.0023295133058094
740  0.8093691406531497  1.0473580918957053
741  0.039812334217761425  1.0023295133058145
742  0.03981233421767083  1.0023295133058094
743  0.8105714635350724  1.0474284426351521
744  0.03981233293119213  1.0023295132305343
745  0.039812324387201614  1.0023295127306056
746  0.8099434517183164  1.0473916961867942
747  0.03981232406896762  1.002329512711985
748  0.8097338485047076  1.0473794318098206
749  0.039812323928504756  1.0023295127037661
750  0.039812323236702696  1.0023295126632872
751  0.8095323311532812  1.0473676405556598
752  0.03981232320571604  1.002329512661474
753  0.8093909981642902  1.0473593708300866
754  0.03981232320497541  1.0023295126614307
755  0.8093418572674737  1.0473564954806442
756  0.039812323198977206  1.0023295126610796
757  0.03981232320425199  1.0023295126613883
758  0.039812323198977206  1.0023295126610796
759  0.8119924706832721  1.047511589105321
760  0.039812319757096204  1.0023295124596872
761  0.8101632758019878  1.0474045586109126
762  0.03981231939210994  1.002329512438331
763  0.03981231902792992  1.002329512417022
764  0.8097443434787682  1.0473800458954352
765  0.039812318938604374  1.0023295124117952
766  0.8095041344172395  1.0473659906983208
767  0.039812318926874535  1.002329512411109
768  0.80934179636654  1.0473564919171874
769  0.039812318924023704  1.0023295124109421
770  0.03981231892079129  1.002329512410753
771  0.809337294259605  1.0473562284883227
772  0.03981231892430925  1.0023295124109588
773  0.03981231892079129  1.002329512410753
774  0.8124515270382028  1.0475384495722577
775  0.039812313778865405  1.0023295121098867
776  0.8101141949203665  1.0474016867731004
777  0.03981231341580049  1.002329512088643
778  0.03981231305733224  1.0023295120676683
779  0.8097194618264668  1.0473785900114423
780  0.03981231296926979  1.0023295120625155
781  0.809382217920655  1.0473588570773822
782  0.03981231296023169  1.0023295120619866
783  0.03981231296350762  1.0023295120621782
784  0.03981231296023169  1.0023295120619866
785  0.81115401684227  1.0474625291992063
786  0.039812311068544215  1.0023295119512996
787  0.03981227376277219  1.002329509768451
788  0.8102307861385802  1.0474085087994776
789  0.03981227328651937  1.0023295097405842
790  0.03981227282514843  1.0023295097135885
791  0.8097789303334815  1.0473820696536458
792  0.039812272688361294  1.0023295097055849
793  0.03981227257667386  1.0023295096990497
794  0.8095554715826235  1.0473689945566023
795  0.03981227254822872  1.0023295096973852
796  0.8093815003721396  1.047358815091931
797  0.03981227254992514  1.0023295096974845
798  0.03981227254822872  1.0023295096973852
799  0.8114908251742318  1.0474822366468162
800  0.03981226961112605  1.0023295095255285
801  0.03981226669334759  1.0023295093548024
802  0.8103917964215764  1.0474179298898
803  0.039812265962590465  1.0023295093120441
804  0.8097505565173322  1.0473804094349333
805  0.03981226583320441  1.0023295093044735
806  0.039812265721634876  1.0023295092979452
807  0.8095413453314126  1.047368167996422
808  0.039812265687829584  1.0023295092959672
809  0.039812265665772006  1.0023295092946767
810  0.8094373610798394  1.047362083633312
811  0.03981226565248741  1.002329509293899
812  0.039812265656738455  1.002329509294148
813  0.03981226565248741  1.002329509293899
814  0.8445526411638511  1.0494167612552188
815  0.8093405699612863  1.0473564201573318
816  0.03981226566237972  1.0023295092944782
817  0.039812265656865686  1.0023295092941555
818  0.03981226565248741  1.002329509293899
819  0.03981226565677087  1.0023295092941498
820  0.03981226565248741  1.002329509293899
821  0.03981226565361118  1.002329509293965
822  0.03981226565248741  1.002329509293899
823  0.03981226565270246  1.0023295092939117
824  0.03981226565248741  1.002329509293899
825  0.03981226565311957  1.0023295092939362
826  0.03981226565248741  1.002329509293899
827  0.03981226565248763  1.002329509293899
828  0.03981226565248741  1.002329509293899
829  0.03981226565248719  1.002329509293899
830  0.03981226565248763  1.002329509293899
831  0.03981226565248719  1.002329509293899
832  0.039812265652487855  1.002329509293899
833  0.03981226565248719  1.002329509293899
834  0.03981226565248763  1.002329509293899
835  0.03981226565248719  1.002329509293899
836  0.03981226565248719  1.002329509293899
