0  0.9889908009687224  1.0578681776753773
1  0.9207218018830078  1.053873597983693
2  0.9291483618449641  1.0543666558246687
3  0.9008060414739799  1.0527082800042324
4  0.9198581338245186  1.0538230627344143
5  0.8897988631002405  1.052064224110879
6  0.7880783107066284  1.0461123153637144
7  0.9658312573067523  1.0565130583090507
8  0.7142813340317357  1.0417942807025777
9  0.622256625290864  1.036409698570241
10  0.5394032227847974  1.0315617511348005
11  0.4473685938269625  1.0261765885472387
12  0.42254993201988067  1.0247243902763241
13  0.3471384190933827  1.020311885302036
14  0.3134305652382179  1.018339559498767
15  0.27735083094716884  1.0162284493930007
16  0.2500267580977621  1.0146296536297685
17  0.2358056896261823  1.013797545468357
18  0.2296979811965918  1.0134401690840198
19  0.22245964126825024  1.0130166367916693
20  0.21804931828883223  1.0127585784219362
21  0.21285179906392282  1.01245445934855
22  0.21075867283453498  1.0123319856102497
23  0.20794846347578877  1.012167553651613
24  0.2044693309583614  1.011963981425787
25  0.20185618243505177  1.0118110799600797
26  0.20018032319298973  1.0117130214945373
27  0.19828615526409388  1.0116021892743094
28  0.19654997194277368  1.0115006011050194
29  0.19647008623072348  1.0114959268041317
30  0.19509896922713466  1.011415699523656
31  0.19324847491019914  1.0113074227491756
32  0.19186708366028848  1.0112265942983842
33  0.19009798405406275  1.0111230801198519
34  0.18859260160825853  1.0110349966525862
35  0.18711775826611776  1.0109487001000979
36  0.18496114531754237  1.0108225116045497
37  0.18357858753752965  1.0107416148973387
38  0.1817155004502502  1.0106326012902498
39  0.1793759406320996  1.0104957081431079
40  0.17812747287141273  1.010422657358281
41  0.17619401345825936  1.0103095261009034
42  0.17474034045478426  1.0102244682747186
43  0.17305882446572596  1.010126078819606
44  0.1710394057194513  1.010007917879488
45  0.16869251691724396  1.0098705958962528
46  0.16659165859247338  1.0097476697348673
47  0.1644446684703118  1.0096220442935238
48  0.16245647838650568  1.0095057106158905
49  0.16018607150561803  1.009372863769742
50  0.1582605885472147  1.0092601992334909
51  0.15592267092121304  1.0091234021748738
52  0.1542524214438452  1.0090256719498567
53  0.15236109295105016  1.0089150058717127
54  0.150527196497807  1.008807700277272
55  0.14895422483039578  1.0087156620056934
56  0.1470604723157829  1.0086048540923322
57  0.14514605435017813  1.0084928369948323
58  0.14372196615642674  1.0084095102454422
59  0.14189654652694528  1.0083027006498955
60  0.13964630695324465  1.00817103384032
61  0.13728986803284726  1.0080331530572095
62  0.13530139273425568  1.0079168026909884
63  0.13378267513520226  1.0078279389525444
64  0.132393518960763  1.0077466561577575
65  0.1307090108929193  1.0076480916290782
66  0.12914813779200074  1.0075567612730787
67  0.12751402375763654  1.0074611454178153
68  0.12653118546480613  1.0074036372378605
69  0.12528925197972074  1.0073309687888663
70  0.12410683327745642  1.0072617826897818
71  0.12302397201729676  1.0071984219307746
72  0.12167905373019339  1.0071197275988144
73  0.12050086699575635  1.0070507891221203
74  0.11901281019548537  1.0069637194191214
75  0.11708802340516222  1.0068510956173018
76  0.11559852459654885  1.0067639415390035
77  0.11435715553922399  1.006691306116005
78  0.11320788269980964  1.0066240594593086
79  0.11234386326737089  1.0065735036503136
80  0.11158600096303095  1.0065291593445445
81  0.11065896891646632  1.006474916519304
82  0.10983065665360581  1.0064264500207776
83  0.10925979049926349  1.0063930472995226
84  0.1085144108459396  1.0063494333830212
85  0.10770960556293374  1.0063023423331698
86  0.10695467268947134  1.0062581694352908
87  0.10591908361584801  1.0061975746830925
88  0.10517701529129908  1.0061541545202253
89  0.10431011005331692  1.0061034298559612
90  0.10320817019583228  1.006038952763355
91  0.1021762841293915  1.005978574682816
92  0.10119843708325438  1.0059213585524438
93  0.10015891201094251  1.0058605334957054
94  0.09942561209625167  1.0058176263931204
95  0.09864661156957688  1.0057720452402497
96  0.09787731161749313  1.005727031690812
97  0.09700829610223638  1.0056761835492616
98  0.09626205051846703  1.0056325189651334
99  0.09529165198398337  1.0055757386646955
100  0.09453719685732953  1.0055315937209057
101  0.09344278759321001  1.005467557261028
102  0.09258636302653755  1.0054174458454908
103  0.09165193346175227  1.0053627701740617
104  0.0899692656394323  1.0052643133224761
105  0.08939705242404239  1.0052308317815113
106  0.08813447828236798  1.0051569555991573
107  0.08759196588739149  1.0051252119230454
108  0.0866969953199912  1.005072845090353
109  0.08593843802548973  1.005028460119075
110  0.08452576808729007  1.004945801478671
111  0.08408708090277028  1.0049201328597992
112  0.08341337051962161  1.0048807124808476
113  0.08290412414947457  1.0048509152780838
114  0.08238543686817701  1.004820565665405
115  0.08197600856104925  1.0047966090522606
116  0.08162771866898111  1.0047762297915668
117  0.0809430183526727  1.00473616636578
118  0.08061245319081578  1.0047168242207358
119  0.08018336844573426  1.0046917174631786
120  0.07999442952315416  1.0046806622024715
121  0.0797015625205274  1.0046635258653824
122  0.07931138354738376  1.0046406955760403
123  0.07891742374295452  1.0046176440613674
124  0.0786034300929409  1.0045992715544543
125  0.07823108336727835  1.0045774846718498
126  0.07802045548711967  1.0045651603392267
127  0.07774665490043675  1.004549139622975
128  0.0772378051535445  1.0045193656275706
129  0.07694850418583343  1.004502437947571
130  0.076515516684318  1.0044771028305564
131  0.07599332992880281  1.0044465484554115
132  0.07575846080133652  1.0044328057103975
133  0.07540893122648606  1.0044123539129488
134  0.07509417072120128  1.00439393653553
135  0.07488149972018754  1.0043814926551007
136  0.074502482923961  1.004359315490981
137  0.07465261724858419  1.0043681002034008
138  0.07433381903735203  1.0043494465703113
139  0.07411703711843032  1.004336762150407
140  0.07382341667997405  1.0043195817280157
141  0.07365892804257579  1.0043099571109968
142  0.07342259954192765  1.0042961289746262
143  0.07312915501138473  1.0042789588450205
144  0.07281553511197769  1.0042606082071344
145  0.0725188783931352  1.0042432501248368
146  0.07224242147967452  1.0042270739806582
147  0.07193037810636493  1.0042088155890216
148  0.07181012351486182  1.0042017792100577
149  0.07151065465435236  1.004184256582738
150  0.07135847230414383  1.0041753520355245
151  0.0711826324973488  1.0041650632348884
152  0.07091979276442162  1.0041496838639679
153  0.07070309765896399  1.0041370045237235
154  0.07054719384654118  1.0041278822250037
155  0.07042329536925584  1.004120632633713
156  0.07030564655980953  1.0041137487251857
157  0.07013876658138551  1.0041039841851793
158  0.07002941939744056  1.0040975860242836
159  0.06991977776162295  1.0040911706343165
160  0.06981521881406716  1.0040850526443932
161  0.06970162852661277  1.0040784062095323
162  0.06958141623778824  1.0040713723057977
163  0.06946100546583711  1.0040643267883484
164  0.06937853413572037  1.004059501196867
165  0.06927144198233737  1.004053234983113
166  0.06910202859291859  1.0040433222072715
167  0.06897423005160153  1.004035844414062
168  0.06886145699787727  1.0040292457974687
169  0.06878790098941157  1.0040249418624243
170  0.06870057463509927  1.004019832192059
171  0.06856673163371552  1.004012000723276
172  0.06842677512339834  1.0040038115387073
173  0.06831426465814894  1.003997228286783
174  0.06819960451895823  1.0039905192523813
175  0.0681504584156063  1.003987643598292
176  0.06800679484430261  1.0039792375048668
177  0.06794037813694953  1.0039753513071206
178  0.06785055574656174  1.0039700955878146
179  0.06768606091743212  1.0039604706085028
180  0.06751664789684209  1.0039505578542423
181  0.06737778885787715  1.0039424328853033
182  0.06724032222997067  1.0039343893896104
183  0.06714856792294477  1.0039290206293183
184  0.06701231747854841  1.0039210482953826
185  0.06682562246884904  1.0039101243312953
186  0.06670355615394419  1.0039029819441343
187  0.06660540317647645  1.0038972387825864
188  0.06642738880172727  1.0038868227428652
189  0.06627446708699758  1.0038778749336947
190  0.06614609216171052  1.0038703634149038
191  0.065952240547277  1.0038590207010425
192  0.0658398158796818  1.003852442469341
193  0.06570441512839331  1.0038445198529475
194  0.06551398809030862  1.0038333775191024
195  0.06540863546426956  1.0038272130891843
196  0.06531469628359476  1.0038217164867966
197  0.06516572937563014  1.0038130000826708
198  0.06507277755718366  1.0038075612531694
199  0.06500613141526301  1.003803661630667
200  0.06478812340166773  1.00379090546908
201  0.06471322365356247  1.0037865229086689
202  0.06463254174379274  1.0037818020203804
203  0.06449391084940681  1.0037736904007173
204  0.06437642541237154  1.003766816051494
205  0.06416791680558354  1.0037546157225397
206  0.06407455900540482  1.0037491531380922
207  0.06390301953592992  1.0037391159603062
208  0.06381609434273716  1.0037340297628219
209  0.0637005238319025  1.0037272674604338
210  0.06361543252957313  1.0037222885682167
211  0.06353154091793967  1.0037173798727235
212  0.06348547487865108  1.0037146844404266
213  0.06329765755230521  1.0037036948069529
214  0.06322756891342707  1.0036995937558575
215  0.0631353770999965  1.0036941993960367
216  0.06302108815558916  1.0036875120811146
217  0.06293988506503312  1.0036827606973124
218  0.06288885770297825  1.0036797749663524
219  0.06280535055958258  1.003674888767
220  0.06274564677426986  1.00367139535811
221  0.06267358244397814  1.0036671787046634
222  0.06262008816120712  1.0036640486283706
223  0.06258457624454439  1.0036619707426095
224  0.06254839234999754  1.0036598535378425
225  0.06249706572306557  1.0036568502961905
226  0.06245027207927889  1.003654112290043
227  0.062390372095669444  1.0036506074011293
228  0.06233067551360938  1.0036471144137185
229  0.06224531569507619  1.0036421198099865
230  0.06216647062301528  1.0036375063993923
231  0.06208196537041044  1.0036325617983226
232  0.06199757224298452  1.0036276237579609
233  0.06192120291352543  1.0036231552088888
234  0.061848601896074884  1.0036189071526145
235  0.061692147980951795  1.003609752666092
236  0.06159194025316872  1.0036038892762709
237  0.06151316320207556  1.0035992798457432
238  0.06142828933441713  1.0035943136761398
239  0.06130566443550567  1.003587138604915
240  0.06120044627870369  1.0035809820431085
241  0.061029716214807794  1.0035709922255465
242  0.060932538226460276  1.0035653061129048
243  0.060826987269537725  1.0035591300781803
244  0.06069804821751712  1.0035515855510075
245  0.060518764186188845  1.003541095220694
246  0.06044479988527396  1.003536767395498
247  0.06036864716456425  1.0035323115207133
248  0.06027805097008221  1.0035270105243097
249  0.06019119866836742  1.0035219285918768
250  0.060106718959916705  1.0035169854854558
251  0.060011627434582326  1.0035114214566723
252  0.059935909182862734  1.0035069910036896
253  0.059797645210751926  1.0034989008535118
254  0.059748616182757286  1.0034960320497774
255  0.05967495078479401  1.0034917217140962
256  0.059592913700663774  1.0034869215313686
257  0.05951466164011132  1.0034823428192725
258  0.0594416661320285  1.0034780716804235
259  0.05938864835342028  1.0034749694855098
260  0.05932200171083868  1.0034710698337126
261  0.05926518459169472  1.003467745330449
262  0.05918618299821288  1.0034631227614184
263  0.059156521476410706  1.0034613871960194
264  0.05910586708746024  1.0034584232885928
265  0.05910882853007282  1.0034585965695648
266  0.059074706507818764  1.0034566000097946
267  0.05903210110666279  1.0034541070675735
268  0.05899072122951332  1.0034516858336442
269  0.058957276552027094  1.0034497289069093
270  0.05892869839980974  1.0034480567320128
271  0.05889844976110015  1.003446286813023
272  0.05886380720799145  1.0034442597957682
273  0.05883344316506378  1.0034424831242064
274  0.058797515084626495  1.0034403808877244
275  0.05876834690857491  1.0034386741891457
276  0.058747655444924884  1.0034374634829453
277  0.05872276944837196  1.0034360073447601
278  0.05869377013605204  1.0034343105267955
279  0.05866022684213468  1.0034323478297813
280  0.05863151731561922  1.0034306679678655
281  0.05860202158093064  1.0034289421030609
282  0.058576178963023806  1.0034274299907104
283  0.05854800778356695  1.0034257816287475
284  0.05852102804059767  1.0034242029805354
285  0.05849879113380663  1.0034229018468221
286  0.05846722947792016  1.0034210551001095
287  0.05845324277032593  1.003420236704954
288  0.05842966624546697  1.0034188571870373
289  0.05841181836277942  1.0034178128654465
290  0.058393851316314915  1.003416761571303
291  0.05836489770657183  1.0034150674275037
292  0.05838960001250948  1.0034165128175192
293  0.058345511067354305  1.0034139330696497
294  0.05831124251969222  1.0034119279363332
295  0.058284975246688964  1.0034103909764143
296  0.05825938945615561  1.0034088938916372
297  0.05823587482020376  1.0034075179949862
298  0.05821056413604986  1.0034060370073306
299  0.058191368051555226  1.0034049137992813
300  0.058169278714883976  1.003403621300243
301  0.05814330086789754  1.003402101275321
302  0.05812227503782841  1.003400871004555
303  0.05816230971713776  1.003403213527795
304  0.05810794971505484  1.0034000327962291
305  0.05808406046353454  1.00339863497994
306  0.058062823059535584  1.0033973923294859
307  0.058039918939255086  1.0033960521555423
308  0.05802576687123073  1.0033952240847595
309  0.05800301888429782  1.003393893046545
310  0.057980426570938826  1.0033925711171578
311  0.057961151201978645  1.0033914432699882
312  0.05793430837550251  1.003389872633082
313  0.057914903062791345  1.0033887371825978
314  0.05788949124405185  1.0033872502773198
315  0.05787244983716655  1.0033862531445248
316  0.05785302939623205  1.0033851168088528
317  0.05782752183903728  1.0033836243016925
318  0.05780101531004955  1.0033820733423433
319  0.05777450175281629  1.003380521971755
320  0.05775686121928758  1.0033794897826513
321  0.057726737341940004  1.0033777271637423
322  0.057698982745748806  1.0033761031770456
323  0.05767626418658023  1.0033747738607193
324  0.057656151750955065  1.0033735970348103
325  0.05763468161987251  1.0033723407669473
326  0.05760489544126124  1.0033705979075855
327  0.057589429211136633  1.0033696929420874
328  0.057562807222579004  1.003368135226927
329  0.057559845094907636  1.0033679619058709
330  0.057544340066724375  1.003367054670207
331  0.057518378478409904  1.0033655355966182
332  0.05748854226695843  1.0033637898097174
333  0.057464742534326096  1.0033623972313888
334  0.05744129377636353  1.0033610251894136
335  0.057420824041306884  1.0033598274570747
336  0.05739698162668838  1.0033584323813227
337  0.05738144182986993  1.0033575231112641
338  0.05736268733928185  1.0033564257419132
339  0.057339546685382436  1.0033550717278312
340  0.057317668804343413  1.0033537916015591
341  0.05730074724351342  1.0033528014812387
342  0.05727429006669715  1.0033512534096012
343  0.057259254156161066  1.0033503736231144
344  0.05724400478624936  1.0033494813466173
345  0.05722784168691586  1.0033485356056628
346  0.057218270581826935  1.0033479755777948
347  0.057204027544568437  1.003347142184188
348  0.05719461523499503  1.003346591447819
349  0.05718793583846038  1.003346200620619
350  0.057176631022011426  1.0033455391492219
351  0.05716697256666514  1.0033449740102849
352  0.05715933313088062  1.0033445270089307
353  0.0571505873393493  1.0033440152720998
354  0.05714563358115843  1.0033437254160578
355  0.05713893674940751  1.0033433335686823
356  0.05712895303836041  1.0033427493982694
357  0.057121196271661234  1.0033422955316076
358  0.05711358394003807  1.0033418501161813
359  0.05710860180932942  1.0033415585999967
360  0.05710175757330549  1.0033411581276508
361  0.0570993928643424  1.0033410197629677
362  0.057083839158160066  1.00334010967904
363  0.05707954076801136  1.0033398581701234
364  0.057073577387579344  1.0033395092387096
365  0.05706608509825384  1.0033390708472407
366  0.05707951391076804  1.0033398565986429
367  0.05706140771863266  1.0033387971627588
368  0.057052633117017804  1.0033382837401823
369  0.057047388892523365  1.0033379768882738
370  0.05704187880939793  1.0033376544803514
371  0.057037378892075385  1.003337391179606
372  0.057032394246502194  1.0033370995162705
373  0.057027083612191554  1.0033367887785674
374  0.05702274968139687  1.0033365351900843
375  0.057016989004097796  1.0033361981193074
376  0.057011562853731435  1.0033358806224881
377  0.05700828713587924  1.003335688952533
378  0.05700439903182253  1.0033354614504204
379  0.05700036951815135  1.0033352256740988
380  0.05699441048769205  1.0033348769972124
381  0.05699203897784133  1.0033347382345936
382  0.05698744774853559  1.0033344695909694
383  0.05698406330112227  1.0033342715589915
384  0.056980373102202275  1.0033340556367742
385  0.056981414940102004  1.0033341165971597
386  0.05697803098228138  1.0033339185938295
387  0.056974750543575925  1.0033337266476456
388  0.056971447026609834  1.0033335333510989
389  0.05696844040281135  1.0033333574264696
390  0.05696639679368365  1.0033332378500932
391  0.05696281419990912  1.003333028224106
392  0.05696097734299399  1.0033329207452877
393  0.05695905041213767  1.0033328079960318
394  0.05695608629317417  1.0033326345584601
395  0.05695664383510224  1.0033326671815497
396  0.05695382902340018  1.003332502480297
397  0.05695066453779829  1.0033323173188022
398  0.05694863908093373  1.0033321988045576
399  0.056946262344389265  1.0033320597361128
400  0.05694531562647154  1.003332004341421
401  0.056942817135687385  1.0033318581488493
402  0.056941492193126275  1.003331780623344
403  0.056940023191347944  1.003331694668595
404  0.056937270379428306  1.0033315335950956
405  0.05693915436074004  1.003331643831273
406  0.05693560555344357  1.0033314361822119
407  0.05693352795797946  1.0033313146172151
408  0.05693216441414439  1.0033312348330587
409  0.05693044783203838  1.0033311343918023
410  0.05692902459022442  1.0033310511145768
411  0.05692709540190466  1.003330938233231
412  0.056925877527247204  1.0033308669725207
413  0.0569245998366239  1.0033307922118375
414  0.05692297306722527  1.0033306970257343
415  0.05692167728516928  1.0033306212064785
416  0.05692038390422205  1.0033305455277175
417  0.056919561533901875  1.0033304974088961
418  0.056918730189068234  1.0033304487649548
419  0.05691839320995151  1.003330429047514
420  0.05691636133955136  1.0033303101579985
421  0.056915632920078285  1.003330267536462
422  0.05691481749960092  1.003330219824292
423  0.05691362012658563  1.003330149763181
424  0.05691427288870465  1.0033301879578278
425  0.05691272830599914  1.0033300975806612
426  0.056911184135109205  1.0033300072275908
427  0.056910090330036245  1.0033299432264835
428  0.056908549056103985  1.0033298530429209
429  0.056907672998115166  1.0033298017827077
430  0.05690634729108224  1.0033297242124715
431  0.05690547458017858  1.003329673148104
432  0.05690463360251019  1.003329623940523
433  0.05690370302845704  1.0033295694904465
434  0.05690276715545717  1.0033295147303163
435  0.05690179173090826  1.003329457655932
436  0.05690111617903015  1.0033294181278027
437  0.05690038097055472  1.0033293751090258
438  0.05689941442070112  1.0033293185539207
439  0.05689884749899199  1.0033292853819982
440  0.056898225882925035  1.0033292490097803
441  0.05689791573861103  1.003329230862507
442  0.05689667594401204  1.0033291583192094
443  0.056896180490417  1.003329129329054
444  0.056895762147319284  1.0033291048508157
445  0.056895158628481046  1.0033290695375092
446  0.05689643875725747  1.0033291444408543
447  0.056894788954713116  1.0033290479070276
448  0.05689406659865981  1.003329005640276
449  0.05689356625548303  1.00332897636402
450  0.05689280121734608  1.0033289315998393
451  0.0568923110426216  1.0033289029185635
452  0.056891682157003576  1.0033288661209872
453  0.056891040883258026  1.003328828598552
454  0.05689044156084799  1.0033287935307884
455  0.05688979861729304  1.0033287559106487
456  0.056889240783345896  1.0033287232704726
457  0.05688867007720133  1.0033286898771139
458  0.05688832092411811  1.0033286694473458
459  0.05688782532078007  1.003328640448429
460  0.05688718217586597  1.0033286028165076
461  0.05688681315249633  1.0033285812240822
462  0.05688576741943918  1.0033285200357818
463  0.0568862959275227  1.0033285509600327
464  0.05688518687711008  1.0033284860668847
465  0.05688441011861889  1.0033284406169187
466  0.05688384504338606  1.003328407553038
467  0.05688327523108849  1.0033283742119803
468  0.05688248108938421  1.0033283277448815
469  0.056881804824093996  1.003328288175009
470  0.056880962440316374  1.003328238885153
471  0.05688054061663994  1.0033282142032576
472  0.056879693328485414  1.0033281646264351
473  0.056880467634578435  1.0033282099329055
474  0.05687914697707053  1.003328132658129
475  0.056878223178691734  1.0033280786045131
476  0.05687726108649127  1.0033280223102359
477  0.056876262561746715  1.0033279638842048
478  0.05687496055697372  1.0033278877008434
479  0.05687364868899236  1.0033278109403625
480  0.056872507029598784  1.0033277441391864
481  0.056871404036309636  1.003327679600455
482  0.05687060056105109  1.003327632587228
483  0.05686892432945889  1.0033275345069754
484  0.056867769977375526  1.0033274669631203
485  0.056866693940493596  1.0033274040016715
486  0.05686525525643238  1.0033273198208839
487  0.05686420367199274  1.003327258290205
488  0.056862748475938196  1.0033271731432616
489  0.05686020574705808  1.0033270243622148
490  0.05686129227516956  1.0033270879375298
491  0.05685856933590938  1.00332692861195
492  0.05685664214052044  1.0033268158472153
493  0.05685431086814341  1.003326679438986
494  0.05685290497472428  1.0033265971768557
495  0.05685090772819068  1.0033264803132638
496  0.05684822000572154  1.0033263230483012
497  0.05684599174234217  1.0033261926673704
498  0.056841247054021715  1.003325915044498
499  0.056841637700527414  1.003325937902144
500  0.05683817910295119  1.0033257355314658
501  0.05683507820683176  1.003325554090741
502  0.05683225078081755  1.0033253886513955
503  0.056829608694767164  1.003325234056727
504  0.05682613674633641  1.0033250309048591
505  0.0568229137265408  1.003324842318391
506  0.05681976625197738  1.003324658152252
507  0.05681695165591638  1.0033244934636172
508  0.05681343845604181  1.0033242878980302
509  0.056808976437833336  1.0033240268148509
510  0.05680553938086552  1.0033238257045642
511  0.056802919673910046  1.0033236724193493
512  0.05680156836314054  1.0033235933509783
513  0.0567965521323458  1.0033232998395174
514  0.05679440023335591  1.0033231739268467
515  0.05679211928550987  1.0033230404632238
516  0.05678837756485433  1.0033228215263483
517  0.056789321066465615  1.0033228767328466
518  0.05678547057898686  1.0033226514317686
519  0.0567822597719867  1.0033224635598998
520  0.05677979106796849  1.0033223191102218
521  0.05677700967005639  1.0033221563640888
522  0.05677414501762901  1.003321988746538
523  0.056771493282406604  1.003321833587274
524  0.05676860769284198  1.0033216647446421
525  0.056766305046479615  1.003321530011388
526  0.05676312297888897  1.0033213438211297
527  0.05676074637896833  1.0033212047606792
528  0.05675908075656333  1.003321107301195
529  0.05675727302320277  1.0033210015264646
530  0.056755557102070364  1.0033209011238837
531  0.05675420435712786  1.0033208219715957
532  0.05675207579006891  1.003320697424131
533  0.05675287725729572  1.0033207443198635
534  0.05675094536535408  1.0033206312803225
535  0.056749242738290406  1.0033205316556089
536  0.056746433496227655  1.0033203672802489
537  0.05674432176619737  1.0033202437179585
538  0.05674193650223591  1.0033201041505544
539  0.056739292937048935  1.0033199494693381
540  0.056737520248126394  1.0033198457451404
541  0.056735188441086604  1.0033197093056265
542  0.05673321472211379  1.0033195938186876
543  0.056730444516562506  1.0033194317274459
544  0.05672653358611057  1.0033192028897073
545  0.05673527793424016  1.0033197145420814
546  0.05672515438562564  1.0033191221894433
547  0.05672268205491582  1.003318977527559
548  0.056721255060415254  1.003318894030755
549  0.0567192725284793  1.0033187780281487
550  0.05671725971280728  1.00331866025357
551  0.05671487175546619  1.00331852052857
552  0.056713080426109785  1.0033184157136765
553  0.0567106768264094  1.003318275073405
554  0.05670922268335543  1.0033181899880752
555  0.05670737682067861  1.0033180819823089
556  0.05670475557542953  1.0033179286070846
557  0.056703304245910635  1.0033178436863814
558  0.05670267086897729  1.0033178066260073
559  0.05669975635108104  1.0033176360907108
560  0.056699047283536586  1.0033175946015014
561  0.05669719784713578  1.003317486386628
562  0.056695713186409646  1.0033173995156373
563  0.05669350847353083  1.0033172705127016
564  0.05669238885761796  1.0033172050013415
565  0.056691123610885574  1.0033171309687796
566  0.05668996464111187  1.0033170631547326
567  0.05668850471913234  1.003316977731264
568  0.0566874401337264  1.0033169154398682
569  0.056686633279070975  1.0033168682289049
570  0.056684415338444705  1.0033167384519825
571  0.056683240454693196  1.003316669706771
572  0.05668146720054834  1.0033165659495007
573  0.05668059437610762  1.0033165148784902
574  0.056679660800479814  1.0033164602527844
575  0.05667826669402687  1.0033163786803374
576  0.05667699941044735  1.0033163045285947
577  0.05667591036989961  1.003316240806271
578  0.05667467539697568  1.0033161685451009
579  0.056673691217734024  1.003316110958459
580  0.05667143879504477  1.0033159791639101
581  0.056670290086169195  1.0033159119502522
582  0.05666907881124095  1.0033158410757073
583  0.05666888303692863  1.0033158296204918
584  0.056667336425200165  1.0033157391246024
585  0.05666683050137289  1.0033157095218095
586  0.056666335353108055  1.0033156805495198
587  0.05666556135568401  1.0033156352611103
588  0.05666526352462464  1.0033156178343148
589  0.05666352317761569  1.0033155160025182
590  0.0566630516900023  1.003315488414669
591  0.05666227940062607  1.0033154432262015
592  0.21034843306148387  1.0123079815163256
593  0.05666227939936497  1.0033154432261278
594  0.21019812522666803  1.0122991866514164
595  0.05666227939882673  1.003315443226096
596  0.056662279400079174  1.0033154432261695
597  0.05666227939882673  1.003315443226096
