0  0.9889908009687229  1.057868177675377
1  0.9787125760730684  1.0572667745643811
2  0.9210058306151405  1.0538902171727893
3  0.9978673145829191  1.0583875633627478
4  0.9009804382097425  1.0527184843673885
5  0.8104552959093206  1.047421645394166
6  0.8138890395891154  1.0476225618123565
7  0.7975945045446217  1.0466691302453808
8  0.7110009074646455  1.041602335229223
9  0.618062213569502  1.0361642736759975
10  0.5680023854788026  1.033235155403599
11  0.54971373156307  1.032165043251694
12  0.5060420031775669  1.029609707716593
13  0.497614363146366  1.0291165866782255
14  0.4620681789898138  1.0270366958456332
15  0.41831343020561607  1.0244765025917573
16  0.34485943119883267  1.020178536360597
17  0.32541336076028504  1.0190407010459275
18  0.314529604054815  1.018403866844648
19  0.5827698796564869  1.03409923621816
20  0.29277832223485  1.0171311481906502
21  0.2839283051817205  1.0166133128793826
22  0.2789334303588611  1.0163210510065397
23  0.2733279967956517  1.0159930639058854
24  0.2701469961115972  1.0158069360747772
25  0.2633774590289978  1.0154108345394626
26  0.2552439066949137  1.0149349212638894
27  0.24265224694354648  1.0141981536387443
28  0.23618579763678016  1.0138197864819958
29  0.239543497511159  1.0140162533982917
30  0.22732750988565487  1.0133014672327374
31  0.22492467364775104  1.0131608716334624
32  0.22242123213749732  1.013014389383098
33  0.2231773701362817  1.0130586327956939
34  0.22132032492915477  1.012949972713222
35  0.22045029751468825  1.0128990653630692
36  0.21971071115703555  1.012855790425922
37  0.2189923299142722  1.0128137562499175
38  0.2183189187328327  1.0127743533779616
39  0.21764796786481477  1.0127350944647302
40  0.21701313275026035  1.012697948769171
41  0.21637303994849377  1.012660495433968
42  0.21576021853684046  1.0126246378119375
43  0.21514032768478297  1.012588366540323
44  0.21454256096335267  1.012553389803623
45  0.2139370778977937  1.0125179615654807
46  0.2133496457456563  1.012483589528735
47  0.21275508719609104  1.0124488005097159
48  0.21217796618399054  1.0124150318020235
49  0.2115913628614582  1.012380708262047
50  0.2110098173945344  1.0123466806690975
51  0.21043334848292483  1.0123129501173385
52  0.20992419791431238  1.0122831585201475
53  0.2093408328977322  1.0122490244610685
54  0.20827929153463765  1.0121869111793784
55  0.20644074835603532  1.0120793336941085
56  0.20400131993047688  1.0119365969998761
57  0.20848759104215797  1.0121990992734426
58  0.20371214177622354  1.0119196765059808
59  0.20342626490491977  1.011902949177915
60  0.20313954631388986  1.0118861725988484
61  0.2028577929316856  1.0118696865458274
62  0.20257331847745186  1.0118530412764828
63  0.20229181084221992  1.011836569602695
64  0.20200826335185118  1.011819978572186
65  0.20172846885683127  1.011803607138261
66  0.20144546203455804  1.0117870477435138
67  0.2011643745296633  1.0117706006525402
68  0.20088114552562897  1.0117540282574156
69  0.20060156882120894  1.011737669566931
70  0.20031782600206827  1.0117210671072758
71  0.20003361492077587  1.0117044372485013
72  0.19974896040311707  1.011687781443222
73  0.1994716610656012  1.0116715560068308
74  0.19918561008952673  1.0116548184914853
75  0.19888531014238264  1.0116372472353319
76  0.19860117974045877  1.0116206220972968
77  0.19835275488416138  1.0116060861747087
78  0.19807208088669315  1.011589663279027
79  0.19766521072060506  1.011565856348731
80  0.19757041303385803  1.0115603095131342
81  0.19707354383631004  1.0115312365278477
82  0.19668496915521194  1.0115085001094057
83  0.1961679751230463  1.0114782495727161
84  0.1961067731017686  1.011474668498516
85  0.19589036331292797  1.0114620058528179
86  0.19561457253672043  1.0114458686858967
87  0.19535206758032653  1.0114305089035385
88  0.19507283094447836  1.0114141701112658
89  0.194739254277831  1.0113946517559937
90  0.19449265072263822  1.0113802224020167
91  0.19425730595646729  1.0113664518262637
92  0.19403173512502236  1.011353253146418
93  0.19380073441666856  1.0113397367517043
94  0.1935672055155141  1.0113260724264839
95  0.19333435728445547  1.0113124479288718
96  0.1931049511850187  1.0112990248384757
97  0.19287212531158515  1.0112854016490609
98  0.19263849039183922  1.0112717311204433
99  0.19240409257516555  1.0112580159529325
100  0.19217204874579064  1.0112444385227546
101  0.19193670138991215  1.0112306677954719
102  0.1917003660471257  1.0112168392587513
103  0.19146315831822747  1.0112029596766678
104  0.19122845242432585  1.011189226482834
105  0.19098980158135614  1.0111752624607522
106  0.19074874262914554  1.0111611575345354
107  0.19050789393189627  1.011147064910831
108  0.1902715776644952  1.0111332374902562
109  0.19002907361500532  1.0111190480079988
110  0.18977891524608848  1.0111044106535105
111  0.1895343686945441  1.0110901016596547
112  0.1893030410559564  1.0110765661354841
113  0.1890579789764899  1.0110622269768768
114  0.18878270161597943  1.0110461198511156
115  0.18854299716109335  1.0110320941797226
116  0.1883271194359325  1.0110194626663218
117  0.18810078792323204  1.0110062194772267
118  0.1878635878528544  1.0109923403432612
119  0.1876335435388442  1.01097887990943
120  0.1874114494228286  1.0109658846603804
121  0.18718318816792534  1.0109525285575307
122  0.18695006237999034  1.0109388878194128
123  0.1867188648480128  1.010925359908086
124  0.18649206032397503  1.0109120890419852
125  0.18626041021940187  1.0108985346495714
126  0.18602518246669297  1.0108847709205513
127  0.1857908565781946  1.010871059961727
128  0.18556043073057404  1.010857577203467
129  0.18532499088628285  1.0108438010644694
130  0.18508523068032434  1.0108297721309503
131  0.18484706715291221  1.010815836622848
132  0.18461427395247632  1.0108022153452068
133  0.1843749135674535  1.0107882098061507
134  0.18412775679898086  1.0107737480823635
135  0.18388574923279966  1.0107595876505124
136  0.18365426624258085  1.0107460430363526
137  0.18341201328337742  1.0107318682459785
138  0.18315137698710682  1.0107166178033187
139  0.18290834092670427  1.0107023971918518
140  0.18268576213684318  1.0106893735833957
141  0.18244812235631325  1.0106754687209552
142  0.18218319998772947  1.0106599674901244
143  0.18194629285123876  1.0106461054964098
144  0.18172573878286968  1.0106332003591698
145  0.18149863378137665  1.0106199119114265
146  0.18126758052073821  1.010606392441755
147  0.18103758357454636  1.010592934779526
148  0.180810248204614  1.0105796328523835
149  0.18057994124205912  1.010566157050368
150  0.18034891662958807  1.010552639256968
151  0.18011681860584372  1.01053905865575
152  0.1798859575264481  1.010525550431055
153  0.17965265768789584  1.0105118995088263
154  0.17941922373162167  1.0104982407390541
155  0.1791842005476033  1.0104844889798292
156  0.17895012937575228  1.0104707929250754
157  0.17871358381747027  1.0104569520881517
158  0.1784769376942953  1.01044310536694
159  0.17823854509530945  1.010429156455321
160  0.178001158023523  1.0104152663794634
161  0.17776103855084802  1.0104012164244036
162  0.17752050407467457  1.0103871421865134
163  0.17727837625258702  1.0103729747182062
164  0.17703779380434181  1.010358897673357
165  0.176793789772141  1.0103446204235838
166  0.17654812357938854  1.0103302459168875
167  0.17630198703873523  1.0103158438890294
168  0.1760598352997721  1.0103016750212896
169  0.17581174041777425  1.010287158406274
170  0.17555597376915244  1.0102721928981506
171  0.17530638865084158  1.0102575890859034
172  0.17507287423881168  1.0102439256084759
173  0.1748226548326718  1.010229284682556
174  0.17452782455403681  1.0102120334695706
175  0.17429506398227468  1.01019841410111
176  0.17407323464055313  1.010185434344627
177  0.17385662598564622  1.0101727600628079
178  0.1736384186369927  1.0101599922376576
179  0.17342099938190148  1.010147270525715
180  0.1732028588615916  1.0101345066108487
181  0.17298598919700692  1.010121817056739
182  0.17276811647822943  1.01010906881157
183  0.17255150156738752  1.0100963941637011
184  0.17233375183329458  1.010083653114655
185  0.17211730829795968  1.0100709884943702
186  0.17189956235733406  1.010058247667289
187  0.17168313408341462  1.0100455839399853
188  0.17146524271259367  1.010032834603441
189  0.17124866412723305  1.0100201620810618
190  0.1710304651139074  1.0100073947436312
191  0.17081355230884399  1.009994702665271
192  0.17059487351088698  1.009981907254513
193  0.17037743861286425  1.009969184627266
194  0.17015810569233225  1.0099563509422582
195  0.16993996164157643  1.0099435868208169
196  0.16971980325071068  1.009930704835598
197  0.16950077148751197  1.0099178887720142
198  0.16927962372970984  1.0099049488966094
199  0.16905953616284408  1.0098920710554695
200  0.16883724489983853  1.009879064270886
201  0.16861594707616168  1.009866115614774
202  0.16839236921687983  1.0098530335484164
203  0.16816971853636842  1.0098400057334695
204  0.16794472203043787  1.00982684065876
205  0.16772059015457752  1.0098137261755897
206  0.16749405363602887  1.0098004709911206
207  0.1672683200707895  1.0097872627893376
208  0.1670401319949586  1.0097739109683674
209  0.16681269403936771  1.0097606030386967
210  0.16658275146452572  1.0097471485578633
211  0.16635349643961872  1.0097337343071935
212  0.16612170547923744  1.0097201716729751
213  0.16589058136562562  1.0097066480575296
214  0.1656568501259006  1.0096929718930037
215  0.16542364603737703  1.0096793265733344
216  0.16518790890561286  1.0096655330393476
217  0.16495299598846136  1.0096517877320963
218  0.16471510643707343  1.0096378682549754
219  0.16447664037618714  1.009623915044928
220  0.16423686156402884  1.0096098850227162
221  0.1640023113648571  1.0095961609389472
222  0.1637591943861938  1.0095819355927627
223  0.16349159748808328  1.009566277868919
224  0.16325946535457936  1.0095526952718588
225  0.16308637498773204  1.0095425673474203
226  0.16287028532705194  1.0095299234331738
227  0.1624438839770228  1.009504973687372
228  0.16094567600015441  1.0094173100151567
229  0.1586404516621034  1.009282425917706
230  0.154433057301523  1.0090362413787093
231  0.15400129326434342  1.0090109778494702
232  0.153628204385993  1.0089891475417665
233  0.15379158557888772  1.0089987073596032
234  0.15347340400160758  1.0089800898072165
235  0.1533270485047713  1.0089715262028973
236  0.1531817875349326  1.008963026641927
237  0.15303730765629375  1.0089545727844398
238  0.15289293962359607  1.0089461254713215
239  0.15274904128519484  1.0089377056411213
240  0.1526051869666467  1.008929288386626
241  0.1524617858084435  1.0089208976476085
242  0.15231837323051112  1.0089125062403956
243  0.15217541630123954  1.0089041414942577
244  0.15203239350348718  1.0088957728939996
245  0.15188983457849692  1.0088874314360283
246  0.1517471527596328  1.0088790827872471
247  0.15160494583156714  1.0088707619254433
248  0.15146255518485197  1.0088624303138294
249  0.15132065185625054  1.0088541272163443
250  0.15117849952765194  1.008845809549284
251  0.15103684720561383  1.0088375211387832
252  0.15089487582928696  1.0088292140596657
253  0.1507534162394717  1.0088209369263808
254  0.1506115627768243  1.0088126367466699
255  0.1504702307195528  1.008804367075614
256  0.1503284255727504  1.0087960697229768
257  0.1501871479726401  1.0087878032383375
258  0.15004531442501767  1.0087795042239016
259  0.1499040097880766  1.0087712361572736
260  0.14976206385574797  1.0087629305669443
261  0.1496206422699754  1.0087546556573652
262  0.1494784930442199  1.0087463381718595
263  0.149336856832177  1.0087380507039925
264  0.149194407348626  1.008729715649697
265  0.14905245239509968  1.008721409531516
266  0.14890960098782668  1.0087130509597184
267  0.1487672186353033  1.008704719833417
268  0.1486238606413227  1.0086963316200395
269  0.14848093991362954  1.0086879689921409
270  0.14833696952028685  1.0086795449458366
271  0.1481933993602481  1.0086711443181242
272  0.1480487113670187  1.0086626782833628
273  0.14790438259691385  1.0086542332675912
274  0.14775887390453168  1.0086457192117924
275  0.14761368072467596  1.0086372236173733
276  0.14746725144734907  1.0086286556959843
277  0.147321092420151  1.0086201035875657
278  0.14717364660364862  1.0086114761860787
279  0.14702642517227715  1.0086028619138936
280  0.1468778711632257  1.0085941696694543
281  0.14672949580491623  1.00858548787829
282  0.14657974634673698  1.008576725685311
283  0.146430130470251  1.0085679713085107
284  0.14627910260568455  1.0085591343129674
285  0.14612816428845754  1.0085503025570495
286  0.14597577913870186  1.0085413861435575
287  0.14582344077729048  1.0085324724677616
288  0.14566962325247956  1.0085234722426366
289  0.1455158111778565  1.0085144723364146
290  0.14536048965831339  1.0085053841090208
291  0.14520513375013144  1.0084962938694668
292  0.14504823976498515  1.0084871136334121
293  0.14489127308476135  1.0084779291437977
294  0.14473274100470945  1.0084686530589577
295  0.144574099460554  1.0084593705691156
296  0.14441386621447538  1.0084499949450507
297  0.14425348825962925  1.0084406108537356
298  0.14409149308015357  1.0084311321348038
299  0.14392931945461485  1.0084216429745732
300  0.14376550365394125  1.0084120577268134
301  0.14360147714621063  1.008402460150088
302  0.14343578392407397  1.0083927650499833
303  0.14326984921908958  1.008383055820149
304  0.1431022234939765  1.0083732476447502
305  0.1429343268789549  1.0083634236189456
306  0.14276471517035472  1.0083534992389822
307  0.14259480489681298  1.008343557389282
308  0.1424231551354611  1.0083335137580591
309  0.14225117939145038  1.008323451052824
310  0.14207744117076582  1.008313285220934
311  0.14190335598127146  1.0083030990870825
312  0.14172747893793936  1.0082928081076492
313  0.1415512129576303  1.0082824943705986
314  0.14137315415507  1.0082720757313017
315  0.14119477239354483  1.0082616381949163
316  0.1410144590006277  1.0082510876342352
317  0.14083335609977832  1.0082404908775886
318  0.14065088395890457  1.0082298140034875
319  0.1404699561287156  1.0082192274906367
320  0.1402845484314913  1.0082083788502298
321  0.1400869835923345  1.0081968188668573
322  0.1399049690931612  1.0081861687704488
323  0.13976819769911653  1.008178165954524
324  0.13959123509054405  1.0081678114561154
325  0.13924510239721577  1.008147558418193
326  0.13809505922993748  1.0080802666878015
327  0.13703709093369598  1.0080183624746564
328  0.13430979166417  1.007858781780328
329  0.1340840318159634  1.007845572040667
330  0.13402460611785694  1.0078420949033133
331  0.13376025122968282  1.0078266268770957
332  0.1336972656811689  1.0078229414445228
333  0.13360890907632494  1.0078177714917762
334  0.13345994000621486  1.0078090549611383
335  0.13331808668136702  1.0078007547894903
336  0.13316862493576487  1.007792009431251
337  0.13300286150717777  1.0077823102232013
338  0.1328561750376861  1.007773727252894
339  0.13272597271893838  1.0077661088090137
340  0.13258663805538595  1.0077579560101617
341  0.13243243079232214  1.007748932980535
342  0.13229290104351388  1.0077407687667859
343  0.13216218596723883  1.0077331203202569
344  0.13202799820490685  1.0077252686787
345  0.13189210386241945  1.0077173171811242
346  0.13175665500264222  1.00770939174979
347  0.13162284448432593  1.0077015621816672
348  0.1314874405760329  1.00769363938055
349  0.13135196148639017  1.0076857121803948
350  0.13121582843223345  1.007677746715238
351  0.13108061273568594  1.0076698349268325
352  0.13094401072841544  1.0076618420221264
353  0.13080756764663315  1.007653858416524
354  0.1306701951700151  1.0076458204298442
355  0.130533590492375  1.0076378273688884
356  0.13039552318634628  1.0076297487261057
357  0.13025754472039452  1.0076216752815645
358  0.13011857642924463  1.0076135439200236
359  0.1299804440075123  1.007605461467168
360  0.12984062140482056  1.0075972801178492
361  0.12970052924368658  1.0075890829960321
362  0.12955967051520545  1.0075808410205571
363  0.12942020927497833  1.0075726808154062
364  0.12927837409061216  1.0075643817052007
365  0.12913482760285766  1.007555982462609
366  0.1289919235105247  1.0075476208080847
367  0.12885334097656298  1.0075395120181037
368  0.12870944123938155  1.0075310921060574
369  0.12855556428500303  1.0075220884035685
370  0.12841257367196546  1.0075137216865142
371  0.12828674205611268  1.0075063589827395
372  0.12814700053332984  1.007498182377597
373  0.12796443709108007  1.007487500161238
374  0.12785166794049496  1.0074809017730264
375  0.12770987680554136  1.0074726052402558
376  0.12742967411382888  1.0074562099217823
377  0.1264359802788837  1.0073980665585285
378  0.12470048429589908  1.0072965186070209
379  0.12200671349840131  1.007138899742443
380  0.12518417087098643  1.0073248202460643
381  0.12188780323276383  1.0071319420231473
382  0.12177583898205258  1.0071253907315205
383  0.12165983754050902  1.0071186032143633
384  0.12153881614566497  1.0071115219679327
385  0.12142298208525193  1.007104744244639
386  0.12131688323216205  1.0070985361512212
387  0.12120240074845257  1.0070918375118592
388  0.12106728892117657  1.007083931801089
389  0.12096023761965291  1.0070776679776734
390  0.12085641143113268  1.0070715928632046
391  0.12075513498891632  1.0070656669403881
392  0.12065276712033635  1.0070596771556486
393  0.12055072390606625  1.0070537063671963
394  0.12044833199089977  1.0070477151754345
395  0.12034680351076577  1.0070417745052869
396  0.12024457042318004  1.0070357926069
397  0.12014297706350885  1.0070298481404982
398  0.12004070816854995  1.007023864146938
399  0.11993914699111996  1.0070179215635948
400  0.11983678066043446  1.007011931868841
401  0.11973503047232648  1.0070059782260385
402  0.11963245061450922  1.0069999760373103
403  0.11953049415056138  1.006994010324823
404  0.11942762174103327  1.006987991018206
405  0.11932529246797585  1.0069820034917814
406  0.11922203366722461  1.006975961576505
407  0.11911932714847895  1.0069699519765478
408  0.11901561191047294  1.0069638833540544
409  0.1189123466520382  1.006957841060924
410  0.11880809714572049  1.006951741177135
411  0.11870436630543102  1.0069456716417151
412  0.11859952451205802  1.0069395371018177
413  0.11849497414026033  1.0069334196136823
414  0.11838947990870363  1.0069272468980923
415  0.1182846594058008  1.0069211136039504
416  0.11817844790903653  1.0069148989194863
417  0.11807187394417473  1.0069086630261612
418  0.11796498099235153  1.006902408468159
419  0.11786039818584992  1.0068962890821926
420  0.11775254403918978  1.0068899782824197
421  0.1176383602695441  1.0068832971215202
422  0.11753158543107045  1.0068770494746078
423  0.11744075221061945  1.0068717346092575
424  0.11733569725993809  1.0068655875970247
425  0.11716742485377929  1.006855741582797
426  0.11707962344760292  1.00685060411603
427  0.11682621431370876  1.0068357765516376
428  0.11666607363639692  1.0068264063439891
429  0.11642216789012294  1.0068121348451564
430  0.11633735698334324  1.0068071723595424
431  0.1160375628316469  1.00678963069867
432  0.11593141302142118  1.0067834196236303
433  0.11585399174604971  1.006778889522729
434  0.11567207764436238  1.006768245300813
435  0.11548578249498997  1.006757344733494
436  0.1152695266398076  1.0067446910948163
437  0.11511976575451555  1.0067359282332098
438  0.11508283076319303  1.0067337670800038
439  0.11503361172410631  1.0067308871582734
440  0.11494780809239358  1.0067258665859886
441  0.11486130183008969  1.0067208049011358
442  0.1147754201434622  1.0067157797616746
443  0.11468853613319807  1.0067106959738998
444  0.11460177630334001  1.0067056194522128
445  0.11451441881521052  1.006700507960135
446  0.11442796731642657  1.0066954494796243
447  0.11434011132341992  1.0066903088188535
448  0.11425146454494017  1.006685121887365
449  0.11416311311185179  1.0066799522372298
450  0.11407767767363897  1.0066749532088128
451  0.11398870805446037  1.0066697473871558
452  0.11389233414655087  1.0066641083231518
453  0.11380494921755269  1.0066589952254439
454  0.1137305142353019  1.0066546398595762
455  0.11364640444493657  1.0066497183979322
456  0.11352953459365445  1.006642880068079
457  0.11347247802897431  1.0066395415542937
458  0.11345170098896618  1.0066383258408194
459  0.11337417528891824  1.0066337896297843
460  0.11329614653208286  1.0066292239837138
461  0.11321877028443417  1.00662469651749
462  0.11314057468918315  1.0066201211093115
463  0.11306263997410049  1.006615560965845
464  0.11298413102299387  1.0066109672224783
465  0.11290626134078152  1.0066064108842379
466  0.11282744138605039  1.0066017989433176
467  0.11274865937048739  1.0065971892223073
468  0.11266941261167085  1.006592552308076
469  0.1125910901969649  1.0065879694793929
470  0.11251142145461646  1.006583307873913
471  0.11243090565757108  1.0065785967052707
472  0.11235078160552658  1.0065739084585497
473  0.11227341412989589  1.0065693815055974
474  0.11219280297393941  1.006564664757281
475  0.11210562576473515  1.0065595638137468
476  0.11202623133411438  1.0065549182588913
477  0.11195786490560311  1.0065509179783747
478  0.11188127158021033  1.0065464363227736
479  0.11177870765133602  1.0065404350660851
480  0.11172028096788211  1.0065370163834284
481  0.11170656620541697  1.0065362139004221
482  0.11163469970487172  1.0065320088224594
483  0.11156230100994724  1.006527772604552
484  0.11149044898344651  1.0065235683734997
485  0.11141779262216478  1.0065193170789277
486  0.11134529053100806  1.0065150748110636
487  0.11127226628481746  1.0065108019906803
488  0.11119987925740549  1.0065065664554664
489  0.11112648659711755  1.0065022720783081
490  0.11105284798859394  1.0064979633101399
491  0.11097900529187166  1.0064936426002913
492  0.11090651018857245  1.0064894007413032
493  0.11083220543371497  1.0064850529953464
494  0.11075558926500739  1.0064805700031292
495  0.11068108563904366  1.0064762106207563
496  0.11061232623949813  1.0064721873465803
497  0.11053774932179705  1.0064678236757354
498  0.11044535465088656  1.0064624174462464
499  0.11038131033654441  1.0064586700627949
500  0.11031160164370535  1.0064545912432357
501  0.11022808386091154  1.006449704421347
502  0.11016324587903492  1.0064459105985415
503  0.11009788689259548  1.0064420862905334
504  0.11003289439458974  1.0064382834266257
505  0.10996740549443307  1.0064344515170605
506  0.1099023302976635  1.0064306438142536
507  0.10983667162300548  1.006426801970783
508  0.1097713392146441  1.006422979217921
509  0.10970543710760505  1.0064191231306494
510  0.10963989624247794  1.0064152881804915
511  0.10957370870283545  1.0064114153918873
512  0.1095077793142002  1.0064075577083051
513  0.10944124601030536  1.0064036646882213
514  0.10937505600278963  1.0063997917552157
515  0.10930814175858916  1.0063958764454184
516  0.10924135890344511  1.006391968823504
517  0.10917401467642118  1.0063880283544002
518  0.10910714250388831  1.0063841155063153
519  0.10903933156967827  1.006380147729077
520  0.10897116158978626  1.006376158943231
521  0.10890289273769138  1.0063721643721402
522  0.10883622033074725  1.0063682632128095
523  0.10876735399469695  1.0063642336815273
524  0.10869430688257675  1.0063599595232047
525  0.10862601423390228  1.00635596355972
526  0.1085671748219662  1.0063525207273492
527  0.1085000374740609  1.0063485923632294
528  0.10839938826895046  1.0063427031415313
529  0.10836854080636249  1.0063408981839481
530  0.108237972610564  1.0063332583317413
531  0.10813527561218195  1.0063272492888429
532  0.10799869654520433  1.0063192577264273
533  0.10802351411110944  1.0063207098605744
534  0.10793541206735735  1.0063155548027958
535  0.1078723493305428  1.0063118648537537
536  0.10781114692744098  1.0063082837572124
537  0.10774769951651719  1.0063045712999832
538  0.10768022409392797  1.006300623154319
539  0.10761712750115693  1.006296931224285
540  0.10756147654485937  1.0062936749559521
541  0.10749961729779434  1.0062900554259255
542  0.1074179825212147  1.006285278783159
543  0.10736972644268239  1.0062824552065155
544  0.10735970301183573  1.0062818687120034
545  0.10730160581212922  1.0062784693082154
546  0.107243034674253  1.0062750421731905
547  0.10718481182539763  1.0062716354173755
548  0.10712593489836175  1.0062681903899078
549  0.10706711764446142  1.0062647488540555
550  0.10700787044792537  1.0062612821612484
551  0.10694910015147563  1.006257843372987
552  0.10688947214421618  1.0062543543980491
553  0.10682947041806301  1.0062508435559396
554  0.1067694299549029  1.0062473304472368
555  0.10671074042963835  1.0062438963850875
556  0.10665024518915156  1.0062403566662936
557  0.1065867399303545  1.0062366408242496
558  0.10652635999528848  1.0062331078522475
559  0.10647256721067622  1.0062299603099096
560  0.10641270767069022  1.0062264577874473
561  0.10633161648462264  1.0062217129514401
562  0.10628941032411199  1.0062192433697281
563  0.10627645236697103  1.006218485169181
564  0.1062214494339121  1.006215266818212
565  0.10616599524622727  1.006212022063273
566  0.10611085600822012  1.006208795736781
567  0.10605509844659511  1.0062055332307194
568  0.10599938759887029  1.006202273457998
569  0.10594326711555879  1.0061989897165353
570  0.10588758223233563  1.006195731463058
571  0.10583108904276939  1.0061924259136759
572  0.10577423959070709  1.006189099518537
573  0.10571734362722618  1.0061857704019057
574  0.10566169365089062  1.0061825141909124
575  0.10560435652666478  1.0061791592609284
576  0.1055442347004214  1.0061756413914802
577  0.10548696764150789  1.0061722905611825
578  0.10543579640689948  1.006169296411901
579  0.10537895942635322  1.0061659707464998
580  0.10530246066563798  1.0061614946241004
581  0.10526155358505818  1.0061591010546105
582  0.10524992067440753  1.0061584203856497
583  0.10519752365308865  1.006155354512705
584  0.10514468750047523  1.0061522629451554
585  0.10509212978759774  1.0061491876697697
586  0.1050389826912459  1.0061460779081706
587  0.10498586707704172  1.0061429699886661
588  0.10493235710322557  1.0061398389942533
589  0.10487924937084214  1.0061367315359326
590  0.10482536452798596  1.0061335786070507
591  0.10477110708568449  1.0061304038764989
592  0.10471682686109907  1.006127227812902
593  0.10466378211334604  1.00612412403996
594  0.10460906066920028  1.0061209221595693
595  0.10455143720716897  1.0061175504752866
596  0.10449685516840135  1.0061143567518325
597  0.10444845375885425  1.0061115246715293
598  0.10439443191188735  1.0061083637262145
599  0.10432055076812241  1.006104040766739
600  0.1042834050150302  1.0061018672813662
601  0.10427087750068809  1.0061011342670396
602  0.10422132796127725  1.006098235006958
603  0.10417138491330447  1.006095312721765
604  0.10412171620622446  1.006092406488903
605  0.10407149773480684  1.0060894680880363
606  0.10402131678278925  1.0060865318825178
607  0.1039707632853728  1.0060835738784923
608  0.10392056137220107  1.0060806364464878
609  0.10386967050663609  1.0060776587022582
610  0.10381853952152043  1.0060746669080691
611  0.10376726617253895  1.0060716667838354
612  0.10371685266614439  1.0060687169710139
613  0.10366518685516701  1.0060656938829058
614  0.1036118443448566  1.0060625726871766
615  0.1035599714410339  1.0060595374815788
616  0.10351198194369049  1.0060567295032274
617  0.10346000521617815  1.0060536882226618
618  0.10339599756209616  1.0060499429842882
619  0.10335064399843097  1.0060472892406156
620  0.10330224183479386  1.0060444571161888
621  0.10324792726562382  1.0060412790430096
622  0.10320027175545021  1.006038490607033
623  0.10315640958261152  1.006035924128145
624  0.10311128207237674  1.00603328361139
625  0.10306552996023188  1.0060306065477087
626  0.10301999117001448  1.0060279419659948
627  0.1029751086613423  1.0060253157848578
628  0.10292964479460465  1.0060226555870928
629  0.10288414962323988  1.0060199935576206
630  0.10283845411033021  1.0060173198056934
631  0.10279313412318192  1.0060146680266617
632  0.10274730761565254  1.0060119866099313
633  0.10270151866681554  1.0060093073908483
634  0.10265543519311526  1.006006610938423
635  0.10260967133498877  1.0060039331874564
636  0.10256336519136433  1.00600122370609
637  0.1025170372920422  1.0059985129517466
638  0.10247041940292168  1.0059957852294183
639  0.10242418011427057  1.0059930796598935
640  0.1023772774627203  1.0059903352754456
641  0.10233012084981974  1.0059875760311219
642  0.10228285634482426  1.0059848104737776
643  0.10223635552755295  1.0059820896015983
644  0.10218876593680426  1.0059793050227224
645  0.10213991715037507  1.0059764467653458
646  0.10209202921348581  1.0059736447295355
647  0.10204686640117988  1.0059710021471735
648  0.10199881719716308  1.0059681906752442
649  0.10194360195581786  1.0059649599016176
650  0.10189782911488998  1.0059622816250464
651  0.10185622770251912  1.0059598474285703
652  0.1018139728319798  1.0059573749967199
653  0.10177166295590223  1.005954899346366
654  0.10172925050294246  1.0059524176939978
655  0.10168712252042511  1.005949952686664
656  0.10164471091645211  1.005947471083972
657  0.10160248145196171  1.0059450001386891
658  0.10155998710649805  1.0059425136945979
659  0.10151770332055066  1.0059400395708389
660  0.10147510930365577  1.0059375472947376
661  0.10143270100317114  1.0059350658853405
662  0.10138996698653946  1.0059325654175253
663  0.101347416335693  1.0059300756788736
664  0.1013045120126016  1.005927565246027
665  0.10126177247447166  1.005925064455136
666  0.10121866343679364  1.0059225420439575
667  0.10117571066604902  1.0059200287763248
668  0.10113236705379769  1.0059174926396364
669  0.10108916097020204  1.0059149645500731
670  0.1010455522850815  1.0059124129033479
671  0.10100207283788842  1.0059098688186374
672  0.1009581722963292  1.0059073000947054
673  0.10091437978337348  1.005904737691781
674  0.1008701605594079  1.005902150320992
675  0.10082604767886694  1.005899569172607
676  0.10078148640173201  1.0058969617874822
677  0.1007369984259503  1.0058943586913924
678  0.1006920716825993  1.00589172992198
679  0.10064724595292751  1.0058891070631157
680  0.10060193239066362  1.005886455660019
681  0.1005566202383803  1.0058838043394238
682  0.10051090336263346  1.0058811293375067
683  0.10046539097528595  1.005878466300687
684  0.10041923730081559  1.0058757657406494
685  0.10037269628116752  1.0058730425161344
686  0.1003261562322798  1.0058703193484213
687  0.10028088663272694  1.0058676705176863
688  0.1002337807239212  1.0058649142401783
689  0.10018220309904413  1.0058618963120463
690  0.10013629291065762  1.005859209998952
691  0.10009828508969765  1.0058569860719608
692  0.1000544683825092  1.005854422253375
693  0.09998842312189071  1.0058505577898507
694  0.09996728970934377  1.005849321224181
695  0.09988040033101442  1.0058442371223084
696  0.09980739493996615  1.005839965405184
697  0.09971545479440125  1.005834585771042
698  0.09965078511644143  1.0058308017960942
699  0.09955790901568362  1.0058253673970126
700  0.09953779386505035  1.0058241904122422
701  0.09942535143404951  1.005817611141162
702  0.09931873187120654  1.005811372579792
703  0.09931596208787707  1.0058112105132555
704  0.0992641813762879  1.0058081807020423
705  0.09920975842095647  1.005804996286934
706  0.09915870059342535  1.005802008773367
707  0.09910261852754099  1.0057987272797984
708  0.09901555840078757  1.0057936331870336
709  0.09898030949264325  1.0057915706905196
710  0.09885851130396184  1.005784443992055
711  0.09876638719808217  1.0057790535939621
712  0.09865107462258815  1.0057723063839774
713  0.09869056038920399  1.005774616789045
714  0.09860128443239524  1.0057693930428526
715  0.0985515832605518  1.0057664849104009
716  0.09850433403606063  1.005763720247155
717  0.09845343155551156  1.0057607418233057
718  0.09838450371492125  1.005756708693248
719  0.09835661578797372  1.0057550769050554
720  0.09834097520401386  1.0057541617377044
721  0.09829750946606874  1.0057516184551543
722  0.09825353052840102  1.0057490451440816
723  0.0982093991439652  1.00574646291299
724  0.09816499133837675  1.0057438645078465
725  0.09812114722887899  1.0057412990858874
726  0.09807616866146474  1.005738667284127
727  0.09802886902382413  1.0057358996710895
728  0.09798418227357841  1.0057332849442382
729  0.09794652123912817  1.0057310813085412
730  0.0979020295476698  1.0057284779950382
731  0.09782249251699593  1.0057238240963182
732  0.09770665815320045  1.005717046355273
733  0.09751263456468406  1.0057056935788038
734  0.09739939159753175  1.0056990674664705
735  0.09731286757052382  1.005694004742163
736  0.09735085780718755  1.005696227640256
737  0.09727697639418675  1.0056919046650266
738  0.09724113070663254  1.0056898072495457
739  0.09720513405940157  1.0056877010010594
740  0.09716931604742274  1.0056856052049417
741  0.0971332654956022  1.0056834958023708
742  0.09709735190021274  1.005681394413443
743  0.09706120319088218  1.0056792792674454
744  0.0970252012152627  1.0056771727071825
745  0.09698893592349578  1.0056750507396721
746  0.09695280466446721  1.005672936614733
747  0.09691639455144141  1.0056708061733906
748  0.09688011416059206  1.0056686833223976
749  0.0968435349731237  1.0056665429881118
750  0.09680707413834033  1.0056644095789198
751  0.09677030006291987  1.0056622578412817
752  0.0967336364381659  1.0056601125663718
753  0.09669664375347975  1.0056579480373913
754  0.09665974950089717  1.0056557892679048
755  0.09662251463774374  1.0056536105684926
756  0.09658536978549248  1.00565143713583
757  0.09654787109714602  1.0056492429993855
758  0.09651044954921906  1.005647053376608
759  0.09647266590632664  1.0056448425668028
760  0.09643495293091031  1.0056426358919177
761  0.09639686506544132  1.0056404072813339
762  0.09635883190608519  1.0056381818717335
763  0.09632042099212024  1.0056359343588228
764  0.0962820666118499  1.005633690153831
765  0.09624331537643249  1.0056314227279117
766  0.09620458798941456  1.005629156697418
767  0.09616548034569694  1.0056268684172107
768  0.09612644191239561  1.0056245841866676
769  0.09608695942550438  1.0056222739735046
770  0.09604740043195192  1.005619959283757
771  0.09600754012638513  1.0056176269635346
772  0.09596797376001742  1.0056153118423863
773  0.09592768188554956  1.0056129542700525
774  0.09588650976300783  1.005610545192334
775  0.09584597658375393  1.0056081735006897
776  0.09580809743915564  1.005605957102855
777  0.09576704572644612  1.005603555070599
778  0.09571446208323331  1.0056004782779682
779  0.09568238782109517  1.0055986015374583
780  0.09564366338132901  1.005596335679415
781  0.09557350374396911  1.0055922304740317
782  0.09545384837706727  1.0055852291571084
783  0.09526516570004417  1.0055741888899317
784  0.09515619836517253  1.0055678129548986
785  0.09508330696943368  1.0055635479079077
786  0.09508180824617862  1.0055634602140855
787  0.09504611993442236  1.0055613720070329
788  0.09500898301147287  1.0055591990383321
789  0.0949714542041068  1.0055570031395529
790  0.09493392830825309  1.0055548074111331
791  0.09489604419221265  1.0055525907224074
792  0.09485825054701236  1.0055503793273437
793  0.09481998955218307  1.0055481405865538
794  0.09478155024904689  1.005545891412526
795  0.09474292825447572  1.0055436315487922
796  0.09470488253615283  1.0055414054043372
797  0.0946657987413757  1.0055391185195872
798  0.09462473182410613  1.0055367155976767
799  0.09458578560714248  1.0055344367629284
800  0.09455202296614684  1.0055324612314007
801  0.09451323726561178  1.0055301917888462
802  0.09445175586987609  1.0055265943677896
803  0.09442228189506119  1.005524869776206
804  0.09433156808698273  1.0055195618979544
805  0.09426022220341912  1.0055153872825158
806  0.09416454455355527  1.0055097889582072
807  0.09426048185923674  1.0055154024755883
808  0.09413226108051742  1.0055078999762757
809  0.09410001333141449  1.0055060130846352
810  0.09406794067338387  1.0055041364379853
811  0.09403572917045766  1.005502251667194
812  0.09400363424774094  1.005500373717785
813  0.09397140177755525  1.00549848772015
814  0.09393929737242657  1.0054966092159028
815  0.09390703365303332  1.0054947213898031
816  0.09387489787859205  1.0054928410500636
817  0.09384258415277902  1.0054909502979708
818  0.09381039848624884  1.0054890670389278
819  0.09377801539285169  1.0054871722279743
820  0.09374575823338194  1.0054852847857114
821  0.0937132847392359  1.0054833846851976
822  0.09368093340579553  1.0054814917325943
823  0.09364834754684004  1.0054795850573512
824  0.09361587838717111  1.005477685210458
825  0.09358315765291825  1.0054757706433441
826  0.09355054680021546  1.0054738625056583
827  0.09351766863446365  1.0054719387268571
828  0.09348489245633584  1.0054700209155918
829  0.0934518346474702  1.0054680866254497
830  0.0934188702066131  1.0054661577984891
831  0.0933856112048338  1.0054642117360766
832  0.09335243650390557  1.005462270606305
833  0.09331895562158254  1.0054603115611398
834  0.09328554978597425  1.0054583569071345
835  0.09325182731306825  1.005456383725936
836  0.09321817061505377  1.0054544143933812
837  0.09318418785317095  1.005452425982063
838  0.09315026173261898  1.0054504408849618
839  0.09311600098215256  1.0054484362078775
840  0.09308178793526134  1.0054464343220417
841  0.09304723244190383  1.0054444123988575
842  0.09301271601801919  1.0054423927617204
843  0.09297784990516722  1.0054403526634592
844  0.0929430144622212  1.0054383143597663
845  0.09290782264938735  1.0054362552040332
846  0.09287265355759478  1.0054341973777616
847  0.09283712167362623  1.0054321183236667
848  0.09280160453611563  1.0054300401324217
849  0.09276571886416207  1.0054279403773596
850  0.09272984113989746  1.0054258410873356
851  0.09269358843604303  1.0054237198563738
852  0.0926573346526336  1.0054215985622448
853  0.09262070247146859  1.0054194551271733
854  0.09258406827175147  1.0054173115739915
855  0.09254704339565001  1.0054151451614157
856  0.09250998941975141  1.0054129770461422
857  0.09247256373349311  1.0054107871812215
858  0.09243517794534695  1.005408599650833
859  0.09239732421463054  1.0054063847400243
860  0.09235920350283278  1.0054041542075247
861  0.09232098362523355  1.0054019178726006
862  0.09228373610466734  1.0053997384325737
863  0.09224487329529474  1.0053974644781996
864  0.09220086230315105  1.005394889291544
865  0.09216448886621531  1.0053927609962057
866  0.09213572542503479  1.0053910779796165
867  0.09210257308112924  1.0053891381580067
868  0.09205399948240434  1.00538629600251
869  0.0920416097130009  1.0053855710479638
870  0.09198072762856646  1.0053820086940208
871  0.09192674160811776  1.0053788498449998
872  0.09186248742428937  1.0053750901815912
873  0.0917441361224729  1.0053681651685829
874  0.09150116708026634  1.0053539484785083
875  0.0912359942674833  1.0053384325935983
876  0.09238379082630521  1.0054055928696455
877  0.09119338182922643  1.00533593923962
878  0.09115074383992883  1.0053334443905901
879  0.09110756873340697  1.0053309181135681
880  0.09106384515561916  1.0053283597442026
881  0.09102033432807288  1.0053258138233538
882  0.09098018581858158  1.0053234646396423
883  0.09093514365746058  1.005320829116865
884  0.09085725106068843  1.0053162714378396
885  0.09077684595540747  1.0053115667460328
886  0.09061872135181359  1.0053023145035989
887  0.0905157400949761  1.0052962888280697
888  0.09047170309197783  1.005293712119458
889  0.09044976520610049  1.0052924284821616
890  0.09038377653588392  1.005288567329875
891  0.09031673802680529  1.0052846447490473
892  0.09024491322403894  1.00528044211092
893  0.09018118957484655  1.0052767134903402
894  0.09018367977541353  1.005276859197832
895  0.09014962546813543  1.005274866600224
896  0.09011807171656494  1.0052730203160114
897  0.09008701927768903  1.0052712033647837
898  0.09005526752475379  1.0052693454950457
899  0.09002281286351277  1.0052674464964895
900  0.0899907519958032  1.0052655705397189
901  0.0899598392537655  1.0052637617624816
902  0.08992764089906935  1.0052618777610243
903  0.08989323164327723  1.005259864394544
904  0.08986098848225632  1.0052579777713633
905  0.089831717268681  1.0052562650438168
906  0.08980009264532407  1.0052544146127294
907  0.08976319248092657  1.0052522554973287
908  0.08973272726705372  1.0052504729060168
909  0.0897034280236777  1.005248758538381
910  0.08967448636464004  1.0052470650938454
911  0.08964544307533018  1.0052453657026839
912  0.08961644622298703  1.0052436690286584
913  0.08958737948301232  1.0052419682653433
914  0.08955837234828312  1.005240270989671
915  0.08952928404012328  1.0052385689643506
916  0.08950025875693246  1.0052368706267696
917  0.08947114188957705  1.0052351669303836
918  0.08944209181827811  1.0052334671423917
919  0.08941293871301603  1.0052317613256405
920  0.08938385588197728  1.0052300596207993
921  0.08935465765396788  1.00522835116381
922  0.08932553274554478  1.0052266469969222
923  0.0892962792220875  1.0052249353044662
924  0.08926710144063632  1.0052232280438531
925  0.08923778108810188  1.0052215124410706
926  0.08920853808559703  1.0052198013642204
927  0.08917913798828403  1.0052180810953835
928  0.08914981585778148  1.0052163653885677
929  0.08912032176090046  1.0052146396195951
930  0.08909090511666895  1.005212918382559
931  0.08906130154213476  1.0052111862077913
932  0.08903177369381732  1.0052094584639426
933  0.08900204412756774  1.0052077189171031
934  0.08897238734037038  1.0052059836287373
935  0.08894251447801471  1.0052042356973059
936  0.08891271029388548  1.005202491784399
937  0.08888267632075852  1.0052007344259972
938  0.08885270590304373  1.0051989807863724
939  0.08882249277902687  1.0051972129454307
940  0.0887923372404843  1.005195448473951
941  0.08876192696131191  1.0051936690969974
942  0.08873156764332657  1.005191892701903
943  0.08870094245781734  1.0051901007502744
944  0.08867036114309257  1.0051883113656288
945  0.08863950371628704  1.0051865058250158
946  0.08860868277199596  1.0051847024190805
947  0.08857757629393614  1.005182882305893
948  0.08854649875256138  1.005181063885859
949  0.08851512699904474  1.0051792282507805
950  0.08848377658937034  1.0051773938645805
951  0.0884521239442092  1.0051755417938713
952  0.08842048508576117  1.0051736905298554
953  0.08838853653453493  1.0051718211449863
954  0.08835659430753717  1.005169952130163
955  0.08832433541181872  1.005168064586308
956  0.08829207551198592  1.0051661769837
957  0.08825949237129982  1.0051642704675092
958  0.08822690105687425  1.0051623634730538
959  0.0881939802638898  1.005160437200033
960  0.08816104429931837  1.0051585100392872
961  0.0881277728921891  1.0051565632510082
962  0.08809447949267801  1.0051546151759034
963  0.08806084490719024  1.0051526471372045
964  0.08802718168400758  1.005150677422847
965  0.08799317170730114  1.0051486874191249
966  0.08795912662010297  1.0051466953610058
967  0.08792472934673956  1.0051446826956456
968  0.08789029065013032  1.005142667606514
969  0.08785549444196916  1.0051406315985407
970  0.08782065066401012  1.0051385928071468
971  0.08778544411080869  1.00513653278892
972  0.08775018394944978  1.005134469633954
973  0.0877145558425122  1.005132384949627
974  0.08767886835219807  1.0051302967906388
975  0.08764280762355947  1.0051281867925983
976  0.08760668138699457  1.0051260729615352
977  0.08757017720459415  1.0051239370159724
978  0.08753360337276395  1.0051217969950577
979  0.08749664458872053  1.0051196344496833
980  0.0874596043201985  1.0051174671364607
981  0.08742218181928563  1.005115277457922
982  0.08738470055273984  1.005113084340868
983  0.08734679608769269  1.0051108664614743
984  0.08730869456997814  1.0051086370520654
985  0.08727033665728423  1.0051063926403836
986  0.08723242893837946  1.0051041745705989
987  0.08719342295162669  1.0051018922385795
988  0.08715128297331276  1.0050994265293436
989  0.08711328856093259  1.0050972033869199
990  0.08708491098815974  1.0050955429483985
991  0.08704854593914169  1.005093415143857
992  0.08697536642754344  1.0050891332385299
993  0.0866881663783603  1.0050723284882144
994  0.08562664655618002  1.005010216466934
995  0.08313112361330266  1.00486419755057
996  0.08447782619304567  1.0049429962856888
997  0.0814385732742261  1.0047651624496872
998  0.08151265834640387  1.0047694973414938
999  0.08122155149895316  1.0047524639952237
1000  0.08141742840863131  1.0047639252138727
1001  0.08114577462754968  1.0047480301122658
1002  0.08111046161607705  1.0047459638649152
1003  0.0810960297273422  1.0047451194211643
1004  0.08105366015143212  1.004742640277633
1005  0.08101450876848815  1.0047403494381404
1006  0.08097761857883823  1.0047381909063857
1007  0.08094204080497291  1.004736109167165
1008  0.08090787794693854  1.0047341102179972
1009  0.08087445560630391  1.0047321545982437
1010  0.08084208657712544  1.004730260610221
1011  0.08081012381095898  1.0047283903936026
1012  0.08077899739478522  1.004726569113789
1013  0.08074805413596442  1.004724758550943
1014  0.0807177949571265  1.0047229880152257
1015  0.08068756165853352  1.0047212189938222
1016  0.08065789092545361  1.0047194828894501
1017  0.0806281358871308  1.0047177418521798
1018  0.0805988402490897  1.0047160276955003
1019  0.08056938651203305  1.0047143042880757
1020  0.08054030548904378  1.004712602689028
1021  0.08051101874299671  1.0047108890526402
1022  0.08048203440363011  1.0047091931107783
1023  0.08045281336174981  1.0047074833188958
1024  0.08042383860390956  1.0047057879376717
1025  0.08039460630028905  1.0047040774868383
1026  0.08036557553380308  1.0047023788284166
1027  0.08033627254245435  1.004700664241478
1028  0.08030713519142796  1.004698959346544
1029  0.08027771474047518  1.0046972378867678
1030  0.08024843085741662  1.0046955244179
1031  0.0802188553970885  1.0046937938881606
1032  0.08018939270511072  1.0046920699567627
1033  0.08015963149974281  1.0046903285586442
1034  0.08012996335554334  1.0046885926057534
1035  0.0800999907771327  1.004686838839701
1036  0.08007009476355464  1.004685089553637
1037  0.08003988906584414  1.0046833221472262
1038  0.08000974595270915  1.004681558402786
1039  0.07997928837880952  1.004679776258507
1040  0.07994888145926726  1.0046779970781334
1041  0.07991815557591841  1.0046761992344375
1042  0.07988746992272444  1.0046744037447026
1043  0.07985646114472311  1.0046725893481752
1044  0.07982548384267274  1.0046707767933798
1045  0.07979417897871122  1.0046689450721666
1046  0.07976289660253255  1.0046671146667663
1047  0.07973128389341688  1.0046652649328092
1048  0.07969969064189564  1.0046634163373616
1049  0.0796677581051426  1.004661547889537
1050  0.07963582128495927  1.0046596791910791
1051  0.0796035632085974  1.0046577916951664
1052  0.07957137499606592  1.0046559082871511
1053  0.07953875927338494  1.0046539998645114
1054  0.07950581102713572  1.0046520719851355
1055  0.0794729578130664  1.004650149666316
1056  0.0794417761935785  1.0046483251564269
1057  0.07940819252663545  1.0046463600970919
1058  0.07936333172189836  1.0046437351859028
1059  0.07934308469773743  1.0046425504849021
1060  0.07933416123996351  1.0046420283524016
1061  0.0793050578754958  1.0046403254461012
1062  0.07927560586161952  1.0046386021395042
1063  0.07924605145993646  1.0046368728419555
1064  0.07921633578462672  1.0046351341079076
1065  0.07918707624137655  1.0046334220632194
1066  0.07915699148358757  1.0046316617332878
1067  0.0791251229367862  1.004629797029666
1068  0.07909536677127105  1.004628055926441
1069  0.07907072913442847  1.0046266143203666
1070  0.07904137264097288  1.004624896602894
1071  0.0789880118676356  1.004621774338552
1072  0.07889357015403531  1.004616248331781
1073  0.07874715404704447  1.0046076811810192
1074  0.07867283662746449  1.0046033326940198
1075  0.07861635970920666  1.0046000280967098
1076  0.07863942404287372  1.0046013776451155
1077  0.0785926331317155  1.0045986397988607
1078  0.07856895327315272  1.0045972542346457
1079  0.07854517025936003  1.004595862634576
1080  0.07852152894443876  1.00459447932564
1081  0.07849772242132758  1.0045930863499848
1082  0.07847402102466816  1.004591699525525
1083  0.07845015684261925  1.0045903031761096
1084  0.07842640787321564  1.004588913568057
1085  0.07840247369551512  1.0045875131230313
1086  0.0783786412068157  1.004586118628068
1087  0.07835461567835122  1.0045847128378942
1088  0.0783306904915444  1.004583312918947
1089  0.0783065572620022  1.0045819008269299
1090  0.07828251304176881  1.0045804939430567
1091  0.07825825370957129  1.0045790744724767
1092  0.07823407999484566  1.0045776600115763
1093  0.07820967904786724  1.0045762322547824
1094  0.07818535165866036  1.0045748088020268
1095  0.07816079292475508  1.0045733718127487
1096  0.07813630639201208  1.0045719390481302
1097  0.07811157620423637  1.0045704920266831
1098  0.07808690186986234  1.0045690482733498
1099  0.07806198604921744  1.0045675903900868
1100  0.07803713504971088  1.004566136299661
1101  0.07801202165565535  1.0045646668559132
1102  0.07798693543736801  1.0045631990022834
1103  0.07796161276877844  1.00456171731339
1104  0.07793637891358529  1.0045602408211778
1105  0.07791083359514028  1.004558746104518
1106  0.07788520510621832  1.004557246521358
1107  0.07785943975326448  1.0045557389299618
1108  0.07783402675204654  1.0045542519554942
1109  0.07780799288232032  1.00455272865255
1110  0.07778096004887303  1.004551146897889
1111  0.07775490837928545  1.0045496225534332
1112  0.07773159049616463  1.0045482581692526
1113  0.07770545499172166  1.0045467289194223
1114  0.07766772878051409  1.0045445214700799
1115  0.07765920051108455  1.0045440224609787
1116  0.07761310859178683  1.0045413255143816
1117  0.07757390440352563  1.004539031585126
1118  0.07752520721959066  1.0045361821983676
1119  0.0774700384821444  1.0045329541457937
1120  0.07742809715550114  1.0045305000601341
1121  0.07742681226177928  1.0045304248779807
1122  0.07740658957522928  1.004529241601031
1123  0.07738512257430707  1.0045279855163207
1124  0.0773635801963829  1.004526725021125
1125  0.07734215888629992  1.0045254716098933
1126  0.07732061589418238  1.0045242110787598
1127  0.07729917506063766  1.0045229565251645
1128  0.077277606191275  1.0045216944798923
1129  0.07725614310760942  1.00452043862439
1130  0.0772345352767374  1.0045191742993884
1131  0.07721302799911578  1.0045179158579938
1132  0.07719136377463776  1.0045166482332697
1133  0.07716979658346601  1.0045153862861924
1134  0.0771480596163635  1.0045141144051262
1135  0.07712641368014506  1.0045128478504912
1136  0.0771045872120858  1.0045115707325136
1137  0.07708284599920967  1.0045102986030172
1138  0.07706091406688109  1.004509015314077
1139  0.07703906047949871  1.004507736609284
1140  0.0770170076302884  1.0045064462452127
1141  0.0769950266882079  1.0045051600885968
1142  0.07697283845491032  1.004503861802884
1143  0.07695071496301187  1.0045025673053432
1144  0.07692837763699789  1.0045012602958652
1145  0.07690609894422329  1.0044999567171558
1146  0.0768835998178492  1.0044986402403582
1147  0.07686115203396471  1.0044973267677302
1148  0.07683847912038977  1.0044960001222347
1149  0.07681585289529447  1.004494676208592
1150  0.07679299508529414  1.004493338744372
1151  0.07677017499675132  1.004492003487323
1152  0.07674712187461474  1.0044906545949304
1153  0.07672410779065897  1.0044893079867536
1154  0.07670084922746023  1.0044879470735213
1155  0.0766776071275328  1.0044865871235935
1156  0.07665413526362619  1.0044852137296354
1157  0.07663072226801726  1.0044838437801995
1158  0.07660702312819556  1.0044824570877928
1159  0.07658323449960158  1.0044810651591876
1160  0.07655932121480247  1.0044796659366546
1161  0.07653577927807775  1.004478288442571
1162  0.07651157431763733  1.0044768721534105
1163  0.07648600006930384  1.0044753757439948
1164  0.07646199845023738  1.0044739713528161
1165  0.07644180366197773  1.004472789708261
1166  0.07641804638334526  1.0044713996140158
1167  0.07637674523238669  1.004468982986541
1168  0.07633191735124178  1.004466360001789
1169  0.07624638946651097  1.0044613555641086
1170  0.07619047951371394  1.0044580841412813
1171  0.07613675101997608  1.004454940360754
1172  0.07612537494734128  1.0044542747199898
1173  0.07610644792945853  1.004453167255661
1174  0.0760762198821835  1.0044513985415244
1175  0.07604837599688563  1.0044497693303125
1176  0.07601698449866823  1.0044479325399251
1177  0.07595951372803678  1.0044445697899755
1178  0.07584830609939308  1.004438062770085
1179  0.07570531395374736  1.0044296959633543
1180  0.0760763894330414  1.004451408462344
1181  0.07568672975416824  1.0044286085581304
1182  0.07566817618193789  1.004427522944985
1183  0.07564957564956998  1.0044264345840914
1184  0.07563106580078205  1.0044253515293073
1185  0.07561247930030146  1.0044242639894523
1186  0.07559397690812641  1.0044231813709723
1187  0.0755753891191121  1.0044220937557222
1188  0.0755568878614723  1.0044210112036265
1189  0.07553828862943701  1.0044199229188184
1190  0.07551977542161903  1.0044188396674896
1191  0.07550115239688293  1.0044177499905145
1192  0.07548261418374214  1.0044166652760653
1193  0.07546395439983522  1.004415573448225
1194  0.07544537693185982  1.0044144864368831
1195  0.07542666678248411  1.0044133916620406
1196  0.0754080354805573  1.0044123015007478
1197  0.07538926114239386  1.0044112029700683
1198  0.07537056131687825  1.004410108799299
1199  0.07535170902893662  1.0044090057075947
1200  0.07533292632173227  1.004407906687223
1201  0.07531398266465017  1.0044067982492955
1202  0.07529510325224853  1.004405693570475
1203  0.0752760553298154  1.0044045790317366
1204  0.07525706612926097  1.0044034679289533
1205  0.07523790169178879  1.004402346572646
1206  0.07521879039648549  1.0044012283258117
1207  0.07519949789025981  1.0044000994759004
1208  0.07518025302915066  1.0043989734138166
1209  0.07516082160809723  1.004397836435672
1210  0.07514143245747862  1.00439670193087
1211  0.07512185195476151  1.0043955562296065
1212  0.0751023085766831  1.0043944127005928
1213  0.07508256946552139  1.0043932577187764
1214  0.07506286248523575  1.004392104617013
1215  0.07504295582334952  1.0043909398314095
1216  0.07502307667372399  1.004389776655613
1217  0.07500299404461364  1.0043886015737533
1218  0.07498293420814717  1.004387427825545
1219  0.07496266768909265  1.0043862419838523
1220  0.0749424203424669  1.0043850572639834
1221  0.07492196235101312  1.0043838602187902
1222  0.07490151764997388  1.0043826639512505
1223  0.07488086128596438  1.0043814552988128
1224  0.07486022028878492  1.0043802475455241
1225  0.07483935778469886  1.0043790268313457
1226  0.07481848657489365  1.004377805607775
1227  0.07479741529609418  1.004376572677697
1228  0.07477640828911247  1.004375343508314
1229  0.07475510583565881  1.0043740970516635
1230  0.07473355270165516  1.0043728359271042
1231  0.0747120940092213  1.0043715803285433
1232  0.07469167394993026  1.0043703855028503
1233  0.07466981253624405  1.0043691063401217
1234  0.07464215121849993  1.0043674878113666
1235  0.07462536805525788  1.0043665057890145
1236  0.07460583518229968  1.0043653628746803
1237  0.07457431093534606  1.0043635183168524
1238  0.0745567591445161  1.0043624913202926
1239  0.07450790556177089  1.0043596327822721
1240  0.0744713667850625  1.004357494812515
1241  0.07442122530439887  1.0043545609165585
1242  0.07447512044441451  1.0043577144479514
1243  0.07440469789486515  1.0043535938589576
1244  0.07438819922051854  1.0043526284827198
1245  0.07437168098187763  1.0043516619617292
1246  0.07435522836176633  1.0043506992802333
1247  0.0743387428301483  1.0043497346730075
1248  0.0743223244492226  1.0043487739949268
1249  0.074305865723442  1.0043478109561736
1250  0.07428947734466274  1.0043468520335892
1251  0.07427304001116686  1.004345890246549
1252  0.07425667581180173  1.0043449327387588
1253  0.07424025332299689  1.0043439718203164
1254  0.0742239062904636  1.0043430153169979
1255  0.07420749097851709  1.0043420548184903
1256  0.07419115277484933  1.0043410988317694
1257  0.074174735814442  1.0043401382368065
1258  0.07415839676247993  1.0043391822004502
1259  0.07414196821513497  1.004338220927508
1260  0.07412561738351042  1.004337264201896
1261  0.07410916632720155  1.0043363016119016
1262  0.0740927917331552  1.0043353434958942
1263  0.07407630647672458  1.0043343789047703
1264  0.0740598953930568  1.0043334186536692
1265  0.074043363754145  1.0043324513485976
1266  0.0740269030779589  1.0043314881957215
1267  0.07401031268675018  1.0043305174529145
1268  0.07399378930925016  1.0043295506312373
1269  0.07397712789478839  1.004328575732693
1270  0.07396052901598082  1.0043276044932565
1271  0.0739437846406571  1.004326624740477
1272  0.0739270979968688  1.0043256483657053
1273  0.07391025922238681  1.0043246630894087
1274  0.07389347322268436  1.004323680901089
1275  0.0738765292082133  1.0043226894669532
1276  0.07385963299401088  1.0043217008297236
1277  0.07384257353795598  1.0043207026408294
1278  0.07382555698709559  1.004319706962419
1279  0.07380837252764638  1.0043187014592823
1280  0.07379122622272771  1.0043176981886566
1281  0.0737739078114007  1.0043166848476803
1282  0.07375662298838781  1.0043156734720355
1283  0.0737391622479383  1.0043146518030477
1284  0.07372173073539023  1.004313631844253
1285  0.07370411981020564  1.004312601387603
1286  0.07368653396728952  1.0043115723985756
1287  0.07366876547166534  1.0043105327221087
1288  0.07365101812658359  1.0043094942832096
1289  0.07363308509425182  1.004308444979313
1290  0.07361516949117031  1.0043073966952427
1291  0.07359706532765753  1.004306337378058
1292  0.07357897506755229  1.0043052788743947
1293  0.07356069350743943  1.0043042091773178
1294  0.0735424225283473  1.0043031400993614
1295  0.07352395759319574  1.0043020596725798
1296  0.07350550004476841  1.0043009796780127
1297  0.07348684601983768  1.0042998881871434
1298  0.07346819653889103  1.0042987969621535
1299  0.07344934789270552  1.0042976940835369
1300  0.07343050034976961  1.004296591269474
1301  0.07341145192894838  1.0042954767015737
1302  0.07339240459372587  1.0042943621971943
1303  0.07337315054450266  1.0042932355974923
1304  0.07335388235831009  1.0042921081706035
1305  0.0733344214300492  1.0042909694659226
1306  0.07331500783363354  1.0042898335307395
1307  0.07329531533418854  1.004288681276284
1308  0.0732753198916718  1.0042875112959169
1309  0.07325551754428872  1.0042863526140005
1310  0.07323728151447495  1.0042852855810085
1311  0.07321695893467861  1.00428409645907
1312  0.07318491658618975  1.0042822215859024
1313  0.07317018942192  1.0042813598648856
1314  0.07312366609510157  1.00427863767562
1315  0.07308906194502174  1.0042766129054166
1316  0.07304515771584608  1.0042740439657134
1317  0.073067155852228  1.0042753311284085
1318  0.07302739407049441  1.0042730045730472
1319  0.07300966848878976  1.0042719674075749
1320  0.07299262436161202  1.0042709701156092
1321  0.07297461332965505  1.004269916247771
1322  0.07295330841327696  1.0042686696470087
1323  0.07293729725584053  1.0042677327965321
1324  0.07292275917243929  1.0042668821390817
1325  0.0729086024341209  1.0042660537950288
1326  0.07289444678953416  1.0042652255149727
1327  0.07288033148127282  1.00426439959509
1328  0.07286621641077062  1.004263573689119
1329  0.07285214398155992  1.0042627502781902
1330  0.07283806857385944  1.004261926692983
1331  0.07282403804829374  1.0042611057339352
1332  0.0728100008997491  1.0042602843873614
1333  0.07279601105480382  1.0042594658086323
1334  0.07278201043698473  1.0042586465995569
1335  0.07276805970163214  1.0042578303092222
1336  0.07275409348236528  1.0042570131128872
1337  0.0727401798461973  1.0042561989933128
1338  0.07272624540103856  1.0042553836561554
1339  0.07271236630560629  1.0042545715576408
1340  0.07269846041815875  1.0042537578914623
1341  0.07268461263285764  1.0042529476249773
1342  0.07267073138770397  1.0042521354006773
1343  0.07265691087518256  1.0042513267299864
1344  0.07264304955063938  1.0042505156712884
1345  0.07262925133183928  1.0042497083050557
1346  0.0726154043040168  1.0042488980828923
1347  0.0726016223395809  1.0042480916677408
1348  0.07258778301363855  1.0042472818962325
1349  0.07257401012505738  1.0042464760121304
1350  0.07256017091254974  1.0042456662472596
1351  0.07254639877036106  1.0042448604068308
1352  0.07253255113077628  1.0042440501488719
1353  0.07251877033424292  1.0042432438020568
1354  0.07250490489201011  1.004242432502423
1355  0.07249110515117207  1.0042416250471324
1356  0.07247721188587086  1.0042408121195054
1357  0.07246338229314409  1.0042400029175105
1358  0.07244945078333476  1.0042391877521075
1359  0.07243558013579421  1.0042383761478988
1360  0.07242159982260199  1.004237558126895
1361  0.07240767694094308  1.0042367434663453
1362  0.07239363737353743  1.004235921978238
1363  0.07237965136941515  1.0042351036242447
1364  0.0723655424031946  1.0042342780754494
1365  0.07235148286883308  1.0042334554190286
1366  0.07233729480313567  1.0042326252419371
1367  0.0723231519217925  1.0042317977086888
1368  0.07230887557899646  1.0042309623662966
1369  0.07229464017003451  1.0042301294190394
1370  0.07228026692674017  1.0042292884067712
1371  0.0722659304442208  1.0042284495454623
1372  0.0722514522279526  1.0042276023909786
1373  0.07223700672989997  1.0042267571509145
1374  0.07222241599361379  1.00422590341262
1375  0.07220785409547714  1.0042250513617133
1376  0.07219314377951747  1.0042241906265308
1377  0.07217845860062755  1.0042233313621773
1378  0.07216362208892313  1.0042224632429848
1379  0.07214880719829775  1.0042215963888925
1380  0.07213383827325148  1.0042207205218843
1381  0.07211888763677243  1.004219845724983
1382  0.07210378043557186  1.0042189617671116
1383  0.07208868836937987  1.0042180786948252
1384  0.0720734373430314  1.0042171863214062
1385  0.07205819846550054  1.0042162946588429
1386  0.07204279834195193  1.004215393561396
1387  0.0720274075489824  1.0042144930099033
1388  0.07201185329795157  1.004213582894095
1389  0.07199630568133308  1.0042126731664818
1390  0.07198059249114885  1.0042117537507695
1391  0.07196488348413066  1.0042108345798246
1392  0.07194900670661797  1.0042099055922333
1393  0.0719331313566044  1.0042089766881683
1394  0.07191708661424945  1.004208037872559
1395  0.07190104258217533  1.0042070990985101
1396  0.07188482512060135  1.004206150176693
1397  0.07186859866098338  1.0042052007283795
1398  0.07185220653505087  1.00420424158654
1399  0.07183584191270331  1.0042032840540003
1400  0.0718192588229557  1.0042023137384188
1401  0.0718024889060429  1.0042013324911407
1402  0.07178578744364827  1.0042003552492975
1403  0.07177007646442246  1.0041994359629538
1404  0.07175295297256878  1.0041984340271746
1405  0.07172840827659976  1.004196997859289
1406  0.0717231741424682  1.0041966915977913
1407  0.07169351784986877  1.0041949563383656
1408  0.07166955473138104  1.0041935541999465
1409  0.07163825904914156  1.0041917230159774
1410  0.07164463356161432  1.0041920960036936
1411  0.07162390325813761  1.0041908830248838
1412  0.07160957741162022  1.0041900447859125
1413  0.07159571756456862  1.0041892338136658
1414  0.07158121572691356  1.004188385277039
1415  0.071565013285119  1.004187437234065
1416  0.07155109778337532  1.0041866230053311
1417  0.07153951712423456  1.0041859453937294
1418  0.0715265254353763  1.0041851852194605
1419  0.07150946854330076  1.0041841871805908
1420  0.0714987117891307  1.0041835577776064
1421  0.07148517645240238  1.004182765793222
1422  0.0714584383411867  1.0041812012834521
1423  0.0713635710142122  1.0041756503730417
1424  0.07117882512380713  1.0041648404565082
1425  0.07093407626389336  1.0041505196251137
1426  0.07189288950497097  1.0042066220427883
1427  0.07091561647017774  1.0041494394991697
1428  0.0708972137930669  1.0041483627152525
1429  0.0708785015161022  1.0041472678159198
1430  0.07085888878325941  1.0041461202287958
1431  0.07084056722448062  1.004145048191303
1432  0.07083049165085531  1.0041444586457946
1433  0.07082785395221258  1.0041443043078435
1434  0.07081516670187105  1.004143561946988
1435  0.07080287848720512  1.0041428429346484
1436  0.0707900423994936  1.0041420918649686
1437  0.07077582244583891  1.0041412598220378
1438  0.07076340438058093  1.0041405332118347
1439  0.07075304875192223  1.0041399272796474
1440  0.0707413382982115  1.0041392420734603
1441  0.07072532531452702  1.0041383051161255
1442  0.07071660350343778  1.0041377947824468
1443  0.07071425363683614  1.0041376572862255
1444  0.07070320056153356  1.0041370105447949
1445  0.07069207343195527  1.0041363594702744
1446  0.07068100695932011  1.0041357119449343
1447  0.0706698297707492  1.0041350579413446
1448  0.07065867106218304  1.0041344050190633
1449  0.0706474266038617  1.004133747079362
1450  0.07063623710462186  1.0041330923554461
1451  0.07062492614056659  1.0041324305243382
1452  0.07061361925467691  1.004131768931853
1453  0.07060222778816216  1.0041311023903567
1454  0.07059090263828693  1.0041304397292032
1455  0.07057943168874459  1.0041297685369681
1456  0.07056792017960645  1.0041290949714956
1457  0.07055635727842657  1.0041284183989538
1458  0.07054493444831289  1.0041277500222998
1459  0.07053328138156978  1.0041270681739587
1460  0.07052139117008405  1.0041263724497214
1461  0.07050965533764997  1.0041256857585652
1462  0.07049847000966192  1.0041250312787189
1463  0.07048665833950496  1.0041243401501194
1464  0.07047333530176847  1.0041235605878485
1465  0.07046194359256808  1.004122894032152
1466  0.07045191331402911  1.0041223071369654
1467  0.07044129038986013  1.0041216855646893
1468  0.07042991380288044  1.0041210198938295
1469  0.0704191687268112  1.0041203911741585
1470  0.07040899456770477  1.0041197958601815
1471  0.07039847788054976  1.004119180504083
1472  0.07038768437948062  1.0041185489509512
1473  0.07037704748750784  1.004117926561386
1474  0.07036669099179227  1.0041173205784655
1475  0.07035608954144645  1.004116700262673
1476  0.07034531537559718  1.0041160698408904
1477  0.07033461642962424  1.0041154438203996
1478  0.07032415750685739  1.0041148318442314
1479  0.07031344888147573  1.0041142052573757
1480  0.07030252818669924  1.004113566261841
1481  0.07029172380989523  1.0041129340723445
1482  0.07028124919638601  1.004112321178074
1483  0.07027043111799425  1.0041116881868652
1484  0.07025917371995016  1.0041110294900304
1485  0.07024827814223578  1.004110391964154
1486  0.07023804159468294  1.0041097929996825
1487  0.07022720970360807  1.0041091592002611
1488  0.07021523647137884  1.004108458618285
1489  0.07020451962808172  1.0041078315505796
1490  0.07019480200985961  1.0041072629498835
1491  0.07018456812581075  1.0041066641412597
1492  0.0701737151671522  1.0041060291091246
1493  0.07016335769447091  1.0041054230690394
1494  0.07015351646305024  1.0041048472354444
1495  0.070143330812528  1.0041042512490777
1496  0.07013283192879127  1.004103636934699
1497  0.07012253021035164  1.0041030341569253
1498  0.07011255930238225  1.0041024507356506
1499  0.07010230322003319  1.0041018506281518
1500  0.07009179048856895  1.0041012355035102
1501  0.07008143305870496  1.00410062946593
1502  0.07007140955069102  1.004100042966903
1503  0.07006106734990258  1.004099437820412
1504  0.07005036627390915  1.0040988116752887
1505  0.07003993213248005  1.0040982011491348
1506  0.0700299963009583  1.0040976197802653
1507  0.07001960492535009  1.00409701175644
1508  0.07000850132459668  1.0040963620586465
1509  0.06999807813044268  1.0040957521730431
1510  0.06998849447897937  1.0040951914110574
1511  0.06997829522710464  1.0040945946288435
1512  0.06996701893441504  1.0040939348264386
1513  0.06995686167160675  1.0040933405011037
1514  0.06994747769072829  1.0040927914223132
1515  0.06993774291765398  1.0040922218178465
1516  0.06992773328973922  1.0040916361309764
1517  0.06991787674833927  1.0040910594015584
1518  0.06990826375972392  1.004090496922987
1519  0.06989844862339956  1.0040899226162772
1520  0.06988852127239731  1.004089341743623
1521  0.06987862178853077  1.0040887625015402
1522  0.0698688832597435  1.004088192677318
1523  0.06985896656700508  1.0040876124283036
1524  0.06984895108240718  1.0040870263987454
1525  0.06983895240742377  1.004086441352757
1526  0.06982912901070826  1.0040858665627128
1527  0.06981909439079603  1.004085279413502
1528  0.0698088839127945  1.0040846819744214
1529  0.06979876310400757  1.004084089782097
1530  0.06978894963375015  1.004083515572873
1531  0.06977879751527971  1.0040829215485454
1532  0.0697681583722286  1.0040822990272642
1533  0.06975795525426476  1.0040817020188366
1534  0.06974850998646409  1.004081149354004
1535  0.0697383965486068  1.0040805575929703
1536  0.06972679892551548  1.004079878988768
1537  0.06971701657287632  1.0040793066003089
1538  0.06970792173927087  1.0040787744402053
1539  0.06969876451154766  1.0040782386292753
1540  0.06968963110712378  1.0040777042123026
1541  0.06968047245763676  1.0040771683181817
1542  0.06967135455061069  1.004076634807998
1543  0.06966220156261527  1.0040760992451443
1544  0.06965308843744344  1.0040755660147584
1545  0.06964393534998359  1.0040750304460848
1546  0.06963482310892999  1.0040744972674307
1547  0.06962566505578927  1.0040739614082033
1548  0.06961654798101402  1.0040734279467167
1549  0.06960737929933081  1.0040728914655885
1550  0.06959825126548158  1.0040723573628607
1551  0.0695890658553443  1.0040718199029113
1552  0.0695799201820636  1.0040712847680588
1553  0.06957071157398942  1.0040707459507434
1554  0.06956154126920988  1.004070209374644
1555  0.06955230278850533  1.004069668809411
1556  0.06954310071604342  1.0040691303745097
1557  0.06953382563310306  1.0040685876675939
1558  0.06952458470577105  1.004068046959203
1559  0.06951526637816197  1.0040675017219396
1560  0.06950597970065531  1.0040669583365982
1561  0.0694966116827559  1.004066410191839
1562  0.06948727265908539  1.0040658637436006
1563  0.06947784877836483  1.0040653123301766
1564  0.06946845116789746  1.0040647624538868
1565  0.06945896556725206  1.0040642074290849
1566  0.06944950351137646  1.0040636537819425
1567  0.06943995066567477  1.0040630948224742
1568  0.06943041868172639  1.0040625370836762
1569  0.0694207933945108  1.0040619738854843
1570  0.06941118636272414  1.0040614117554607
1571  0.06940148375115418  1.0040608440328391
1572  0.06939179687878871  1.0040602772311555
1573  0.06938201235083341  1.0040597047154134
1574  0.06937224115620677  1.0040591329798358
1575  0.06936237038492477  1.004058555417794
1576  0.06935251063394232  1.0040579785005759
1577  0.06934254953124519  1.0040573956530305
1578  0.06933259727813879  1.0040568133232954
1579  0.06932254196583987  1.004056224963325
1580  0.0693124933427468  1.0040556369947553
1581  0.06930234013992098  1.0040550429069797
1582  0.06929219183827262  1.0040544491059835
1583  0.06928193719343534  1.004053849082597
1584  0.06927168488667945  1.0040532491960175
1585  0.0692613255327198  1.004052643045854
1586  0.06925096904059436  1.0040520370631434
