0  0.9882034039323079  1.0578221052229746
1  0.9824321159501169  1.0574844135902093
2  0.9541004793218085  1.055826662900683
3  0.9882609246083826  1.057825470893009
4  0.9320002675985972  1.0545335275374321
5  0.8973474416044336  1.0525059091919229
6  0.8940147845322135  1.052310907588877
7  0.8825891902412076  1.0516423691961732
8  0.8402602982197726  1.0491656061748194
9  0.8010619050874579  1.0468720160057823
10  0.7945804097239964  1.0464927684688712
11  0.746525512538601  1.043680963418943
12  0.7119760882351576  1.041659395349538
13  0.6843407385842433  1.0400423860485881
14  0.6621896369338722  1.0387462729960162
15  0.6405301563974024  1.0374789258510146
16  0.6220513825173828  1.0363976893328744
17  0.6015896987766453  1.035200428095372
18  0.5765569310696099  1.0337357019847162
19  0.5601118879835841  1.032773463838265
20  0.5421068632026738  1.0317199474940777
21  0.5207682854803953  1.0304713771274343
22  0.504072324868691  1.0294944572064473
23  0.48821983693587157  1.0285668908555827
24  0.47292266998114674  1.0276718176411517
25  0.45757965217954044  1.0267740615858372
26  0.44267902258535163  1.0259021907049484
27  0.4278686868661671  1.0250356031310395
28  0.413910256456144  1.0242188625402824
29  0.3998906201085247  1.023398540646172
30  0.3869340234606802  1.0226404197049548
31  0.3736493531177414  1.0218631024002731
32  0.3611121748862163  1.0211295226169839
33  0.3484635710199794  1.0203894230577564
34  0.33729444670274866  1.0197358913263848
35  0.3250542545901667  1.0190196888993672
36  0.3078743411698033  1.0180144517613843
37  0.3098466184254689  1.0181298543420192
38  0.29964589361503624  1.0175329859432742
39  0.29210732728638045  1.017091886698168
40  0.2841641885548073  1.016627114970293
41  0.2751094456890587  1.016097300670254
42  0.2692541177399015  1.015754691661376
43  0.2647511973155009  1.0154912151973665
44  0.2606147004365491  1.0152491790367566
45  0.25686244315002016  1.015029625638355
46  0.2531478277298924  1.014812274754083
47  0.24970792993861257  1.014610998244356
48  0.2462330963314473  1.0144076775578796
49  0.2429654020156874  1.014216477078494
50  0.23964110800806127  1.014021964818026
51  0.23646610314109295  1.0138361878162765
52  0.23325556138837  1.0136483314677656
53  0.23024398733507268  1.0134721171872807
54  0.22711141260309153  1.0132888228725165
55  0.22374701737342295  1.0130919641952367
56  0.22096258183914808  1.0129290403236848
57  0.21943440433284822  1.01283962306382
58  0.21903092011079262  1.0128160142530724
59  0.21718134060835803  1.01270779100654
60  0.21539174566676178  1.012603077597734
61  0.21368657693931548  1.0125033041652716
62  0.21202637934627488  1.0124061620996465
63  0.21044954547196293  1.0123138978412591
64  0.20890022473495518  1.012223243441241
65  0.20743355331820268  1.0121374250473258
66  0.20597433476910432  1.012052042738225
67  0.20459212105203362  1.0119711661629458
68  0.20319957413338774  1.011889684967741
69  0.20186841308940817  1.0118117956044304
70  0.20052209794033138  1.011733019538791
71  0.19922822447334254  1.0116573119593029
72  0.19791693986264836  1.0115805856128492
73  0.19665009884626228  1.0115064597656211
74  0.19536765565316505  1.0114314209983404
75  0.19413248691801588  1.0113591483707742
76  0.19287306138478133  1.011285456420905
77  0.19161974305477725  1.0112121218178598
78  0.19039723642961204  1.0111405900801276
79  0.1894206973618422  1.0110834504826458
80  0.1882014604668132  1.0110121100645137
81  0.18592316387393615  1.0108788015727617
82  0.1806286977848307  1.0105690099103513
83  0.183205418904563  1.010719779923005
84  0.1773509054832224  1.0103772185740652
85  0.1756661551003934  1.0102786398669663
86  0.1750851003241567  1.0102446409854828
87  0.17308451097344713  1.0101275817975823
88  0.17626801307954054  1.010313855992777
89  0.17266299030834997  1.0101029176321343
90  0.1722582030397395  1.0100792325770684
91  0.1718646796321689  1.0100562065970022
92  0.17147349017439528  1.0100333171818277
93  0.17108900590900777  1.010010820103229
94  0.170706144867391  1.0099884180032705
95  0.1703298055479806  1.009966397504616
96  0.1699541485169438  1.0099444169282592
97  0.16958484381710615  1.0099228080417402
98  0.16921531790535205  1.0099011862115914
99  0.16885193709765034  1.009879923945933
100  0.1684874659784381  1.009858597883584
101  0.16812882603869683  1.0098376130172595
102  0.1677683218219288  1.009816519067702
103  0.16741322594286767  1.0097957415727028
104  0.16705564024288577  1.009774818392426
105  0.16670297846873539  1.0097541833226298
106  0.1663473631805651  1.0097333754357822
107  0.16599618828774998  1.0097128273669096
108  0.1656417302906772  1.0096920871958859
109  0.16529126589390597  1.0096715806998078
110  0.16493728701054056  1.0096508685628538
111  0.16458690526862696  1.009630366903106
112  0.16423284525077197  1.0096096500187821
113  0.16388203656802258  1.0095891233777219
114  0.16352743201033137  1.0095683746310915
115  0.1631757804029147  1.0095477986685266
116  0.16282024550354568  1.009526995485417
117  0.16246740456171926  1.0095063499320984
118  0.16211061546655403  1.009485473363043
119  0.16175630136466213  1.0094647416116647
120  0.1613979829934724  1.0094437755610726
121  0.16104193553969093  1.0094229423871983
122  0.16068185555260117  1.009401873260317
123  0.1603239275771886  1.0093809300526997
124  0.15996187261361017  1.0093597453652992
125  0.15960161888336444  1.009338666072297
126  0.15923747167570224  1.0093173589627744
127  0.15887602402380308  1.0092962098106086
128  0.15850931532713497  1.00927475282234
129  0.15813956506418647  1.0092531178648756
130  0.15777225712621135  1.009231625813589
131  0.1574339649234059  1.0092118315412066
132  0.15705810815304944  1.0091898392776322
133  0.15646593991762403  1.009155190121515
134  0.15619734677566255  1.009139474105101
135  0.15535303731176098  1.0090900715727191
136  0.1548835398735754  1.009062600173446
137  0.15421275686788405  1.009023351082234
138  0.15407389011656192  1.0090152256620268
139  0.15332892602921633  1.0089716360612682
140  0.1529660487452027  1.008950403257965
141  0.15283303131475645  1.008942620095279
142  0.1523424972487737  1.0089139177934392
143  0.1518408058699896  1.0088845626509877
144  0.15127606554551054  1.0088515183664448
145  0.15084398914456798  1.0088262365600675
146  0.15081432959751206  1.008824501110216
147  0.15061808142979538  1.0088130181683859
148  0.15039353574380465  1.0087998794722117
149  0.15016888055009225  1.0087867343684829
150  0.1499467338448538  1.0087737360423141
151  0.14972379591946605  1.008760691419994
152  0.14950314353817296  1.0087477805302336
153  0.1492815121830534  1.0087348123584126
154  0.14906218484943745  1.0087219790003081
155  0.14884158621638188  1.0087090712554838
156  0.1486231919696246  1.0086962924944858
157  0.1484033025022894  1.0086834262446156
158  0.14818552296257348  1.0086706834515726
159  0.14796603985983636  1.0086578409790503
160  0.14774853565300805  1.0086451142963822
161  0.1475291689357272  1.0086322786338469
162  0.14731165993543816  1.008619551670702
163  0.14709215063931635  1.0086067076655434
164  0.1468743645913808  1.0085939644916888
165  0.1466544803534332  1.0085810985478023
166  0.14643621279449703  1.0085683271996069
167  0.14621575229017003  1.0085554275370192
168  0.1459967786468772  1.0085426148741676
169  0.14577556500078503  1.008529671143484
170  0.1455557826501993  1.0085168111612666
171  0.1453336615136308  1.008503814331181
172  0.1451127806439474  1.0084908900720277
173  0.14488962643965342  1.00847783279472
174  0.14466791960303294  1.0084648602062987
175  0.1444435811421828  1.0084517336353547
176  0.14421971570313252  1.0084386347420287
177  0.14399424586986076  1.0084254419718235
178  0.14377239266623365  1.0084124608191243
179  0.14354509320438724  1.0083991609930483
180  0.1433080381226709  1.0083852903427104
181  0.14308315365441837  1.0083721318235892
182  0.14289626797107557  1.0083611967027386
183  0.14267246684128576  1.0083481015722988
184  0.14224976308820025  1.00832336818159
185  0.14115068075962522  1.008259058289721
186  0.1413343985723634  1.0082698080510122
187  0.14042553945298697  1.0082166285664806
188  0.13985190103923695  1.008183063633808
189  0.1397214821894608  1.0081754325201884
190  0.13903619981788262  1.0081353350369788
191  0.1387607063020262  1.0081192152634597
192  0.1383530999187068  1.0080953652553621
193  0.13824077510575283  1.0080887928663904
194  0.13777318660440652  1.008061433163501
195  0.13756034534378647  1.0080489793207816
196  0.13746835829344017  1.0080435969421304
197  0.13717786581249247  1.0080265995438895
198  0.13686464087652106  1.0080082720162427
199  0.1363395250573084  1.007977546254692
200  0.13593793550804245  1.0079540483057052
201  0.1350603707482022  1.0079026999277485
202  0.1354080874248993  1.0079230456482626
203  0.13489120284795908  1.0078928015160558
204  0.134737124000611  1.0078837860003345
205  0.1346109950340194  1.0078764058978689
206  0.13446412961550736  1.0078678124568332
207  0.13423138316761285  1.0078541939147934
208  0.13412010875216596  1.0078476829870502
209  0.13378054301942743  1.0078278141974362
210  0.1335677073471434  1.0078153606817035
211  0.1332431323438148  1.0077963690349225
212  0.13312914306355372  1.007789699254054
213  0.13273289952947775  1.007766514112989
214  0.13259915080529683  1.0077586881605867
215  0.13249264999529142  1.0077524565477245
216  0.13225511498787923  1.0077385578158051
217  0.13201130804599182  1.0077242920982499
218  0.13172819913121003  1.0077077267298298
219  0.13153042997994058  1.007696154791675
220  0.13145850763886746  1.0076919464463518
221  0.13140861490370437  1.0076890271050796
222  0.13128733939869586  1.0076819309900655
223  0.1311651387648265  1.007674780743586
224  0.13104391735730914  1.0076676877939434
225  0.13092130499340382  1.0076605134561714
226  0.1307989607626202  1.0076533548074988
227  0.1306757466506565  1.0076461452600325
228  0.13055371603650778  1.007639004961807
229  0.13042988043767723  1.0076317590496824
230  0.13030542639521026  1.0076244769509664
231  0.13018085180092898  1.0076171877984803
232  0.13005910970684642  1.007610064382242
233  0.12993372906418565  1.0076027280659696
234  0.1298026799146832  1.0075950600720305
235  0.1296774645239812  1.0075877334250387
236  0.12956523158098976  1.0075811664115946
237  0.12944086473178973  1.0075738894147617
238  0.12927476692824713  1.0075641706416474
239  0.1291839179587836  1.0075588548547851
240  0.12915973349468202  1.0075574397649134
241  0.12904510798862767  1.0075507327569777
242  0.12892948541292915  1.007543967408152
243  0.1288145494277384  1.007537242233352
244  0.12869828260493887  1.0075304391881135
245  0.12858211135891506  1.0075236417352968
246  0.12846508693062075  1.007516794360779
247  0.12834910423872348  1.0075100079407076
248  0.12823126536777274  1.0075031129112346
249  0.12811229003334457  1.0074961513846108
250  0.12799366002148505  1.0074892100636226
251  0.127878784728784  1.0074824884400826
252  0.1277591526553289  1.007475488486114
253  0.1276293045704292  1.0074678907692896
254  0.12751175291486383  1.007461012545464
255  0.1274116180959649  1.007455153421713
256  0.12729844329748352  1.0074485312980892
257  0.127141245727173  1.0074393332985527
258  0.12706347394437767  1.0074347826886374
259  0.12703610346784844  1.0074331811776858
260  0.1269312342435025  1.0074270450327376
261  0.12682565144382352  1.0074208671348186
262  0.12672075613230083  1.0074147294634483
263  0.12661476679057837  1.0074085277777982
264  0.12650900098336315  1.007402339171678
265  0.1264024184229623  1.0073961027754077
266  0.12629646666612615  1.0073899032889375
267  0.12618928886227  1.007383632063573
268  0.12608211663868663  1.0073773611647234
269  0.1259741906658276  1.0073710461622307
270  0.1258670854402284  1.0073647791835905
271  0.1257584169007936  1.0073584207317814
272  0.12564905878308708  1.0073520219311256
273  0.12553952964264126  1.0073456131235272
274  0.12543205913592614  1.00733932477143
275  0.12532167208481693  1.0073328657654612
276  0.12520711127424644  1.0073261625430103
277  0.1250963112562622  1.0073196793733783
278  0.12499446855680596  1.0073137203175193
279  0.12488371389918274  1.0073072398020289
280  0.12474611748401332  1.0072991887121776
281  0.12465014853541012  1.0072935733432948
282  0.12454510387704343  1.0072874269332897
283  0.12441704453715119  1.0072799338801421
284  0.12432052731057541  1.007274286430226
285  0.12421943630064625  1.0072683713574888
286  0.12411238921507972  1.0072621077807586
287  0.12401034414763301  1.0072561368838726
288  0.12391429673565679  1.0072505169239134
289  0.1238138550036405  1.0072446398419541
290  0.12370785163111242  1.0072384373353285
291  0.12360639651526961  1.0072325009578982
292  0.12351061208181535  1.0072268963854307
293  0.12341055269705603  1.0072210416755085
294  0.1233050939629513  1.007214871036958
295  0.1232040183314752  1.0072089568640505
296  0.12310855208084293  1.0072033709092083
297  0.12300877622178774  1.007197532789042
298  0.122903417119679  1.0071913679801938
299  0.12280265806638901  1.0071854723310203
300  0.12270769547210703  1.0071799158462957
301  0.12260830910619536  1.007174100516289
302  0.12250305457911426  1.0071679418263717
303  0.12240270764178485  1.0071620702910726
304  0.12230830459851849  1.0071565465469938
305  0.12220946061995741  1.0071507629533465
306  0.12210477495549676  1.007144637548919
307  0.12200493055838257  1.0071387954184297
308  0.1219108688715157  1.0071332916479165
309  0.12181250570955371  1.0071275361879795
310  0.12170865749138726  1.007121459784504
311  0.12160922990701128  1.0071156420427083
312  0.12151525094767268  1.0071101431127776
313  0.12141712203244848  1.007104401359168
314  0.12131378307491625  1.00709835475373
315  0.12121457192449991  1.0070925496759942
316  0.1211206481670618  1.0070870539760561
317  0.12102259326377729  1.0070813165530594
318  0.12091926743535997  1.0070752707158368
319  0.12082015670627777  1.0070694715139892
320  0.12072646496302042  1.0070639893897468
321  0.12062852711906547  1.0070582588161667
322  0.12052500481611927  1.0070522014827572
323  0.12042605079699864  1.007046411450378
324  0.12033276603347176  1.0070409531394768
325  0.1202351301577369  1.0070352402347675
326  0.12013171377807952  1.0070291890991787
327  0.12003306222244026  1.0070234167646495
328  0.11994011950569472  1.0070179784677098
329  0.11984288095206541  1.0070122888112512
330  0.11974007398388753  1.0070062733337612
331  0.1196417638405517  1.0070005209760688
332  0.11954889439981464  1.0069950869666808
333  0.11945189249669885  1.0069894111572
334  0.11934968894804354  1.0069834309872059
335  0.11925157715344947  1.0069776902353644
336  0.1191586339556352  1.0069722519102764
337  0.11906165330303098  1.0069665773442134
338  0.11895959587653104  1.00696060572417
339  0.11886151878565798  1.006954867002925
340  0.11876860970134429  1.006949430673898
341  0.11867160031118162  1.0069437544263327
342  0.11856929028466667  1.0069377680260685
343  0.11847123024319073  1.0069320303024238
344  0.11837859548492535  1.006926610024859
345  0.11828170763668366  1.0069209408889972
346  0.11817916687458463  1.0069149409878513
347  0.11808126891785653  1.0069092127481665
348  0.11798903424550711  1.0069038158805697
349  0.11789248580779765  1.0068981666044163
350  0.11779023522738152  1.0068921836824831
351  0.11769265691818287  1.0068864741461272
352  0.11760065551932919  1.0068810909279111
353  0.11750445955662436  1.0068754622758993
354  0.11740290512120011  1.0068695200870468
355  0.1173056258877363  1.0068638280503153
356  0.1172136073036466  1.0068584438265507
357  0.11711755258288559  1.0068528234389373
358  0.1170164512364339  1.006846907761386
359  0.1169193049549011  1.0068412235039848
360  0.11682725101763758  1.0068358372116226
361  0.116731188125346  1.0068302163458738
362  0.11663004129971088  1.0068242980072286
363  0.11653292805687887  1.0068186156829995
364  0.11644106169473611  1.006813240366099
365  0.11634505432299591  1.006807622748988
366  0.11624360610675022  1.0068016867752694
367  0.11614661247179392  1.0067960114495782
368  0.11605520036639627  1.0067906627123082
369  0.1159594961261542  1.0067850628321342
370  0.11585804968895774  1.006779126962512
371  0.11576139120682016  1.0067734712474004
372  0.11567045685263866  1.0067681504644777
373  0.11557525499567733  1.006762579979931
374  0.11547448216429479  1.006756683524569
375  0.11537828305299658  1.0067510546883256
376  0.1152875657693877  1.0067457466067127
377  0.11519275745429791  1.0067401991492262
378  0.11509280251950027  1.006734350550917
379  0.11499696094092371  1.0067287426347542
380  0.11490629577765665  1.006723437602825
381  0.11481165811116734  1.0067179001303894
382  0.11471204860521911  1.0067120717439346
383  0.11461640466164347  1.0067064753918602
384  0.11452593234755948  1.0067011816439901
385  0.11443142319567035  1.0066956516912464
386  0.11433169672580634  1.0066898164609577
387  0.11423625274109783  1.006684231808947
388  0.11414629470718685  1.0066789681528194
389  0.11405211915862645  1.0066734577199907
390  0.11395229565785614  1.0066676168121957
391  0.11385725829633897  1.0066620559526642
392  0.11376801538103642  1.0066568341398083
393  0.11367448455624729  1.006651361431284
394  0.11357524829328891  1.006645554884154
395  0.11348084761429034  1.0066400312784143
396  0.11339214352548321  1.0066348409935637
397  0.11329930509994013  1.0066294087989474
398  0.11320120002221357  1.006623668440126
399  0.11310743350012553  1.0066181819403983
400  0.11301898746569838  1.0066130067549162
401  0.11292659219880163  1.0066076004905546
402  0.11282928165428707  1.0066019066217402
403  0.11273596328584379  1.006596446344536
404  0.11264780769674732  1.0065912881536936
405  0.11255571280185639  1.0065858994648047
406  0.11245859615330966  1.006580216941299
407  0.1123656477299726  1.0065747783104533
408  0.11227810110924141  1.0065696557517818
409  0.11218644615873097  1.0065642928050733
410  0.11208931147016787  1.006558609226004
411  0.11199689929716439  1.0065532019724261
412  0.1119102728340291  1.0065481332543398
413  0.11181940898768106  1.0065428165969963
414  0.11172283646947156  1.0065371659118365
415  0.1116312429147941  1.0065318065575422
416  0.1115454574392647  1.0065267870476187
417  0.11145556000644363  1.0065215269374033
418  0.11136036626598367  1.0065159569277722
419  0.1112696677964119  1.0065106499470124
420  0.11118437191962405  1.0065056590846626
421  0.1110951903062275  1.0065004408587253
422  0.11100118301878814  1.0064949402712509
423  0.11091118255093946  1.0064896741322136
424  0.11082631639549201  1.00648470841387
425  0.11073762709667156  1.0064795189944165
426  0.11064410433645677  1.0064740467577693
427  0.11055466122814894  1.0064688132311497
428  0.11047052740182706  1.0064638903631054
429  0.11038241801036908  1.0064587348753955
430  0.11028901616304287  1.0064532697136457
431  0.11020026144368134  1.0064480764662822
432  0.11011722376258781  1.0064432177362732
433  0.11003005875961647  1.0064381175069546
434  0.10993729048045442  1.0064326894167681
435  0.10984952702519357  1.0064275541705985
436  0.10976754992800286  1.006422757497848
437  0.10968156759213854  1.006417726469163
438  0.10959040355724758  1.006412392247082
439  0.10950373785754663  1.006407321233172
440  0.10942241695798072  1.0064025629560875
441  0.10933734364076997  1.006397585116222
442  0.10924762578869174  1.006392335513698
443  0.1091618360774228  1.0063873157559313
444  0.10908106618844715  1.0063825897197727
445  0.10899662596206061  1.00637764892354
446  0.10890755877188596  1.0063724373927745
447  0.10882246624840453  1.006367458429105
448  0.10874255295245305  1.0063627825142185
449  0.1086588169067162  1.0063578829212516
450  0.10856997259218948  1.0063526844314645
451  0.10848570028069315  1.0063477534603271
452  0.108407022982271  1.006343149866563
453  0.10832437386801652  1.0063383138725135
454  0.10823630595971656  1.0063331608120807
455  0.10815316564309863  1.0063282960766258
456  0.10807565823592558  1.00632376093595
457  0.10799433063029928  1.0063190022664783
458  0.10790808161566923  1.0063139556337917
459  0.10782615748515556  1.006309162060246
460  0.10774936450833406  1.0063046687225703
461  0.1076690188876378  1.0062999675113464
462  0.10758430141227737  1.0062950104926243
463  0.10750332491967807  1.0062902723676015
464  0.10742715766163424  1.006285815642203
465  0.10734750452711594  1.0062811549499742
466  0.1072634447432953  1.0062762364143307
467  0.10718323070613145  1.0062715429023688
468  0.10710802463326452  1.0062671424181757
469  0.10702916173697141  1.0062625279646435
470  0.10694536402408761  1.006257624763387
471  0.10686606129484888  1.006252984574195
472  0.1067921797143313  1.0062486615891642
473  0.1067145186570797  1.0062441174580607
474  0.106631695538148  1.0062392712825885
475  0.1065536153055966  1.0062347026245526
476  0.10648089401686911  1.0062304475309232
477  0.1064045969473808  1.0062259832099518
478  0.10632375057296495  1.00622125269845
479  0.10624690903755107  1.0062167565194968
480  0.10617486356393446  1.006212540969399
481  0.10609950589031947  1.0062081316146894
482  0.10602009774436005  1.006203485257317
483  0.10594417499589048  1.0061990428387486
484  0.10587278953706347  1.0061948659076683
485  0.10579811484975954  1.006190496516094
486  0.10571924475138661  1.0061858816411513
487  0.10564408615839038  1.0061814839351169
488  0.1055737395690366  1.0061773677907324
489  0.1054999069200061  1.006173047668798
490  0.10542130516332071  1.0061684484951587
491  0.10534711019270171  1.006164107172936
492  0.1052781126921094  1.0061600699669075
493  0.10520555887197491  1.0061558246722595
494  0.1051281744016791  1.0061512967249093
495  0.10505523436267195  1.0061470288316867
496  0.10498728284333114  1.0061430528284814
497  0.10491603191683863  1.0061388837692042
498  0.10484065666198761  1.0061344733857753
499  0.10476888920347782  1.006130274102995
500  0.10470152412465006  1.0061263324138034
501  0.10463109594563835  1.0061222114954163
502  0.10455693555714185  1.0061178721966748
503  0.10448599265005698  1.0061137211603377
504  0.10441929952709816  1.0061098187888642
505  0.10434950774772278  1.0061057351077165
506  0.10427570664180374  1.0061014168314435
507  0.10420549374662247  1.0060973085098197
508  0.10413988740997393  1.0060934697287693
509  0.10407096713457842  1.006089437041369
510  0.10399745117131265  1.0060851354494633
511  0.10392822351487274  1.0060810847764754
512  0.10386392351303875  1.006077322432147
513  0.10379631187613036  1.0060733663162624
514  0.10372426137384172  1.006069150471925
515  0.10365626493417401  1.0060651718403257
516  0.10359283097311711  1.0060614601700801
517  0.10352637706786616  1.0060575717957976
518  0.1034562159670438  1.0060534665047833
519  0.10338926303865859  1.0060495489314836
520  0.10332632053521129  1.0060458660175784
521  0.10326054813458385  1.0060420175197342
522  0.10319132416813914  1.0060379670626565
523  0.10312507679058458  1.006034090772795
524  0.10306280816020008  1.0060304472887878
525  0.10299761579374589  1.006026632730107
526  0.10292857399009292  1.0060225929318025
527  0.10286301040289336  1.0060187566521228
528  0.10280184438685391  1.006015177684674
529  0.10273753822883469  1.006011414980133
530  0.10266883471642363  1.0060073949760449
531  0.10260425224906533  1.0060036161039945
532  0.10254429123135211  1.0060001076438316
533  0.10248126973094229  1.0059964201076284
534  0.10241422342262974  1.0059924970704495
535  0.10235080242054984  1.005988786158464
536  0.10229150988377755  1.0059853168126933
537  0.10222945891254942  1.005981686064435
538  0.10216407345416145  1.0059778602074911
539  0.10210153803018229  1.0059742011127633
540  0.10204265653569977  1.0059707558180435
541  0.10198115204725411  1.005967157045778
542  0.1019164310918691  1.0059633700704675
543  0.1018544834541314  1.005959745368495
544  0.10179627066886832  1.0059563392015243
545  0.10173529207595733  1.0059527712006435
546  0.10167060616158619  1.0059489862756652
547  0.10160929464306157  1.0059453987945237
548  0.10155217003670791  1.00594205629946
549  0.10149207910382418  1.005938540237655
550  0.10142781570966808  1.0059347800353284
551  0.1013674588450102  1.00593124841323
552  0.10131140076024425  1.0059279683228526
553  0.10125252269708462  1.0059245232289076
554  0.10119001241449599  1.0059208656052614
555  0.10113071776647231  1.0059173961359564
556  0.10107514764599945  1.0059141445975175
557  0.10101705246568116  1.0059107453118887
558  0.10095594160218124  1.0059071695715447
559  0.10089737485199468  1.005903742693254
560  0.10084214785781831  1.0059005112319417
561  0.10078447999774365  1.005897136949825
562  0.10072379742080717  1.0058935862695355
563  0.10066571071608665  1.0058901874798336
564  0.10061113595947391  1.0058869941824753
565  0.10055394040036747  1.0058836475357993
566  0.1004931744718277  1.005880091978411
567  0.10043567354117355  1.0058767274637277
568  0.10038214907522303  1.0058735956213458
569  0.10032582623891839  1.0058703000397335
570  0.1002655642459791  1.0058667739688023
571  0.10020897324012823  1.0058634626959593
572  0.10015636871000111  1.005860384681186
573  0.10010116017610848  1.0058571543000283
574  0.10004265987960737  1.005853731310099
575  0.09998702186106434  1.0058504757987845
576  0.0999347552426123  1.005847417556018
577  0.09988016638266939  1.0058442234334406
578  0.0998228316719505  1.0058408686446765
579  0.09976778128112573  1.0058376475168418
580  0.09971579237808581  1.0058346055238572
581  0.09966152648550775  1.00583143029886
582  0.09960443284149711  1.0058280896154759
583  0.0995497641422991  1.0058248908213159
584  0.09949839287136453  1.0058218849674383
585  0.09944453869948033  1.005818733833187
586  0.09938725837708906  1.0058153822268119
587  0.0993331160029316  1.005812214229168
588  0.09928274234175694  1.0058092667477836
589  0.09922972463310564  1.0058061645569631
590  0.09917298246824036  1.0058028444394507
591  0.09911969136673215  1.0057997262517713
592  0.09907011023904744  1.0057968251433855
593  0.09901810802568767  1.005793782371583
594  0.0989630882160889  1.0057905630331274
595  0.09891064866428101  1.0057874946716236
596  0.0988612848549566  1.0057846062790463
597  0.09880977242358169  1.0057815921655395
598  0.09875574372205609  1.0057784308191484
599  0.09870377576948819  1.0057753900520254
600  0.09865461794927144  1.005772513712355
601  0.09860333523993625  1.005769513040425
602  0.0985494124199301  1.0057663578894107
603  0.0984977340220794  1.005763334064815
604  0.09844913546040601  1.0057604904486774
605  0.09839819005944606  1.0057575095134537
606  0.09834398003676048  1.005754337557535
607  0.09829275327726628  1.0057513401593619
608  0.09824509180067909  1.0057485513742763
609  0.09819492074645186  1.0057456157479012
610  0.09814119845529723  1.0057424723303017
611  0.09809075351752394  1.005739520678356
612  0.0980437960724968  1.0057367730878126
613  0.09799456302467335  1.0057338923463983
614  0.09794251553305411  1.005730846925258
615  0.09789284120874597  1.0057279403637187
616  0.09784600501671847  1.0057251998679737
617  0.09779716653911852  1.005722342213791
618  0.09774600765545483  1.0057193487871923
619  0.09769671514561074  1.0057164645665149
620  0.09765000204561958  1.0057137312731745
621  0.0976013087010621  1.0057108821110674
622  0.09755017250848497  1.0057078900121774
623  0.09750108186220652  1.005705017603012
624  0.0974548423964191  1.005702312023123
625  0.09740639517701943  1.0056994772623777
626  0.09735487210606364  1.0056964625263238
627  0.09730613953715539  1.0056936110691077
628  0.09726076984210552  1.0056909563815497
629  0.0972130038695711  1.0056881614821604
630  0.09716180921444473  1.0056851659624895
631  0.09711377792236975  1.00568235553863
632  0.09706907423510547  1.005679739820754
633  0.09702220054733868  1.0056769971310453
634  0.09697264049123144  1.0056740972556069
635  0.09692532526708553  1.005671328730566
636  0.09688067113601107  1.0056687159123392
637  0.09683413320062795  1.0056659928682918
638  0.09678543627433978  1.0056631434966092
639  0.09673844161603184  1.0056603937286297
640  0.09669381689331535  1.0056577826311548
641  0.09664734953909249  1.0056550637169774
642  0.09659864589341527  1.0056522139521273
643  0.09655177232089096  1.0056494712691615
644  0.09650750736293101  1.005646881222369
645  0.09646118145063809  1.0056441705842913
646  0.09641200737925049  1.0056412932937266
647  0.09636538002894812  1.0056385650178024
648  0.09632190114529882  1.0056360209660662
649  0.09627612592993662  1.005633342550561
650  0.09622701034023073  1.0056304686818973
651  0.09618098618312432  1.0056277757002252
652  0.09613818684798703  1.0056252714104708
653  0.09609328113752347  1.0056226438717422
654  0.09604573080052192  1.0056198615896952
655  0.09600039015033446  1.0056172086016204
656  0.09595760635296213  1.0056147052210171
657  0.0959130228086491  1.0056120965329878
658  0.09586639291355237  1.0056093681081615
659  0.09582134687469857  1.0056067323584887
660  0.09577849533160843  1.005604225013924
661  0.09573392559905602  1.0056016171340534
662  0.09568732151364212  1.0055988902194122
663  0.0956423318477313  1.005596257768253
664  0.09559970102953153  1.0055937633388208
665  0.09555516582628254  1.0055911574793408
666  0.09550805678065688  1.00558840101829
667  0.09546319144037985  1.0055857758417162
668  0.09542122518100271  1.0055833202971836
669  0.09537707043235266  1.0055807366989968
670  0.09532968779713435  1.0055779642295757
671  0.09528529593547841  1.0055753667573493
672  0.09524405385418933  1.0055729535861797
673  0.09520072545511116  1.0055704183396499
674  0.09515468334984167  1.0055677243077887
675  0.09511094384951913  1.005565165006758
676  0.0950697577896884  1.005562755113536
677  0.09502680718501344  1.0055602419726453
678  0.09498184315276281  1.0055576110213715
679  0.09493842272499264  1.0055550703900267
680  0.09489708109209871  1.0055526513938586
681  0.09485412019338668  1.0055501376506393
682  0.09480929792766213  1.0055475149944586
683  0.09476590059979795  1.0055449757147434
684  0.0947246214987052  1.0055425603774584
685  0.09468160108147694  1.0055400431516706
686  0.09463632215439566  1.0055373937751602
687  0.09459293342251973  1.0055348549984162
688  0.0945521373068946  1.0055324679217468
689  0.09450929858764523  1.0055299613275352
690  0.09446345986056592  1.0055272791958103
691  0.0944203684211351  1.0055247578143467
692  0.09438031850745687  1.005522414399708
693  0.09433816889411417  1.0055199481267036
694  0.0942931148406917  1.0055173119080796
695  0.09425061293288328  1.0055148250214976
696  0.09421078343163669  1.0055124945037086
697  0.0941691655698591  1.005510059344739
698  0.09412546102394992  1.0055075020889734
699  0.09408336728032873  1.005505039085038
700  0.09404331641667474  1.0055026956148139
701  0.0940017111514142  1.005500261192896
702  0.09395837270008223  1.0054977253581854
703  0.09391631240004639  1.0054952643111128
704  0.09387615453777254  1.0054929145801477
705  0.09383441642961765  1.0054904723852798
706  0.09379075048055296  1.0054879173879063
707  0.09374860546873731  1.0054854513841482
708  0.0937086959879061  1.0054831161865656
709  0.09366694137131149  1.00548067302575
710  0.09362257251485717  1.005478076899612
711  0.09358051451386484  1.005475615987062
712  0.09354128008483342  1.0054733202883477
713  0.09349995328433869  1.0054709021600583
714  0.09345553255858163  1.0054683029989255
715  0.09341393951361232  1.0054658692920457
716  0.09337519825306528  1.0054636024497792
717  0.09333459249233156  1.0054612265112222
718  0.09329169723895314  1.0054587166090658
719  0.09325062539122675  1.0054563133986625
720  0.09321167451235579  1.0054540342911351
721  0.09317117820092313  1.0054516647567138
722  0.09312898224631705  1.0054491957721732
723  0.09308801254727572  1.0054467985387296
724  0.09304880997206766  1.0054445047038576
725  0.09300814905895827  1.005442125538205
726  0.09296582007901466  1.0054396487700392
727  0.0929247236760481  1.005437244122851
728  0.09288553657454723  1.0054349511933818
729  0.09284471575286013  1.0054325626711025
730  0.09280173298372607  1.0054300476481934
731  0.0927605468307684  1.0054276377495222
732  0.09272182677540897  1.0054253721480213
733  0.09268113347580198  1.0054229910873587
734  0.09263746818640906  1.0054204361285843
735  0.09259653239047261  1.005418040878891
736  0.09255850714766234  1.0054158159325062
737  0.09251849635894394  1.005413474807161
738  0.09247577684284514  1.0054109751878062
739  0.09243537715894001  1.0054086113072886
740  0.09239739440598749  1.0054063888470857
741  0.09235776990292144  1.0054040703242222
742  0.09231628145044679  1.0054016427372954
743  0.09227616739382527  1.0053992955695021
744  0.09223784502094201  1.0053970532373382
745  0.09219810922557481  1.0053947282025004
746  0.09215683423350685  1.005392313105644
747  0.0921166387297011  1.0053899611721844
748  0.09207811736216176  1.005387707196375
749  0.09203814943369071  1.0053853685788834
750  0.09199644357763126  1.0053829282711615
751  0.0919560586522511  1.0053805652542
752  0.09191769089817858  1.005378320266676
753  0.09187759842576992  1.0053759743618258
754  0.09183506021350507  1.0053734853509848
755  0.09179465052835811  1.0053711208852711
756  0.09175690522670299  1.0053689123189018
757  0.09171713217986366  1.005366585104393
758  0.09167428628173035  1.005364078090128
759  0.09163426446921019  1.0053617363197542
760  0.09159702531186398  1.0053595573690786
761  0.09155797738954874  1.005357272583311
762  0.09151669850881994  1.00535485725892
763  0.0914771752530047  1.0053525446602711
764  0.09143964971082208  1.0053503489525455
765  0.09140066529774094  1.0053480678828524
766  0.0913601076477003  1.0053456947593649
767  0.09132064091364456  1.0053433854679374
768  0.091282761210563  1.0053411690374248
769  0.09124354265922885  1.0053388742677518
770  0.0912028468923608  1.005336493062724
771  0.09116318312466054  1.0053341722423945
772  0.09112519009030451  1.0053319491806023
773  0.09108571475443705  1.0053296393858624
774  0.09104434628383651  1.0053272188193572
775  0.09100448070539302  1.0053248861906066
776  0.09096681410317065  1.0053226822291261
777  0.09092730429147733  1.0053203704171245
778  0.09088501925774128  1.0053178962203546
779  0.09084525381995345  1.0053155694510691
780  0.09080830654326033  1.005313407579017
781  0.09076935840399114  1.0053111286317904
782  0.09072751123867562  1.0053086800557314
783  0.09068823648289404  1.0053063819974042
784  0.09065147876433788  1.0053042312168448
785  0.0906130768318617  1.0053019842294617
786  0.09057279578907096  1.005299627290915
787  0.09053389306221049  1.005297351000875
788  0.09049670517023789  1.0052951750498569
789  0.09045818338715284  1.005292921049733
790  0.09041826804910447  1.005290585509431
791  0.0903792773619223  1.0052883040726255
792  0.09034175206856354  1.0052861083794589
793  0.09030293141735979  1.0052838368918584
794  0.09026265777252684  1.0052814803861836
795  0.09022340503567716  1.0052791836162358
796  0.09018584622196435  1.0052769859617146
797  0.09014676340276606  1.0052746991340484
798  0.09010563259699278  1.0052722924738708
799  0.090066191270741  1.0052699846691138
800  0.09002911821586723  1.0052678154374846
801  0.0899901067653911  1.00526553278577
802  0.08994805917571502  1.0052630724824105
803  0.0899088494664596  1.0052607782301086
804  0.08987251968095111  1.005258652488918
805  0.08983427700682323  1.0052564148201155
806  0.08979345291013563  1.0052540261062082
807  0.0897547982818474  1.005251764332999
808  0.08971836241794984  1.0052496323849125
809  0.08968041727994325  1.005247412125648
810  0.08964082744614321  1.005245095631365
811  0.08960238728872105  1.0052428464073506
812  0.08956549983953133  1.0052406880359466
813  0.08952734392540584  1.005238455443676
814  0.08948786668336839  1.0052361455374015
815  0.08944925714676333  1.005233886402613
816  0.08941208908976217  1.0052317116121858
817  0.08937361834041235  1.0052294605981658
818  0.08933363228732727  1.0052271209201606
819  0.08929474591156206  1.0052248455868615
820  0.0892576562815931  1.0052226753853843
821  0.08921896429753529  1.0052204114264014
822  0.08917800299440193  1.005218014684222
823  0.08913899640240375  1.0052157323167885
824  0.08910254372682114  1.0052135993850106
825  0.08906408866886306  1.0052113492891308
826  0.08902246710437822  1.0052089139135072
827  0.08898383335007065  1.0052066533616837
828  0.0889480138981199  1.0052045574813098
829  0.08891042466656007  1.005202358046969
830  0.0888706615208611  1.0052000314117988
831  0.08883259719200987  1.005197804178398
832  0.08879642028010193  1.0051956873822012
833  0.08875887796942283  1.0051934906933113
834  0.08871991683531633  1.005191210985726
835  0.08868190010159893  1.0051889865372283
836  0.08864529711258551  1.005186844810258
837  0.08860747840805894  1.0051846319489142
838  0.08856838281338597  1.0051823443737247
839  0.08853013125552056  1.005180106185114
840  0.08849334206519543  1.0051779535630672
841  0.08845521130652778  1.0051757224427016
842  0.08841542959620041  1.0051733947212715
843  0.08837691293155303  1.0051711410206396
844  0.08834038604948846  1.005169003746866
845  0.08830212691560735  1.0051667651149645
846  0.08826124562837778  1.005164373054704
847  0.08822275232137777  1.005162120720783
848  0.08818704236716823  1.0051600312473792
849  0.08814930906210094  1.0051578233829586
850  0.08810846622040536  1.0051554335722366
851  0.08807051080088035  1.0051532127113765
852  0.0880351727774561  1.005151145000518
853  0.08799823432411358  1.0051489836447411
854  0.08795951877854313  1.0051467183071183
855  0.0879220848602259  1.0051445279605205
856  0.08788622699176274  1.0051424298323062
857  0.08784915503812352  1.0051402606651128
858  0.08781089791949737  1.0051380221511288
859  0.08777338076719576  1.0051358269343147
860  0.08773712317954174  1.0051337054175904
861  0.08769972308625573  1.0051315170501747
862  0.08766113258551289  1.005129259029219
863  0.0876233246747189  1.0051270467994418
864  0.08758696567212199  1.0051249193486906
865  0.087549247959957  1.005122712396647
866  0.08750977537051552  1.0051204027626073
867  0.08747171246468965  1.005118175612471
868  0.08743582499166314  1.0051160757520239
869  0.08739807628220886  1.0051138669862563
870  0.08735731095547239  1.0051114817111169
871  0.0873194511326203  1.005109266443843
872  0.08728457018893188  1.0051072254777946
873  0.08724771992850522  1.0051050692823926
874  0.08720803762377938  1.0051027473774181
875  0.0871708764868675  1.005100572991902
876  0.087136055112918  1.005098535511419
877  0.08709977404995328  1.005096412621099
878  0.08706197320629527  1.0050942008048367
879  0.08702521486408521  1.0050920499877856
880  0.08698985862344366  1.0050899812109948
881  0.08695337489646282  1.0050878464623265
882  0.08691582140856746  1.0050856491194313
883  0.08687892106725548  1.005083489993679
884  0.08684322408562939  1.0050814012793319
885  0.08680640979291332  1.005079247188485
886  0.08676841179428152  1.0050770238362212
887  0.08673121446571919  1.0050748473330464
888  0.08669552011265647  1.0050727587725026
889  0.08665841996141987  1.0050705879554016
890  0.08661940413090241  1.0050683050474005
891  0.08658200973185193  1.0050661170131678
892  0.08654699496421137  1.0050640682167653
893  0.08651001385370483  1.0050619043650173
894  0.08646970421198386  1.0050595457530798
895  0.08643272416457293  1.0050573819635362
896  0.08639873385353447  1.0050553931104989
897  0.0863629711898033  1.0050533005529372
898  0.08632498969984526  1.0050510781666349
899  0.08628880337304468  1.0050489608195505
900  0.08625450772797805  1.0050469541007012
901  0.08621891778785395  1.005044871649604
902  0.08618203659610435  1.0050427136443374
903  0.08614601198732597  1.005040605759755
904  0.08611129002766638  1.0050385740962362
905  0.08607546596559867  1.0050364779461136
906  0.08603855240902414  1.005034318047105
907  0.08600234229978865  1.0050321993084546
908  0.08596744035037263  1.0050301571133118
909  0.08593133060963432  1.0050280442474584
910  0.08589379488091065  1.005025847943694
911  0.08585734220217156  1.0050237150117316
912  0.08582271875642278  1.0050216891124932
913  0.0857864766854396  1.0050195685036858
914  0.08574776206808254  1.005017303220375
915  0.08571135090767246  1.0050151727177477
916  0.08567770499180527  1.0050132040160817
917  0.08564204533954323  1.0050111174859635
918  0.08560311506021112  1.0050088395837635
919  0.085567390752461  1.0050067492705006
920  0.08553430348547508  1.0050048132566944
921  0.08549976594063502  1.0050027923837204
922  0.08546376059382377  1.005000685626201
923  0.08542876691211154  1.0049986380635858
924  0.08539508663352702  1.0049966673512765
925  0.085360390938653  1.004994637224572
926  0.08532482091153115  1.0049925559386315
927  0.08528975054761467  1.00499050388916
928  0.08525569483380624  1.0049885112092527
929  0.08522068679775618  1.0049864628067318
930  0.0851847834957209  1.004984362020092
931  0.08514943182267964  1.0049822935105621
932  0.08511529776716364  1.0049802962466976
933  0.08507997703152281  1.0049782295473877
934  0.08504316361888442  1.0049760755080364
935  0.08500755638546942  1.0049739920450682
936  0.08497399990460974  1.0049720285764547
937  0.08493863932711476  1.0049699595459045
938  0.08490015355875735  1.004967707653087
939  0.08486486974768226  1.0049656431143206
940  0.08483267090841196  1.0049637590845095
941  0.08479856825549548  1.0049617636580848
942  0.08476171367324115  1.0049596072098024
943  0.08472736578571816  1.0049575974341238
944  0.0846952169923404  1.0049557163326157
945  0.08466178605737973  1.004953760209988
946  0.08462714027905405  1.0049517330040183
947  0.08459329340279886  1.0049497525436877
948  0.08456060729986381  1.0049478400029335
949  0.08452698257637237  1.0049458725412832
950  0.08449256453148835  1.0049438586605328
951  0.08445859764828989  1.0049418711783134
952  0.08442561746040056  1.0049399414299571
953  0.08439169766454324  1.0049379567029288
954  0.084356857938097  1.0049359181485984
955  0.08432262075081276  1.0049339148502514
956  0.08428968278858917  1.0049319875726181
957  0.084255496732213  1.0049299872660604
958  0.08421961118379218  1.0049278875182268
959  0.08418519989730433  1.0049258740329259
960  0.08415308736527238  1.0049239950531543
961  0.08411905083484805  1.004922003495712
962  0.08408149872234327  1.0049198062332942
963  0.08404770691976282  1.0049178289954535
964  0.08401683306923569  1.00491602249385
965  0.08398448143760473  1.0049141295237987
966  0.0839505566050569  1.004912144502062
967  0.08391778831945518  1.0049102271526067
968  0.08388639779097729  1.0049083904189613
969  0.08385401172995766  1.0049064954343654
970  0.08382076717052933  1.0049045502170086
971  0.08378803768184184  1.0049026351376522
972  0.08375629899482329  1.0049007780324317
973  0.08372366759480299  1.0048988686924738
974  0.08369022075237664  1.0048969116390631
975  0.08365728151121943  1.0048949842865964
976  0.0836254698827068  1.0048931229133975
977  0.08359257668335829  1.0048911982549453
978  0.08355836833706287  1.0048891966441522
979  0.0835252149473884  1.0048872567613523
980  0.0834939144933825  1.0048854252981758
981  0.083460976435353  1.0048834980149368
982  0.08342524425438558  1.0048814072409933
983  0.08339236843042674  1.004879483599216
984  0.08336239559970049  1.0048777298184002
985  0.08333057286378842  1.004875867795281
986  0.08329590969233658  1.0048738395715986
987  0.08326396743088227  1.0048719705547589
988  0.08323422172817663  1.0048702300637378
989  0.0832033045478493  1.0048684210268055
990  0.08317134829245532  1.0048665511911479
991  0.08314005440877514  1.0048647201124166
992  0.08310975174357771  1.0048629470322101
993  0.08307865399093606  1.0048611274295671
994  0.08304696282972557  1.0048592731051935
995  0.0830155731695621  1.004857436422355
996  0.08298497317717324  1.0048556459448352
997  0.08295360127775264  1.0048538103012195
998  0.0829215670956559  1.0048519359058872
999  0.0828899191726391  1.0048500841114818
1000  0.08285928849566637  1.0048482918385346
1001  0.08282763528309423  1.004846439734625
1002  0.0827946974516679  1.004844512464645
1003  0.08276282217813591  1.0048426473674263
1004  0.08273286537218028  1.0048408945242573
1005  0.0827011981800676  1.004839041602372
1006  0.08266634154192043  1.004837002058498
1007  0.08263495633002527  1.0048351656359382
1008  0.08260650321496832  1.0048335007772602
1009  0.08257645826278592  1.0048317427764482
1010  0.08254436732708736  1.004829865060329
1011  0.08251401879974007  1.00482808929662
1012  0.0824853796444448  1.0048264135522902
1013  0.08245566621359235  1.0048246749495708
1014  0.08242495192450705  1.0048228777842827
1015  0.0823949032126966  1.004821119563486
1016  0.08236590415720657  1.0048194227605491
1017  0.08233604137773842  1.0048176754190912
1018  0.08230540122907415  1.004815882591933
1019  0.08227525271633351  1.0048141185315493
1020  0.08224612624273597  1.0048124142730794
1021  0.08221605469444515  1.0048106547160667
1022  0.08218492854247406  1.0048088334517122
1023  0.08215460326329516  1.0048070590483085
1024  0.08212576364920832  1.0048053715746632
1025  0.08209558953813645  1.004803606016461
1026  0.08206334187827924  1.0048017191300425
1027  0.0820330941088595  1.0047999492619168
1028  0.08200531385320786  1.0047983237738252
1029  0.0819757433191276  1.004796593532332
1030  0.08194305308771332  1.004794680750011
1031  0.08191362670683144  1.0047929589432607
1032  0.08188646714436099  1.0047913697733866
1033  0.08185829136463374  1.0047897211422507
1034  0.08182933219839217  1.0047880266733278
1035  0.08180082193982752  1.0047863584710486
1036  0.08177304354525716  1.0047847330918531
1037  0.08174467151036169  1.004783072977366
1038  0.08171597576042577  1.0047813939215504
1039  0.08168737432916773  1.0047797203845426
1040  0.08165927754698044  1.0047780763757388
1041  0.08163064478931692  1.0047764010057494
1042  0.08160170588821658  1.0047747077225875
1043  0.08157284865006831  1.004773019217717
1044  0.08154456939171273  1.0047713645318033
1045  0.08151562934925316  1.0047696711818574
1046  0.08148609105186688  1.0047679428266094
1047  0.08145692076323918  1.0047662360044192
1048  0.08142882549089503  1.0047645920839596
1049  0.08139960709883254  1.004762882447124
1050  0.08136860155115122  1.0047610682396104
1051  0.08133934667504783  1.004759356468008
1052  0.08131270055436113  1.00475779734082
1053  0.08128395757508311  1.0047561155215046
1054  0.08125048266335988  1.0047541568256935
1055  0.08122293781227607  1.0047525451116763
1056  0.08119662133453698  1.004751005272673
1057  0.08117066582450294  1.0047494865547384
1058  0.08114468496365268  1.0047479663534684
1059  0.08111879527400434  1.0047464514868396
1060  0.08109289544940412  1.004744936027191
1061  0.08106709581116656  1.0047434264296822
1062  0.08104127645763981  1.004741915678585
1063  0.08101556224098438  1.004740411079294
1064  0.08098981812769135  1.00473890473068
1065  0.08096418436405284  1.004737404838884
1066  0.08093850922450618  1.0047359025260862
1067  0.08091294962778905  1.0047344069739712
1068  0.0808873358429576  1.0047329082511822
1069  0.08086184256847917  1.0047314165797372
1070  0.08083628095903217  1.0047299209098528
1071  0.08081084433393271  1.0047284325530963
1072  0.08078532397009275  1.0047269392965892
1073  0.08075993225639266  1.0047254535677042
1074  0.08073444032221255  1.0047239619746835
1075  0.08070907955949969  1.0047224780568136
1076  0.08068360131041263  1.0047209872645397
1077  0.08065825529535742  1.00471950420959
1078  0.08063277414662318  1.004718013247651
1079  0.08060742460052772  1.0047165299860916
1080  0.08058192236976292  1.0047150377905936
1081  0.08055654931636647  1.004713553153567
1082  0.0805310066143029  1.0047120585899978
1083  0.08050558893872473  1.0047105713420224
1084  0.08047998566542258  1.0047090732342876
1085  0.080454501769335  1.0047075821115945
1086  0.08042881764343357  1.004706079272984
1087  0.08040324608150107  1.0047045830207562
1088  0.08037746112375066  1.004703074282237
1089  0.08035178112270214  1.0047015716849812
1090  0.08032587603594754  1.0047000559174317
1091  0.08030006784858501  1.0046985458196935
1092  0.08027402427162278  1.004697021948756
1093  0.08024806936972961  1.0046955032664056
1094  0.08022187001324343  1.0046939702804416
1095  0.08019575115249267  1.0046924420044727
1096  0.08016937984180572  1.0046908989570644
1097  0.08014308103899836  1.0046893601522624
1098  0.08011652269205694  1.004687806160923
1099  0.08009002914974661  1.0046862559614549
1100  0.08006326971513378  1.0046846902040028
1101  0.08003656771954049  1.0046831278074428
1102  0.08000959409326325  1.0046815495171326
1103  0.07998267090252664  1.0046799741779247
1104  0.07995547083636245  1.0046783826380843
1105  0.07992831456969884  1.0046767936610557
1106  0.07990087657917544  1.0046751881997011
1107  0.07987347611215045  1.0046735849339352
1108  0.07984578938885534  1.0046719649186415
1109  0.0798181342587102  1.0046703467519373
1110  0.07979018858927023  1.0046687115850959
1111  0.07976226890776184  1.0046670779388691
1112  0.07973405460077954  1.0046654270534132
1113  0.07970586098504617  1.0046637773786509
1114  0.07967736880489396  1.0046621102341822
1115  0.07964889228972627  1.0046604440063085
1116  0.07962011340190134  1.0046587600858996
1117  0.07959134546532054  1.0046570768062737
1118  0.0795622713709152  1.0046553756126335
1119  0.07953320353932081  1.004653674785445
1120  0.07950382609798867  1.0046519558422629
1121  0.07947445144266407  1.0046502370620964
1122  0.07944476249706545  1.004648499892067
1123  0.07941506820225464  1.0046467624090425
1124  0.07938506131397616  1.0046450066354389
1125  0.07935506665647674  1.0046432515774872
1126  0.0793247272274018  1.0046414763461398
1127  0.07929427454488858  1.0046396944880673
1128  0.07926363892181687  1.0046379019257123
1129  0.07923360843004512  1.004636144771013
1130  0.07920242768804497  1.0046343203124677
1131  0.07916691500664352  1.00463224238196
1132  0.07913853279304894  1.0046305816718932
1133  0.07911821391623952  1.0046293927666252
1134  0.07909317630627932  1.004627927757183
1135  0.07904593850088404  1.0046251637620953
1136  0.07892385677664371  1.004618020473298
1137  0.07892078949912307  1.0046178409996764
1138  0.07883758280115827  1.004612972380093
1139  0.07876112095033483  1.0046084984173782
1140  0.07874586433506381  1.0046076057169382
1141  0.07871827787593766  1.0046059915683367
1142  0.0786756108599369  1.004603495020886
1143  0.07863209640027802  1.004600948887514
1144  0.07858437164806586  1.004598156400023
1145  0.07854431477800339  1.0045958125783498
1146  0.07854000807351869  1.0045955605829417
1147  0.07852294875082366  1.0045945624018509
1148  0.07850162213612388  1.0045933145314687
1149  0.0784804436285238  1.0045920753271815
1150  0.07845916515537277  1.0045908302736746
1151  0.07843798100927091  1.004589590739465
1152  0.078416702074392  1.0045883456589417
1153  0.07839552813428952  1.0045871067219094
1154  0.07837424146486205  1.004585861188819
1155  0.07835305729877506  1.0045846216534402
1156  0.07833174719688729  1.0045833747492618
1157  0.07831053854295489  1.0045821337810417
1158  0.07828918985075717  1.0045808846188533
1159  0.07826793931039833  1.0045796411997596
1160  0.07824653577547136  1.0045783888285942
1161  0.07822522620894212  1.0045771419557408
1162  0.07820375147251424  1.0045758854184081
1163  0.07818236536337919  1.0045746340668666
1164  0.07816080312528839  1.004573372409606
1165  0.07813932356396502  1.0045721155899572
1166  0.07811765799777814  1.0045708478867266
1167  0.07809606863932661  1.0045695846425895
1168  0.07807428455935561  1.0045683100048386
1169  0.07805257007887378  1.0045670394395174
1170  0.0780306531105538  1.0045657570261566
1171  0.07800879902948599  1.004564478292477
1172  0.07798673563535763  1.0045631873113976
1173  0.0779647286129086  1.004561899628758
1174  0.07794250611941478  1.0045605993384008
1175  0.07792033353025973  1.0045593019680639
1176  0.07789794006578388  1.0045579916737926
1177  0.07787559051267767  1.0045566839488784
1178  0.07785301497406927  1.0045553630010213
1179  0.07783047717830271  1.0045540442615866
1180  0.07780770914803092  1.0045527120505893
1181  0.07778497391791728  1.0045513817588068
1182  0.07776200357060747  1.0045500377097638
1183  0.0777390591090591  1.004548695175358
1184  0.07771587731402141  1.0045473387540111
1185  0.07769272067499511  1.004545983804602
1186  0.07766931821246448  1.0045446144714814
1187  0.07764592332505049  1.0045432455815986
1188  0.07762229361568795  1.0045418629517313
1189  0.07759870820219039  1.0045404829137194
1190  0.0775748365272646  1.004539086125878
1191  0.07755085943946638  1.0045376831700816
1192  0.07752676733648034  1.004536273484476
1193  0.07750310819091799  1.0045348891322274
1194  0.07747868430289695  1.0045334600330993
1195  0.07745234399240553  1.0045319187995851
1196  0.07742846527118108  1.0045305215994484
1197  0.07740953025957498  1.004529413667388
1198  0.07738647978040625  1.0045280649296413
1199  0.07734271907331236  1.0045255043877528
1200  0.07722379924290801  1.0045185461088
1201  0.07726417034728317  1.0045209083170619
1202  0.07715063961965762  1.0045142653671866
1203  0.07708477205942099  1.00451041130133
1204  0.07706726866607572  1.0045093871366209
1205  0.07704647168928824  1.0045081702565986
1206  0.07700830833927153  1.0045059372292362
1207  0.07696939765189337  1.0045036604734077
1208  0.07692669739030678  1.0045011619806796
1209  0.07689092067454462  1.0044990686009005
1210  0.07688827173008173  1.0044989136049303
1211  0.07687216583320311  1.004497971211026
1212  0.07685344057422494  1.0044968755520851
1213  0.07683483516303258  1.00449578690572
1214  0.07681614419286331  1.004494693253098
1215  0.07679753051404725  1.0044936041229746
1216  0.07677883445071376  1.0044925101723396
1217  0.07676022402807692  1.0044914212327432
1218  0.07674151662569861  1.0044903266186338
1219  0.07672289348928074  1.004489236935124
1220  0.07670416201898655  1.0044881409127446
1221  0.0766855142238757  1.0044870497863967
1222  0.0766667461010706  1.0044859516193925
1223  0.0766480593691351  1.0044848582147592
1224  0.07662924105382807  1.0044837571108736
1225  0.07661050096936073  1.0044826605844588
1226  0.07659161865472908  1.004481555735822
1227  0.07657281041729591  1.0044804552216167
1228  0.07655385022124606  1.004479345815955
1229  0.07653495930622445  1.0044782404640895
1230  0.07651590760479154  1.0044771257042326
1231  0.07649691988499308  1.004476014688092
1232  0.07647776349733393  1.004474893802798
1233  0.07645866555358272  1.0044737763371947
1234  0.07643939189976412  1.0044726485903819
1235  0.07642017102233467  1.0044715239316397
1236  0.0764007681839819  1.004470388625936
1237  0.0763814125107719  1.004469256079976
1238  0.0763618692641378  1.0044681125586534
1239  0.07634236763711044  1.004466971472592
1240  0.07632267342829713  1.0044658191181175
1241  0.07630301553093466  1.0044646688883114
1242  0.07628316044892669  1.004463507120768
1243  0.07626333644784922  1.0044623471718426
1244  0.07624331116578908  1.004461175445494
1245  0.07622331219768652  1.0044600052588366
1246  0.07620310792040064  1.004458823059056
1247  0.0761829248671505  1.004457642101144
1248  0.07616253329936284  1.0044564489425558
1249  0.0761421594293975  1.0044552568195089
1250  0.07612157259841634  1.004454052235612
1251  0.07610099650677282  1.004452848280099
1252  0.07608020720433906  1.0044516318491212
1253  0.0760594327067422  1.0044504162844092
1254  0.07603843256772402  1.004449187516887
1255  0.07601741643541582  1.00444795781356
1256  0.07599620324285994  1.0044467165797744
1257  0.07597506623002559  1.0044454798034432
1258  0.0759536147465707  1.0044442246266967
1259  0.07593186184609468  1.0044429518133313
1260  0.07591025796840256  1.0044416877196396
1261  0.07588981889457236  1.0044404917813612
1262  0.07586781707434265  1.0044392044031156
1263  0.07583950733584943  1.0044375479337373
1264  0.07582322983926226  1.0044365954991306
1265  0.07581952272039938  1.0044363785868875
1266  0.07579957145360128  1.0044352111913457
1267  0.07577938999758749  1.0044340303268917
1268  0.07575915981085313  1.0044328466110883
1269  0.07573878461940431  1.0044316544107181
1270  0.07571860008749798  1.0044304733662863
1271  0.07569798946157336  1.0044292673900914
1272  0.07567671276483068  1.0044280224405264
1273  0.07565605913723839  1.0044268139482027
1274  0.07563750106245715  1.0044257280716022
1275  0.0756166380667721  1.0044245073286593
1276  0.07558537711791224  1.004422678177022
1277  0.07557584109689186  1.0044221202020052
1278  0.07553516992137421  1.004419740435875
1279  0.07550165961702304  1.0044177796691578
1280  0.07545859694363555  1.0044152599708631
1281  0.07545678604694184  1.0044151540110386
1282  0.07543639128378687  1.004413960665482
1283  0.07541422199378522  1.0044126634881863
1284  0.07539309369361957  1.004411427221654
1285  0.0753704127821535  1.004410100108183
1286  0.07534041535933289  1.0044083448884258
1287  0.07532616217056509  1.0044075109008304
1288  0.07532060723292677  1.0044071858683652
1289  0.0753008280308507  1.0044060285407348
1290  0.07528081087300198  1.0044048572897528
1291  0.07526070381395622  1.00440368077844
1292  0.07524049356045637  1.0044024982289772
1293  0.0752206120739749  1.0044013349164458
1294  0.07520012365502582  1.0044001360908685
1295  0.07517818290076139  1.004398852285736
1296  0.07515803998501769  1.0043976736763638
1297  0.07514180770439483  1.0043967238874494
1298  0.0751221709506934  1.0043955748948086
1299  0.07508523522128552  1.0043934136984154
1300  0.07499200819890717  1.0043879587660847
1301  0.07497527325295972  1.00438697956504
1302  0.07492180524234715  1.0043838510259928
1303  0.0748628505758574  1.0043804014498068
1304  0.07486485989425284  1.0043805190197514
1305  0.07483357197793228  1.0043786882901848
1306  0.07480435677861264  1.0043769788401642
1307  0.07477462778511512  1.004375239326838
1308  0.07474299199371681  1.004373388242282
1309  0.07471435676072569  1.0043717127274554
1310  0.07470420005617184  1.0043711184347852
1311  0.07469681704021924  1.0043706864371587
1312  0.07467929941348816  1.0043696614396205
1313  0.07466214681610983  1.0043686578008084
1314  0.07464450991166915  1.004367625824051
1315  0.07462620659913954  1.0043665548541891
1316  0.0746084665760034  1.0043655168437144
1317  0.07459195648863248  1.004364550799674
1318  0.0745742407264871  1.0043635142087668
1319  0.0745534806997652  1.00436229949078
1320  0.07453677543097303  1.0043613220262155
1321  0.07452090035662973  1.0043603931382803
1322  0.07450529311823806  1.0043594799220572
1323  0.07448963514935036  1.004358563737473
1324  0.0744740185598195  1.0043576499740923
1325  0.07445837309372683  1.0043567345210762
1326  0.07444277819212819  1.0043558220267077
1327  0.0744271470321487  1.0043549074107758
1328  0.07441156876784005  1.0043539958898942
1329  0.0743959475088053  1.00435308185329
1330  0.07438038171007066  1.0043521710617982
1331  0.0743647654511177  1.0043512573177606
1332  0.07434920695207214  1.0043503469533908
1333  0.07433358991369377  1.004349433163747
1334  0.07431803255486513  1.0043485228660942
1335  0.07430240803270494  1.0043476086385568
1336  0.07428684457786683  1.0043466979842122
1337  0.0742712049130223  1.0043457828706406
1338  0.07425562702862265  1.0043448713719885
1339  0.07423996363157404  1.00434395486979
1340  0.0742243619377938  1.0043430419779948
1341  0.07420866537404891  1.0043421235351346
1342  0.0741930295793164  1.0043412086480126
1343  0.07417728971781412  1.0043402876716991
1344  0.07416160883140521  1.0043393701461572
1345  0.07414581504401352  1.0043384460145128
1346  0.0741300776425825  1.0043375251821438
1347  0.07411421903137838  1.004336597257506
1348  0.07409841354105196  1.0043356724410957
1349  0.074082479164162  1.0043347400832292
1350  0.07406659411815597  1.0043338106118291
1351  0.0740505731876141  1.004332873189505
1352  0.07403459743053165  1.0043319384103864
1353  0.07401847946534101  1.0043309953103365
1354  0.0740024022929947  1.0043300545971723
1355  0.07398617722236056  1.0043291052301313
1356  0.07396998846080916  1.0043281579876202
1357  0.07395364668174498  1.0043272017916944
1358  0.07393733671745706  1.0043262474573262
1359  0.07392086911576445  1.0043252838992227
1360  0.07390442889087623  1.0043243219430005
1361  0.07388782683567563  1.0043233505177058
1362  0.07387124782081378  1.0043223804405557
1363  0.07385450314169562  1.0043214006700003
1364  0.07383777729614172  1.004320422001441
1365  0.07382088225013561  1.0043194334325654
1366  0.07380400197601245  1.0043184457280274
1367  0.07378694920955176  1.004317447930557
1368  0.07376990730480415  1.004316450768631
1369  0.0737526898141806  1.0043154433327626
1370  0.07373547942646241  1.0043144363125018
1371  0.07371809051900668  1.0043134188466312
1372  0.07370070510331883  1.0043124015850724
1373  0.07368313836053786  1.0043113737136387
1374  0.07366557163797327  1.004310345843388
1375  0.07364782088154431  1.004309307204883
1376  0.07363006680882167  1.004308268372334
1377  0.0736121260688467  1.004307218617445
1378  0.07359417878938601  1.0043061684799153
1379  0.07357604227826531  1.0043051072699962
1380  0.07355789615249364  1.0043040454975012
1381  0.07353955823091629  1.0043029725025825
1382  0.07352120759005365  1.0043018987634287
1383  0.07350266278106898  1.0043008136630411
1384  0.07348410279463535  1.0042997276745853
1385  0.07346534559689233  1.0042986301468324
1386  0.07344656841250552  1.0042975314496136
1387  0.0734275940751914  1.0042964212165135
1388  0.07340860648286551  1.0042953102078314
1389  0.07338940700969288  1.0042941868015027
1390  0.07337014369125006  1.004293059659437
1391  0.07335072914218  1.004291923668512
1392  0.07333150249422671  1.0042907986721228
1393  0.07331178808869376  1.0042896451358907
1394  0.07329076103556853  1.004288414793561
1395  0.07327145263089896  1.0042872850133941
1396  0.07325713269752987  1.0042864471204151
1397  0.07323846226331476  1.0042853546694
1398  0.07320260622344443  1.0042832566481807
1399  0.07309625230620131  1.0042770336303595
1400  0.07304618986753209  1.0042741043593362
1401  0.07285480675947287  1.0042629060835884
1402  0.07280128559377941  1.0042597744343125
1403  0.07278904345755377  1.0042590581181308
1404  0.07272349971488201  1.0042552229996011
1405  0.07268047435132785  1.0042527054843924
1406  0.0726476892345983  1.0042507871501085
1407  0.07265726822701601  1.0042513476394828
1408  0.07263322529403304  1.0042499408309298
1409  0.07261880914070273  1.0042490973078944
1410  0.07260430321523148  1.00424824853208
1411  0.07258984615318875  1.0042474026153798
1412  0.07257528771299704  1.0042465507668055
1413  0.07256077331609212  1.0042457014953077
1414  0.07254615164022216  1.004244845946665
1415  0.07253157294156842  1.0042439929127207
1416  0.07251687914132499  1.0042431331439117
1417  0.07250222467863932  1.0042422756768354
1418  0.07248744902485926  1.0042414111185833
1419  0.07247270985458287  1.004240548695067
1420  0.07245784316390369  1.0042396788100316
1421  0.07244300896844647  1.0042388108263685
1422  0.07242804203532749  1.0042379350759123
1423  0.07241310412088187  1.0042370610234073
1424  0.07239802823204577  1.004236178897696
1425  0.07238297710939467  1.0042352982211122
1426  0.07236778376047126  1.0042344092225348
1427  0.07235261167005813  1.0042335214678433
1428  0.07233729286115853  1.0042326251283078
1429  0.07232199083503155  1.0042317297707717
1430  0.07230653880580828  1.0042308256362016
1431  0.0722911006158613  1.0042299223114002
1432  0.07227550809514216  1.0042290099563425
1433  0.07225992412743765  1.0042280981017417
1434  0.07224418404126232  1.0042271771122822
1435  0.07222845182675108  1.0042262565834117
1436  0.07221255749239708  1.0042253265685284
1437  0.07219666121280155  1.0042243964398243
1438  0.07218060634841283  1.0042234570319513
1439  0.07216456074579125  1.0042225181660056
1440  0.07214833837292522  1.0042215689568177
1441  0.07213208468182797  1.004220617915126
1442  0.07211569202472645  1.0042196587422068
1443  0.07209936742068013  1.0042187035512318
1444  0.07208278791251621  1.0042177334452174
1445  0.07206596241113172  1.004216748945561
1446  0.07204923966202281  1.004215770458182
1447  0.07203322467524365  1.0042148333836416
1448  0.07201625734218298  1.0042138405850805
1449  0.07199633117794113  1.0042126746583482
1450  0.07198082749537826  1.0042117675014197
1451  0.07196671922951425  1.0042109419936043
1452  0.07195275496008435  1.0042101249113586
1453  0.07193883409257196  1.0042093103686613
1454  0.07192489429508953  1.0042084947183272
1455  0.07191097476901209  1.0042076802541202
1456  0.07189703584303753  1.00420686465478
1457  0.07188311916316126  1.004206050357111
1458  0.07186918006825294  1.004205234747886
1459  0.07185526498319172  1.0042044205435336
1460  0.0718413241528153  1.004203604832762
1461  0.0718274092071719  1.0042027906365674
1462  0.07181346480012318  1.0042019747165165
1463  0.07179954823605528  1.0042011604256238
1464  0.07178559807695373  1.0042003441690068
1465  0.0717716777704509  1.0041995296591355
1466  0.07175771928945618  1.004198712915585
1467  0.07174379267755793  1.0041978980367703
1468  0.07172982284532414  1.004197080629032
1469  0.07171588684723407  1.0041962652010088
1470  0.07170190210806893  1.004195446921031
1471  0.07168795304394782  1.004194630728484
1472  0.07167394925169301  1.0041938113336648
1473  0.07165998276534702  1.0041929941217023
1474  0.07164595512822836  1.0041921733316643
1475  0.07163196612244793  1.004191354802037
1476  0.07161790916472954  1.0041905322963813
1477  0.07160389176014881  1.0041897121050734
1478  0.07158979930914566  1.0041888875226224
1479  0.07157574683820189  1.004188065279499
1480  0.07156161204435851  1.004187238219469
1481  0.07154751709005969  1.0041864134905443
1482  0.07153333248487326  1.0041855835159355
1483  0.07151918696877813  1.0041847558285213
1484  0.07150494456015966  1.0041839224716977
1485  0.07149073987569743  1.0041830913222032
1486  0.0714764312739955  1.0041822540922667
1487  0.07146215845195025  1.004181418955882
1488  0.07144777501399491  1.0041805773471
1489  0.07143342490019966  1.0041797376881934
1490  0.0714189578756248  1.0041788911885619
1491  0.07140452129942776  1.0041780464705365
1492  0.07138996196429748  1.0041771945695974
1493  0.07137542988083034  1.0041763442632172
1494  0.07136076964783344  1.0041754864585066
1495  0.07134613324509764  1.0041746300481607
1496  0.07133136374531523  1.0041737658499934
1497  0.07131661451487925  1.0041729028378332
1498  0.07130172765130771  1.0041720317724347
1499  0.07128685742694929  1.0041711616806357
1500  0.0712718454033976  1.0041702832918324
1501  0.07125684637439667  1.0041694056633708
1502  0.07124170170488286  1.0041685195131402
1503  0.07122656641113001  1.0041676339115078
1504  0.0712112819150672  1.0041667395796967
1505  0.07119600323007769  1.0041658455879057
1506  0.07118057201788386  1.004164942671389
1507  0.07116514312471856  1.0041640398905642
1508  0.07114955857754546  1.0041631280020573
1509  0.07113397294098556  1.0041622160498078
1510  0.07111822868731543  1.0041612948164984
1511  0.0711024800250184  1.0041603733252296
1512  0.07108656991606344  1.0041594423873372
1513  0.07107065216965747  1.0041585110025595
1514  0.07105457025484962  1.0041575700119025
1515  0.07103847756328296  1.0041566283906724
1516  0.07102221806662312  1.0041556770092837
1517  0.07100594473886346  1.004154724818605
1518  0.07098950203677734  1.0041537627174357
1519  0.07097304253331171  1.0041527996331785
1520  0.07095641113354045  1.004151826490864
1521  0.07093976002979385  1.004150852195624
1522  0.0709229345540362  1.0041498676974672
1523  0.07090608657057063  1.0041488818823312
1524  0.07088906173082543  1.0041478857189188
1525  0.07087201154197265  1.0041468880722704
1526  0.07085478215025542  1.004145879940041
1527  0.07083752502030904  1.0041448701847824
1528  0.0708200858667909  1.0041438497788966
1529  0.07080261503020646  1.00414282751916
1530  0.0707849613473831  1.0041417945606599
1531  0.07076727906714642  1.0041407599288583
1532  0.07074940429957988  1.00413971403417
1533  0.07073147194480445  1.0041386647699186
1534  0.07071337865442717  1.0041376060889469
1535  0.07069535423851114  1.0041365514379819
1536  0.0706769997026776  1.004135477470924
1537  0.07065803042090102  1.0041343675336352
1538  0.07063966583040726  1.0041332929782554
1539  0.07062389604060437  1.0041323702507667
1540  0.07060519297880086  1.0041312758906347
1541  0.07056950048496724  1.004129187438879
1542  0.07046863540260895  1.0041232855856952
1543  0.07043564650142464  1.0041213553275037
1544  0.07025113362866975  1.004110559045381
1545  0.07023096785020189  1.0041093790982567
1546  0.07022405805338838  1.0041089747897949
1547  0.07019697300530259  1.0041073899799327
1548  0.07017227943050497  1.0041059451007968
1549  0.07014379855807895  1.0041042786179697
1550  0.07008627882906171  1.00410091300335
1551  0.06985646812940582  1.0040874662388437
1552  0.06894586971468464  1.0040341849840513
1553  0.0662029684228097  1.0038736913787025
1554  0.08984366973680702  1.005256964410837
1555  0.06576855337951959  1.0038482727328613
1556  0.06616361704963969  1.0038713888373116
1557  0.06564320187641448  1.0038409381216127
