0  0.9889907978006391  
1  0.5588337057157575  
2  0.2745759524373519  
3  0.213297279902395  
4  0.18905689824315197  
5  0.17683945127086453  
6  0.1686636344429987  
7  0.16238466157268783  
8  0.15728184065541417  
9  0.15310478043031817  
10  0.1496864006310461  
11  0.14686128930677156  
12  0.1444840711009917  
13  0.14243920812569966  
14  0.14063702705140424  
15  0.13901039666868875  
16  0.13751142477265765  
17  0.13610644225111723  
18  0.13477103303541837  
19  0.13348648343716585  
20  0.13223760562797704  
21  0.13101146018896637  
22  0.12979663485440063  
23  0.12858290582507714  
24  0.12736119451480366  
25  0.12612375910281703  
26  0.12486455482046921  
27  0.12357967581964369  
28  0.12226776706262454  
29  0.12093028251959526  
30  0.11957148558957187  
31  0.11819815015755375  
32  0.11681900979323101  
33  0.11544407319066907  
34  0.11408393315220733  
35  0.11274914340383413  
36  0.11144966844097426  
37  0.11019438028227202  
38  0.10899059946100276  
39  0.10784372662820796  
40  0.10675703871366804  
41  0.10573170290610201  
42  0.1047670041923554  
43  0.10386072414717828  
44  0.10300958141388006  
45  0.10220965414759631  
46  0.10145673594472737  
47  0.10074660888910769  
48  0.10007523841621446  
49  0.09943890365209762  
50  0.09883427817941115  
51  0.09825847434978496  
52  0.09770906169175841  
53  0.09718406728802953  
54  0.09668196319815991  
55  0.0962016431449485  
56  0.09574238810585567  
57  0.09530381868252202  
58  0.09488583170765463  
59  0.09448851985412055  
60  0.09411207601479543  
61  0.0937566883316665  
62  0.09342243579579579  
63  0.0931091968279073  
64  0.09281658293844586  
65  0.09254390607495111  
66  0.09229018239169595  
67  0.09205416866080907  
68  0.09183442233361827  
69  0.09162937369281765  
70  0.09143739888055558  
71  0.09125688513576002  
72  0.09108628312815525  
73  0.09092414469104715  
74  0.09076914678458636  
75  0.09062010391083708  
76  0.09047597158644682  
77  0.09033584322532029  
78  0.0901989423068198  
79  0.09006461131044097  
80  0.08993229868762964  
81  0.08980154504548876  
82  0.08967196960613433  
83  0.08954325780735173  
84  0.08941515063635541  
85  0.08928743599989597  
86  0.08915994218608014  
87  0.08903253329028882  
88  0.08890510635778992  
89  0.08877758992162621  
90  0.08864994357213218  
91  0.0885221581718898  
92  0.08839425632317433  
93  0.0882662927025818  
94  0.08813835390139824  
95  0.08801055745366015  
96  0.08788304979833084  
97  0.0877560030093123  
98  0.08762961023392046  
99  0.08750407990223619  
100  0.08737962889540007  
101  0.08725647497921396  
102  0.08713482890507518  
103  0.08701488664177259  
104  0.08689682221894202  
105  0.0867807816335393  
106  0.0866668781974832  
107  0.08655518959760644  
108  0.08644575681247713  
109  0.08633858490023871  
110  0.08623364555225799  
111  0.08613088120987111  
112  0.08603021047137438  
113  0.08593153447433699  
114  0.08583474391894286  
115  0.0857397263958255  
116  0.08564637368724326  
117  0.08555458871883659  
118  0.08546429184655013  
119  0.0853754261711448  
120  0.0852879615871005  
121  0.0852018973011015  
122  0.08511726260977881  
123  0.08503411581176357  
124  0.08495254125076723  
125  0.08487264463442734  
126  0.08479454693388  
127  0.08471837731519383  
128  0.08464426565945393  
129  0.08457233526905716  
130  0.08450269632280016  
131  0.08443544053478291  
132  0.08437063731215189  
133  0.08430833152392059  
134  0.08424854281994798  
135  0.08419126630170704  
136  0.0841364742600128  
137  0.0840841186608089  
138  0.08403413407133842  
139  0.08398644076070982  
140  0.08394094776665406  
141  0.08389755578069136  
142  0.08385615975921112  
143  0.08381665121252191  
144  0.08377892015714083  
145  0.08374285673925197  
146  0.08370835255134412  
147  0.08367530167134274  
148  0.08364360145702598  
149  0.0836131531286215  
150  0.08358386217110847  
151  0.08355563858553383  
152  0.08352839701570347  
153  0.08350205677382005  
154  0.08347654178558095  
155  0.0834517804725653  
156  0.08342770558704138  
157  0.08340425401197693  
158  0.083381366536885  
159  0.08335898761823646  
160  0.0833370651314761  
161  0.08331555012033198  
162  0.08329439654781656  
163  0.08327356105237793  
164  0.08325300271172342  
165  0.08323268281640916  
166  0.08321256465435323  
167  0.08319261330741434  
168  0.08317279546060363  
169  0.08315307922427528  
170  0.08313343396962414  
171  0.08311383017737939  
172  0.08309423929993409  
173  0.08307463363664769  
174  0.08305498622246132  
175  0.08303527072958028  
176  0.08301546138237004  
177  0.08299553283175132  
178  0.08297546136049472  
179  0.08295521901718117  
180  0.08293478504237217  
181  0.08291413458811103  
182  0.08289324406829357  
183  0.08287209028468678  
184  0.08285065040077333  
185  0.08282890196439108  
186  0.08280682295903086  
187  0.08278439186805508  
188  0.08276158775151976  
189  0.08273839033525987  
190  0.08271478011185884  
191  0.08269073845286412  
192  0.08266624773118247  
193  0.08264129145286003  
194  0.0826158543969262  
195  0.08258992276215837  
196  0.08256348431812754  
197  0.08253652855659799  
198  0.08250904683655158  
199  0.08248103251485572  
200  0.08245248105577752  
201  0.08242339011651545  
202  0.08239375960946826  
203  0.08236359174130636  
204  0.08233289102561081  
205  0.08230166426322716  
206  0.0822699204852263  
207  0.08223767085499945  
208  0.08220492852763261  
209  0.08217170846606237  
210  0.08213802721464147  
211  0.08210390263211431  
212  0.08206935358715017  
213  0.08203439962098424  
214  0.08199906058273387  
215  0.08196335624404771  
216  0.08192730590047081  
217  0.08189092796755026  
218  0.08185423957997717  
219  0.08181725620181779  
220  0.08177999125604707  
221  0.08174245578028594  
222  0.08170465811558081  
223  0.08166660363326639  
224  0.0816282945043123  
225  0.08158972951389121  
226  0.08155090392295394  
227  0.08151180937705482  
228  0.08147243386186342  
229  0.08143276170371083  
230  0.0813927736128569  
231  0.08135244676676323  
232  0.0813117549301362  
233  0.08127066860887466  
234  0.08122915523491403  
235  0.08118717937942022  
236  0.08114470299223653  
237  0.08110168566616227  
238  0.08105808492504052  
239  0.0810138565354136  
240  0.08096895484201128  
241  0.0809233331277327  
242  0.08087694399929024  
243  0.0808297397996478  
244  0.08078167304865669  
245  0.08073269691291385  
246  0.0806827657055369  
247  0.08063183541596475  
248  0.08057986426903074  
249  0.08052681331147826  
250  0.08047264702285639  
251  0.0804173339463391  
252  0.08036084733343185  
253  0.0803031657947848  
254  0.0802442739478636  
255  0.08018416305025977  
256  0.08012283160631706  
257  0.08006028593291559  
258  0.07999654066974582  
259  0.07993161921849767  
260  0.07986555409532192  
261  0.07979838725704236  
262  0.07973017150213313  
263  0.07966096260536815  
264  0.07959083389715926  
265  0.07951986544503142  
266  0.07944814529319588  
267  0.0793757695509435  
268  0.07930284173560076  
269  0.07922947193115104  
270  0.07915577581944944  
271  0.07908187361292707  
272  0.07900788891056854  
273  0.07893394750030469  
274  0.07886017613235641  
275  0.07878670128937804  
276  0.07871364797876179  
277  0.07864113857137611  
278  0.07856929170873961  
279  0.07849822129783368  
280  0.07842803560903489  
281  0.07835883648904829  
282  0.07829071869655824  
283  0.07822376936456266  
284  0.0781580675896335  
285  0.07809368414516416  
286  0.07803068131294244  
287  0.07796911282523034  
288  0.0779090239079282  
289  0.07785045141444202  
290  0.07779342403926948  
291  0.07773796260033683  
292  0.07768408037927677  
293  0.07763178350930466  
294  0.07758107140132098  
295  0.07753193719916884  
296  0.0774843682561408  
297  0.07743834662552262  
298  0.07739384955864492  
299  0.07735085000455011  
300  0.0773093171062843  
301  0.0772692166888801  
302  0.07723051173518236  
303  0.07719316284571187  
304  0.07715712867934543  
305  0.07712236637219894  
306  0.07708883193222249  
307  0.0770564806077434  
308  0.07702526722849035  
309  0.07699514651810013  
310  0.07696607337750183  
311  0.07693800313905896  
312  0.076910891791659  
313  0.07688469617737725  
314  0.0768593741604775  
315  0.07683488477013445  
316  0.07681118831800315  
317  0.07678824649242977  
318  0.07676602243088282  
319  0.07674448077238294  
320  0.07672358769187682  
321  0.07670331091825278  
322  0.07668361973794247  
323  0.07666448498578315  
324  0.07664587902494091  
325  0.07662777571734769  
326  0.07661015038634067  
327  0.07659297977276447  
328  0.07657624198584767  
329  0.0765599164500218  
330  0.07654398384876371  
331  0.07652842606628041  
332  0.07651322612794687  
333  0.07649836814020916  
334  0.07648383723048702  
335  0.07646961948772468  
336  0.07645570190383733  
337  0.07644207231669109  
338  0.07642871935466933  
339  0.07641563238314109  
340  0.0764028014530963  
341  0.07639021725194384  
342  0.07637787105665184  
343  0.07636575468932194  
344  0.07635386047503678  
345  0.07634218120222236  
346  0.07633071008534542  
347  0.07631944072993213  
348  0.07630836709986555  
349  0.07629748348690502  
350  0.0762867844823164  
351  0.0762762649505695  
352  0.0762659200049276  
353  0.07625574498499266  
354  0.07624573543592505  
355  0.07623588708935869  
356  0.07622619584593604  
357  0.07621665775923359  
358  0.07620726902112851  
359  0.07619802594845648  
360  0.0761889249708837  
361  0.07617996261985394  
362  0.07617113551863597  
363  0.07616244037333819  
364  0.07615387396474016  
365  0.07614543314107103  
366  0.07613711481145602  
367  0.07612891594010962  
368  0.0761208335411363  
369  0.07611286467393819  
370  0.07610500643920359  
371  0.07609725597530337  
372  0.07608961045517215  
373  0.07608206708363119  
374  0.07607462309503543  
375  0.07606727575123806  
376  0.07606002233993658  
377  0.07605286017318225  
378  0.07604578658622607  
379  0.076038798936504  
380  0.07603189460290205  
381  0.07602507098510103  
382  0.07601832550315368  
383  0.0760116555971071  
384  0.0760050587268748  
385  0.07599853237206144  
386  0.0759920740319977  
387  0.07598568122576466  
388  0.07597935149233481  
389  0.07597308239077816  
390  0.07596687150045933  
391  0.07596071642130209  
392  0.07595461477410681  
393  0.07594856420084062  
394  0.07594256236498997  
395  0.07593660695190707  
396  0.07593069566913613  
397  0.0759248262468104  
398  0.07591899643797495  
399  0.07591320401893686  
400  0.07590744678960926  
401  0.07590172257386762  
402  0.07589602921982042  
403  0.07589036460015497  
404  0.07588472661240986  
405  0.07587911317924412  
406  0.07587352224869781  
407  0.07586795179441674  
408  0.07586239981588883  
409  0.07585686433859629  
410  0.07585134341423361  
411  0.07584583512080634  
412  0.0758403375628044  
413  0.07583484887128422  
414  0.07582936720392808  
415  0.07582389074513118  
416  0.07581841770601039  
417  0.0758129463244207  
418  0.0758074748649219  
419  0.07580200161874506  
420  0.07579652490370525  
421  0.07579104306412876  
422  0.07578555447069069  
423  0.07578005752025896  
424  0.07577455063575067  
425  0.07576903226585452  
426  0.07576350088484707  
427  0.0757579549922407  
428  0.07575239311253723  
429  0.07574681379484505  
430  0.0757412156125008  
431  0.07573559716264078  
432  0.0757299570657669  
433  0.07572429396523006  
434  0.07571860652670881  
435  0.0757128934376099  
436  0.0757071534064514  
437  0.07570138516223968  
438  0.07569558745368687  
439  0.07568975904852182  
440  0.07568389873265535  
441  0.07567800530933  
442  0.0756720775982399  
443  0.07566611443458926  
444  0.07566011466807654  
445  0.07565407716189121  
446  0.07564800079158562  
447  0.0756418844439849  
448  0.07563572701598242  
449  0.07562952741333073  
450  0.07562328454937084  
451  0.0756169973437345  
452  0.07561066472101285  
453  0.07560428560937338  
454  0.07559785893916149  
455  0.07559138364147722  
456  0.07558485864672826  
457  0.07557828288315238  
458  0.0755716552753608  
459  0.07556497474285429  
460  0.07555824019853996  
461  0.0755514505472834  
462  0.07554460468444368  
463  0.07553770149445305  
464  0.07553073984945358  
465  0.07552371860794149  
466  0.07551663661344077  
467  0.07550949269334295  
468  0.07550228565770478  
469  0.07549501429819061  
470  0.07548767738710438  
471  0.07548027367648902  
472  0.07547280189741079  
473  0.07546526075930793  
474  0.07545764894949247  
475  0.0754499651328231  
476  0.07544220795149648  
477  0.07543437602507197  
478  0.07542646795059216  
479  0.07541848230298653  
480  0.07541041763558387  
481  0.07540227248089681  
482  0.07539404535162475  
483  0.07538573474181132  
484  0.0753773391283239  
485  0.07536885697253082  
486  0.07536028672219097  
487  0.07535162681366936  
488  0.07534287567430742  
489  0.0753340317251614  
490  0.07532509338390347  
491  0.07531605906801164  
492  0.07530692719823306  
493  0.07529769620229743  
494  0.07528836451885124  
495  0.07527893060167612  
496  0.0752693929241387  
497  0.07525974998385454  
498  0.07525000030760365  
499  0.0752401424564445  
500  0.07523017503105944  
501  0.07522009667722229  
502  0.07520990609152545  
503  0.0751996020272293  
504  0.07518918330021784  
505  0.0751786487951629  
506  0.075167997471695  
507  0.07515722837073502  
508  0.07514634062081849  
509  0.07513533344450474  
510  0.07512420616474569  
511  0.0751129582112855  
512  0.0751015891269663  
513  0.07509009857393778  
514  0.07507848633984604  
515  0.0750667523437869  
516  0.07505489664211862  
517  0.07504291943407915  
518  0.07503082106717351  
519  0.0750186020422261  
520  0.07500626301819913  
521  0.07499380481664708  
522  0.07498122842575694  
523  0.0749685350040582  
524  0.074955725883605  
525  0.07494280257278896  
526  0.07492976675855156  
527  0.07491662030815516  
528  0.0749033652703408  
529  0.0748900038759377  
530  0.07487653853786513  
531  0.07486297185052992  
532  0.07484930658852618  
533  0.07483554570477569  
534  0.07482169232793434  
535  0.0748077497591435  
536  0.0747937214681349  
537  0.07477961108861941  
538  0.07476542241304629  
539  0.07475115938665233  
540  0.07473682610089627  
541  0.07472242678625818  
542  0.07470796580436201  
543  0.07469344763959795  
544  0.07467887689011843  
545  0.07466425825827239  
546  0.07464959654063952  
547  0.07463489661751188  
548  0.07462016344201128  
549  0.07460540202880817  
550  0.07459061744255224  
551  0.07457581478600295  
552  0.074560999187951  
553  0.07454617579098066  
554  0.07453134973917386  
555  0.07451652616566795  
556  0.07450171018033602  
557  0.07448690685746284  
558  0.07447212122359192  
559  0.0744573582455359  
560  0.07444262281866898  
561  0.07442791975544827  
562  0.07441325377437569  
563  0.07439862948931542  
564  0.07438405139918824  
565  0.07436952387832874  
566  0.0743550511672112  
567  0.0743406373638239  
568  0.07432628641562067  
569  0.07431200211209421  
570  0.07429778807803467  
571  0.07428364776741025  
572  0.07426958445795173  
573  0.07425560124643027  
574  0.07424170104463523  
575  0.07422788657603141  
576  0.07421416037313311  
577  0.07420052477554084  
578  0.07418698192867401  
579  0.07417353378312541  
580  0.07416018209469066  
581  0.07414692842501047  
582  0.0741337741427639  
583  0.07412072042545659  
584  0.07410776826176313  
585  0.0740949184543106  
586  0.07408217162300024  
587  0.07406952820869483  
588  0.07405698847738207  
589  0.0740445525246155  
590  0.07403222028040257  
591  0.07401999151425076  
592  0.0740078658405976  
593  0.07399584272438164  
594  0.07398392148687816  
595  0.07397210131165177  
596  0.07396038125061766  
597  0.07394876023030217  
598  0.07393723705809929  
599  0.0739258104286018  
600  0.07391447892995373  
601  0.07390324105024215  
602  0.073892095183833  
603  0.07388103963770187  
604  0.0738700726377064  
605  0.07385919233481186  
606  0.07384839681119226  
607  0.07383768408633817  
608  0.07382705212296048  
609  0.07381649883289354  
610  0.07380602208279896  
611  0.07379561969983994  
612  0.07378528947715846  
613  0.07377502917928302  
614  0.07376483654745492  
615  0.07375470930469397  
616  0.07374464516092516  
617  0.0737346418178425  
618  0.07372469697372408  
619  0.07371480832815991  
620  0.07370497358659245  
621  0.073695190464805  
622  0.07368545669330273  
623  0.07367577002162462  
624  0.07366612822246132  
625  0.07365652909581633  
626  0.07364697047300583  
627  0.07363745022057544  
628  0.07362796624418289  
629  0.07361851649240392  
630  0.07360909896041246  
631  0.07359971169368962  
632  0.07359035279160997  
633  0.0735810204109627  
634  0.07357171276946517  
635  0.07356242814917846  
636  0.07355316489990771  
637  0.07354392144249866  
638  0.07353469627214759  
639  0.07352548796157088  
640  0.07351629516418368  
641  0.07350711661721798  
642  0.07349795114471935  
643  0.07348879766053684  
644  0.07347965517120292  
645  0.07347052277874533  
646  0.07346139968339715  
647  0.07345228518622127  
648  0.07344317869162775  
649  0.07343407970977056  
650  0.07342498785880258  
651  0.07341590286700406  
652  0.07340682457473957  
653  0.07339775293625417  
654  0.07338868802129161  
655  0.07337963001646841  
656  0.07337057922648649  
657  0.07336153607504026  
658  0.07335250110553515  
659  0.07334347498145743  
660  0.0733344584865302  
661  0.07332545209827723  
662  0.07331645694428557  
663  0.07330746757554996  
664  0.07329849177394399  
665  0.07328953148051842  
666  0.07328058865686915  
667  0.07327166490697867  
668  0.0732627618455084  
669  0.07325388119400311  
670  0.07324502479111827  
671  0.07323619458627495  
672  0.07322739263070976  
673  0.07321862106907273  
674  0.07320988213201207  
675  0.07320117812928184  
676  0.07319251144298522  
677  0.07318388452064695  
678  0.07317529986789895  
679  0.07316676004074596  
680  0.07315826763744937  
681  0.07314982528989278  
682  0.0731414356547142  
683  0.07313310140403695  
684  0.07312482521597907  
685  0.073116609765006  
686  0.07310845771208385  
687  0.0731003716948313  
688  0.07309235431766936  
689  0.07308440814196893  
690  0.0730765356763814  
691  0.07306873936732772  
692  0.07306102158971872  
693  0.07305338463801303  
694  0.07304583071759496  
695  0.07303836193660296  
696  0.07303098029823163  
697  0.07302368769350853  
698  0.07301648589470955  
699  0.07300937654931505  
700  0.07300236117465908  
701  0.07299544115323175  
702  0.07298861772868448  
703  0.07298189200256955  
704  0.07297526493180406  
705  0.07296873732685993  
706  0.07296230985074703  
707  0.07295598301862638  
708  0.07294975719833574  
709  0.07294363261136749  
710  0.07293760933475413  
711  0.07293168730347466  
712  0.07292586631354203  
713  0.07292014602562746  
714  0.0729145259692695  
715  0.07290900554752544  
716  0.07290358404212638  
717  0.07289826061899307  
718  0.07289303433409366  
719  0.07288790413962232  
720  0.07288286889040752  
721  0.07287792735052223  
722  0.07287307819997435  
723  0.07286832004162569  
724  0.07286365140800555  
725  0.07285907076819953  
726  0.07285457653471616  
727  0.07285016707021508  
728  0.07284584069414357  
729  0.07284159568923898  
730  0.07283743030781298  
731  0.07283334277782794  
732  0.07282933130880898  
733  0.07282539409740674  
734  0.07282152933273689  
735  0.07281773520146251  
736  0.07281400989254061  
737  0.07281035160167693  
738  0.07280675853550234  
739  0.07280322891540814  
740  0.07279976098111829  
741  0.07279635299388454  
742  0.07279300323946192  
743  0.07278971003075019  
744  0.07278647171014074  
745  0.07278328665161293  
746  0.07278015326254461  
747  0.07277706998525357  
748  0.07277403529834281  
749  0.07277104771773524  
750  0.07276810579757365  
751  0.07276520813081366  
752  0.07276235334970993  
753  0.07275954012606423  
754  0.0727567671712982  
755  0.07275403323637197  
756  0.07275133711155268  
757  0.07274867762603132  
758  0.07274605364738262  
759  0.0727434640809177  
760  0.0727409078688861  
761  0.07273838398958954  
762  0.07273589145630466  
763  0.07273342931611759  
764  0.07273099664866367  
765  0.07272859256460862  
766  0.07272621620411412  
767  0.07272386673500186  
768  0.0727215433508469  
769  0.0727192452687232  
770  0.07271697172683389  
771  0.07271472198174522  
772  0.07271249530544988  
773  0.07271029098202653  
774  0.07270810830408247  
775  0.07270594656897045  
776  0.07270380507492646  
777  0.0727016831175058  
778  0.07269957998670074  
779  0.07269749496559452  
780  0.07269542733160772  
781  0.07269337636182982  
782  0.07269134134429056  
783  0.0726893215967489  
784  0.07268731649414173  
785  0.0726853255039307  
786  0.07268334822559042  
787  0.07268138442688765  
788  0.07267943406640365  
789  0.07267749729170792  
790  0.072675574407569  
791  0.07267366581734347  
792  0.07267177195060492  
793  0.07266989319464057  
794  0.07266802984469067  
795  0.07266618207945341  
796  0.07266434995933346  
797  0.0726625334398453  
798  0.07266073239210147  
799  0.07265894662414307  
800  0.07265717590003284  
801  0.0726554199553654  
802  0.07265367850930127  
803  0.07265195127355784  
804  0.07265023795889769  
805  0.07264853827972684  
806  0.07264685195720721  
807  0.07264517872122134  
808  0.07264351831161708  
809  0.07264187047877668  
810  0.07264023498384953  
811  0.07263861159868112  
812  0.07263700010556873  
813  0.07263540029690829  
814  0.07263381197479712  
815  0.07263223495052451  
816  0.07263066904414828  
817  0.07262911408399053  
818  0.07262756990617392  
819  0.07262603635415188  
820  0.0726245132782617  
821  0.07262300053528448  
822  0.07262149798802553  
823  0.07262000550493819  
824  0.07261852295973714  
825  0.07261705023102394  
826  0.07261558720198058  
827  0.07261413376004111  
828  0.07261268979661195  
829  0.07261125520678191  
830  0.07260982988909359  
831  0.07260841374526905  
832  0.07260700668004516  
833  0.072605608600943  
834  0.0726042194180806  
835  0.07260283904402565  
836  0.07260146739361018  
837  0.0726001043838258  
838  0.07259874993367155  
839  0.07259740396401815  
840  0.07259606639754512  
841  0.07259473715858844  
842  0.07259341617308024  
843  0.072592103368457  
844  0.07259079867358287  
845  0.07258950201867653  
846  0.07258821333525012  
847  0.07258693255603377  
848  0.07258565961494379  
849  0.0725843944470147  
850  0.07258313698836927  
851  0.07258188717613578  
852  0.07258064494847971  
853  0.07257941024449244  
854  0.0725781830041845  
855  0.07257696316848417  
856  0.07257575067916555  
857  0.07257454547882314  
858  0.07257334751087896  
859  0.07257215671953898  
860  0.07257097304975291  
861  0.07256979644721762  
862  0.07256862685836118  
863  0.07256746423028948  
864  0.07256630851081391  
865  0.07256515964839083  
866  0.07256401759214226  
867  0.07256288229180441  
868  0.07256175369776163  
869  0.07256063176098282  
870  0.07255951643302427  
871  0.07255840766604948  
872  0.07255730541274485  
873  0.07255620962640374  
874  0.0725551202608199  
875  0.07255403727033871  
876  0.07255296060984118  
877  0.07255189023470221  
878  0.07255082610079999  
879  0.07254976816451275  
880  0.07254871638270322  
881  0.07254767071269597  
882  0.07254663111230752  
883  0.07254559753979006  
884  0.07254456995384939  
885  0.07254354831364218  
886  0.0725425325787461  
887  0.07254152270917047  
888  0.07254051866535516  
889  0.07253952040812894  
890  0.07253852789874116  
891  0.07253754109883026  
892  0.07253655997043795  
893  0.07253558447596498  
894  0.07253461457822097  
895  0.07253365024035585  
896  0.07253269142591035  
897  0.07253173809876978  
898  0.07253079022316822  
899  0.0725298477637053  
900  0.07252891068529765  
901  0.07252797895321073  
902  0.07252705253305236  
903  0.0725261313907275  
904  0.0725252154924706  
905  0.07252430480484129  
906  0.07252339929470453  
907  0.0725224989292067  
908  0.07252160367582117  
909  0.07252071350231104  
910  0.0725198283767079  
911  0.07251894826735228  
912  0.07251807314284764  
913  0.0725172029720833  
914  0.07251633772421773  
915  0.07251547736867092  
916  0.07251462187513469  
917  0.07251377121354918  
918  0.07251292535411746  
919  0.07251208426728017  
920  0.07251124792373942  
921  0.07251041629443822  
922  0.0725095893505373  
923  0.07250876706346654  
924  0.07250794940485994  
925  0.07250713634658379  
926  0.07250632786073985  
927  0.0725055239196446  
928  0.07250472449582834  
929  0.07250392956204132  
930  0.07250313909124206  
931  0.07250235305659514  
932  0.07250157143146363  
933  0.07250079418943245  
934  0.07250002130427069  
935  0.07249925274993452  
936  0.07249848850059404  
937  0.07249772853059044  
938  0.07249697281446077  
939  0.0724962213269309  
940  0.0724954740429008  
941  0.07249473093744851  
942  0.07249399198582984  
943  0.07249325716347776  
944  0.07249252644600157  
945  0.07249179980917131  
946  0.07249107722892334  
947  0.07249035868136  
948  0.0724896441427555  
949  0.07248893358952924  
950  0.07248822699825686  
951  0.07248752434570238  
952  0.07248682560873543  
953  0.07248613076441368  
954  0.07248543978993072  
955  0.07248475266262733  
956  0.07248406935998919  
957  0.07248338985965785  
958  0.07248271413940088  
959  0.07248204217713239  
960  0.07248137395090948  
961  0.07248070943892393  
962  0.07248004861949298  
963  0.07247939147108462  
964  0.07247873797228399  
965  0.07247808810181366  
966  0.07247744183854188  
967  0.0724767991614178  
968  0.0724761600495657  
969  0.07247552448221029  
970  0.07247489243869443  
971  0.07247426389849987  
972  0.0724736388412166  
973  0.07247301724657385  
974  0.07247239909437597  
975  0.07247178436458823  
976  0.07247117303726713  
977  0.07247056509259353  
978  0.07246996051085897  
979  0.07246935927246279  
980  0.07246876135791969  
981  0.0724681667478485  
982  0.07246757542298465  
983  0.07246698736416612  
984  0.07246640255234482  
985  0.07246582096855902  
986  0.07246524259397014  
987  0.07246466740984425  
988  0.07246409539753862  
989  0.07246352653852217  
990  0.0724629608143521  
991  0.07246239820670264  
992  0.07246183869733747  
993  0.0724612822681121  
994  0.07246072890099675  
995  0.0724601785780411  
996  0.07245963128141009  
997  0.07245908699334946  
998  0.07245854569619914  
999  0.07245800737240116  
