0  13.098070475971324  3.2776859672015988
1  6.45073397208736  2.121748907469093
2  2.4711608756091676  1.4297219548022944
3  1.3238948782612945  1.2302183968087255
4  0.03903231974368428  1.006787516307124
5  -0.3265158772104286  0.9432205962736995
6  -0.6171706203284497  0.8926772562515953
7  -1.2001985200870648  0.791291753081233
8  -1.6185069536401187  0.7185501037815322
9  -1.9312685452614542  0.6641624983993184
10  -2.101643251092883  0.6345352279284311
11  -2.4610191583692043  0.5720416367956564
12  -2.590635104869598  0.5495021014487443
13  -2.8535407734382936  0.5037841803934856
14  -2.9926995505694305  0.47958519669844485
15  -3.157316652762074  0.4509591433943783
16  -3.3389751642819725  0.4193696781162172
17  -3.5228422380238795  0.3873961554160115
18  -3.6805370027827666  0.3599738603954285
19  -3.7456089184159045  0.34865819452170876
20  -3.7978361215310517  0.33957615699108257
21  -3.849775314478097  0.3305442029227114
22  -3.884911491226789  0.32443420550985386
23  -3.912839290716191  0.3195777072104649
24  -3.9352557716177268  0.3156795983953431
25  -3.962052591205282  0.3110197715870986
26  -4.001283192358785  0.3041977751796018
27  -4.046174828737641  0.296391354347433
28  -4.092013185266584  0.2884203038314741
29  -4.144633937887831  0.2792698300995702
30  -4.173258931402423  0.27429209340476224
31  -4.208305280559661  0.2681977165403586
32  -4.2514644724125725  0.2606925587524633
33  -4.281652980966764  0.255442934967741
34  -4.316564319673144  0.24937203571478475
35  -4.355005592425858  0.24268729938886163
36  -4.367049150050453  0.24059298769256662
37  -4.381014257625724  0.23816452850745165
38  -4.392422113560053  0.2361807620110699
39  -4.402607507570388  0.23440957525113307
40  -4.418352183372681  0.2316716584565327
41  -4.4292082199887854  0.2297838504541793
42  -4.441086027538766  0.2277183618291682
43  -4.458902407829507  0.22462018645677323
44  -4.474269612727783  0.22194790987862187
45  -4.4971953617218325  0.21796124200512648
46  -4.526853683843112  0.21280381486879302
47  -4.556594603939105  0.20763202437655373
48  -4.580536827174005  0.20346859694762207
49  -4.600253925700562  0.20003989661269436
50  -4.617128180169319  0.19710555199445576
51  -4.630705197665875  0.1947445796447431
52  -4.645265348843598  0.19221264548858835
53  -4.655555424558884  0.19042325512753133
54  -4.662689408756885  0.18918269257842657
55  -4.6709621921285684  0.18774409880769138
56  -4.680218510540796  0.18613447343621714
57  -4.690354249888413  0.1843719213624875
58  -4.701516989757555  0.18243077926815318
59  -4.712940414056415  0.18044430551458504
60  -4.72033941229796  0.1791576584090412
61  -4.728997678091439  0.17765203126080698
62  -4.7326380889541  0.17701898284715378
63  -4.737261285572158  0.17621503312953063
64  -4.739712418751843  0.17578879388632665
65  -4.74344675189458  0.17513941287927895
66  -4.747004015918812  0.1745208232660617
67  -4.752020827622385  0.1736484259432435
68  -4.755509183492434  0.17304181909772443
69  -4.75840340372604  0.17253852933270378
70  -4.760578151223061  0.17216035211452035
71  -4.763325847100394  0.17168254216889364
72  -4.765958777935928  0.17122468926394033
73  -4.767661881402846  0.1709285284764099
74  -4.77115676449947  0.17032078658031963
75  -4.772078578372454  0.1701604879678851
76  -4.7749391991984815  0.16966304096415433
77  -4.775932454431864  0.1694903190727067
78  -4.77773104308694  0.16917755391023856
79  -4.780013672758738  0.16878061654596732
80  -4.782619198105652  0.16832752931218414
81  -4.785229946553405  0.16787353380847633
82  -4.787492104500118  0.16748015637015248
83  -4.789601933609785  0.16711326812007793
84  -4.791781590064588  0.16673423725980493
85  -4.793963531046024  0.1663548091322959
86  -4.795933326556203  0.16601227199294982
87  -4.801578140965089  0.1650306682834445
88  -4.809301530947097  0.16368761115044794
89  -4.819124878500434  0.16197938237627646
90  -4.836485155694508  0.158960520947472
91  -4.843369835127006  0.15776331119349718
92  -4.854477954833449  0.15583166725985248
93  -4.852808222705809  0.15612202494597793
94  -4.863361040312979  0.15428694514377472
95  -4.873799245559077  0.15247179583186474
96  -4.885918206740156  0.1503643718513752
97  -4.894741359053564  0.14883007179950128
98  -4.902655506753292  0.14745384289684718
99  -4.906659079603373  0.14675764251252127
100  -4.910420010570141  0.14610363628295203
101  -4.914173555499517  0.14545091444666441
102  -4.917468469858816  0.14487794606837742
103  -4.921681741344002  0.14414528018790118
104  -4.924351452070253  0.1436810314522706
105  -4.927407161453189  0.1431496595685929
106  -4.931746510102795  0.14239506952846948
107  -4.9353759928666285  0.14176392145406042
108  -4.938416939348593  0.14123511676166792
109  -4.940658047077007  0.1408453998462367
110  -4.9437172933892  0.14031341290905547
111  -4.946168809227503  0.13988710712351876
112  -4.949635167852229  0.13928432548393982
113  -4.951872990963989  0.13889517974616983
114  -4.9548314807591245  0.13838071384045864
115  -4.959827568054139  0.1375119203839229
116  -4.9663597331750005  0.1363760110254777
117  -4.976388511389342  0.13463205893353508
118  -4.988709482219196  0.13248950653141275
119  -5.0037742312506674  0.12986982544698558
120  -5.014260634330775  0.1280462947837633
121  -5.025902560891687  0.12602182462935185
122  -4.999056158781486  0.1306902735790222
123  -5.0353686367071555  0.12437572354225568
124  -5.0485753033465715  0.12207915327007011
125  -5.056789646795233  0.12065072189637173
126  -5.062683255849035  0.11962585409903896
127  -5.067424021677851  0.11880145971042325
128  -5.0725940371743174  0.11790242104910911
129  -5.078210174820329  0.11692580407871944
130  -5.083181506575487  0.11606131548112034
131  -5.0876732738507595  0.11528022063897606
132  -5.0914189967570085  0.11462885901160963
133  -5.096088312791119  0.11381688936868903
134  -5.102900867949882  0.11263222164878582
135  -5.110063056708645  0.11138675447404346
136  -5.11668745612255  0.11023480605432241
137  -5.128622337161837  0.10815939264795285
138  -5.133064301767288  0.10738695822967716
139  -5.1435217129638575  0.10556846910340624
140  -5.148873798494533  0.10463776941517008
141  -5.15447886469738  0.10366307771085526
142  -5.159167554384253  0.10284773909102217
143  -5.163725938295951  0.10205505996413568
144  -5.165500731577257  0.10174643269274242
145  -5.168937643113476  0.10114877174787884
146  -5.17056220547437  0.10086626884800201
147  -5.173194866444034  0.10040846287131226
148  -5.174532177700576  0.10017591143647353
149  -5.176553060226596  0.09982449053220192
150  -5.179172426677418  0.09936899640282307
151  -5.1813644844562425  0.09898780901714799
152  -5.182575335725681  0.09877724831281924
153  -5.18377767608216  0.09856816761175134
154  -5.185181531425762  0.09832404450812557
155  -5.187442169993425  0.09793093128187401
156  -5.188964115990135  0.09766627283115747
157  -5.190267554501384  0.09743961168960784
158  -5.191373677977542  0.0972472626009188
159  -5.192360225747222  0.09707570710233636
160  -5.193649579418594  0.09685149524079298
161  -5.194908020675831  0.0966326588864296
162  -5.196283690380251  0.09639343711807749
163  -5.197647940144166  0.09615620121766545
164  -5.199166746985528  0.09589208864964978
165  -5.200513691121505  0.09565786210744663
166  -5.201653163476055  0.09545971382318333
167  -5.202392463748453  0.0953311533715445
168  -5.203071658430413  0.09521304496779628
169  -5.2036779508812465  0.0951076138808421
170  -5.204224022438898  0.095012654892323
171  -5.20460559620429  0.09494630120973431
172  -5.205756102585001  0.09474623416601761
173  -5.206080815293928  0.09468976832382713
174  -5.206477670537507  0.09462075727208731
175  -5.206634522586541  0.09459348152092473
176  -5.207116953179361  0.0945095893634172
177  -5.207493633404866  0.09444408664182719
178  -5.207902770819754  0.09437293978471899
179  -5.208571826273146  0.09425659453980165
180  -5.20710822919845  0.09451110641808076
181  -5.20881987755329  0.0942134597192213
182  -5.209361033712196  0.09411935549284178
183  -5.2097256324237025  0.09405595368336295
184  -5.210178647966128  0.09397717664931053
185  -5.210561581308793  0.09391058654334318
186  -5.211031771328576  0.09382882295748199
187  -5.211774874345151  0.09369960122851492
188  -5.212324048955335  0.09360410263538602
189  -5.212981644000132  0.09348975029559788
190  -5.213678486456122  0.09336857303622444
191  -5.214297073388659  0.0932610040031888
192  -5.2152667467320155  0.09309238287910915
193  -5.21579114635818  0.0930011925261551
194  -5.216564104845133  0.09286677908700061
195  -5.2171977183853055  0.09275659700546987
196  -5.217853726615222  0.09264252060449228
197  -5.218600961112962  0.09251258043255371
198  -5.219513339868572  0.0923539225376953
199  -5.220274974971659  0.09222147817578624
200  -5.221483930875726  0.09201124706558488
201  -5.222366693055099  0.09185773933847176
202  -5.223326702458414  0.09169079872303343
203  -5.224419856777161  0.09150070490300369
204  -5.224887316884633  0.09141941603461898
205  -5.225338563292109  0.09134094664388367
206  -5.225895266358921  0.09124413889151262
207  -5.226179595682175  0.09119469550892989
208  -5.226736357895285  0.09109787747132694
209  -5.227024537214441  0.09104776459458802
210  -5.227553944649729  0.09095570340981286
211  -5.228141509480786  0.09085352895801276
212  -5.228763950255709  0.09074528976193763
213  -5.229441034749584  0.09062754830886335
214  -5.2300619630266665  0.09051957212825387
215  -5.230663102677103  0.09041503708634524
216  -5.231381637480501  0.09029008764118475
217  -5.231736386741336  0.09022839859967592
218  -5.232066618541797  0.09017097301632648
219  -5.23243273486005  0.09010730730296977
220  -5.232830488568429  0.09003814001289917
221  -5.233395531963159  0.08993988192111409
222  -5.233814343942097  0.08986705270790492
223  -5.2341256498263595  0.0898129182424206
224  -5.234348735068587  0.08977412488528883
225  -5.234730266314207  0.08970777859666627
226  -5.235250431159013  0.0896173246500472
227  -5.235873565595734  0.08950896482981245
228  -5.2362195313608355  0.08944880319228343
229  -5.236657836798018  0.08937258416861507
230  -5.236696297432327  0.08936589606541569
231  -5.236892603010505  0.08933175955183385
232  -5.237173168508059  0.08928297067885951
233  -5.23739483702953  0.08924442368205943
234  -5.23753224026304  0.0892205299782205
235  -5.237758648517737  0.08918115876659613
236  -5.23760421489507  0.08920801396605911
237  -5.237895177063031  0.08915741716646432
238  -5.238081034747781  0.08912509748691852
239  -5.238154249389134  0.08911236584361963
240  -5.238275362446366  0.08909130491625568
241  -5.238442919919862  0.08906216754775688
242  -5.238607833501205  0.08903348993827885
243  -5.238771324563675  0.08900505969739453
244  -5.238987599891051  0.08896745054884704
245  -5.2392841296903905  0.0889158855672682
246  -5.239127161326718  0.08894318154493812
247  -5.239492892237798  0.08887958285187367
248  -5.239828306729997  0.0888212560255308
249  -5.240084821728674  0.08877664940855352
250  -5.240276193796546  0.08874337080661705
251  -5.2404633057241785  0.08871083302079225
252  -5.240661780676349  0.08867631926441658
253  -5.240874160172922  0.08863938758047477
254  -5.241091870277176  0.08860152893173055
255  -5.241367218045162  0.08855364739464515
256  -5.241697497213588  0.08849621357425434
257  -5.24191059057394  0.08845915775313413
258  -5.24226904757792  0.08839682395447976
259  -5.242629782579528  0.08833409402394918
260  -5.243086492630611  0.08825467453415951
261  -5.243456441016978  0.08819034244419538
262  -5.243800607940147  0.08813049361587243
263  -5.243982360821341  0.0880988877402015
264  -5.244355387744749  0.08803402030874327
265  -5.244526074415123  0.08800433878926957
266  -5.244806258155009  0.0879556163019577
267  -5.2450881630337856  0.08790659451759236
268  -5.245521764090868  0.08783119356102458
269  -5.245838325218299  0.08777614523623241
270  -5.246197794963544  0.08771363532716757
271  -5.2466559719319585  0.0876339607481243
272  -5.247227674667863  0.0875345446317299
273  -5.24781231612127  0.08743287854001723
274  -5.248341066711139  0.08734093157722585
275  -5.248749113574415  0.08726997436134053
276  -5.249337475459556  0.08716766130600306
277  -5.249672173018125  0.0871094591506698
278  -5.250110072760556  0.08703331067519723
279  -5.250619939159158  0.08694464757452347
280  -5.251130980682351  0.08685578012582788
281  -5.25174033464635  0.08674981665774271
282  -5.252261482133193  0.08665919183481154
283  -5.252956028932096  0.08653841377820168
284  -5.253436687580606  0.08645482975254441
285  -5.2538096914805825  0.08638996632474048
286  -5.254474141665088  0.0862744219120021
287  -5.255183752183241  0.08615102435338147
288  -5.255964491098864  0.08601525793836437
289  -5.256532879695777  0.08591641813341144
290  -5.256981533071198  0.08583839965739161
291  -5.2574815157009  0.08575145529244829
292  -5.257980712112587  0.08566464764670662
293  -5.2584413476075875  0.08558454554274547
294  -5.258852320607022  0.08551307948708271
295  -5.259464808121203  0.08540657111100577
296  -5.260166240852771  0.08528459562671138
297  -5.260829633944842  0.08516923503682
298  -5.261458874764892  0.08505981334845392
299  -5.262057699244181  0.08495568090270197
300  -5.262812004616519  0.08482451114264378
301  -5.2634005334949325  0.08472216904804943
302  -5.264030483813245  0.0846126239816455
303  -5.264744607721048  0.08448844156816475
304  -5.265271919129477  0.0843967448715004
305  -5.265703926819272  0.08432162099317225
306  -5.266081674386209  0.08425593266648822
307  -5.266416251695521  0.08419775142187193
308  -5.266841739619234  0.0841237612967743
309  -5.267304595807575  0.08404327302585292
310  -5.2680698385580556  0.0839102013129262
311  -5.268390708442778  0.08385440371777114
312  -5.268807090157785  0.08378199711475202
313  -5.269126676374785  0.08372642274270187
314  -5.269604275462101  0.08364337075873787
315  -5.270047777059325  0.08356624815000847
316  -5.270385491350443  0.08350752140065912
317  -5.270963458332634  0.0834070159645907
318  -5.270792787122218  0.08343669479565843
319  -5.271361628123869  0.08333777631988706
320  -5.271787209550061  0.08326376993519731
321  -5.2721634930666434  0.08319833619921443
322  -5.272420943151574  0.0831535669756271
323  -5.272884482819033  0.083072959851261
324  -5.273297690745324  0.08300110515350403
325  -5.273880907587468  0.08289968679424081
326  -5.274230650501709  0.082838868330227
327  -5.274544811010896  0.08278423746039482
328  -5.274786995856665  0.08274212278207721
329  -5.275109909293901  0.08268596982382567
330  -5.275363838478048  0.08264181286647412
331  -5.275644717865829  0.08259296940963082
332  -5.276233550177695  0.08249057454954568
333  -5.275320553203639  0.08264933994935929
334  -5.27648692232809  0.082446514457451
335  -5.27685416453925  0.08238265295720497
336  -5.277149669741081  0.08233126614777528
337  -5.277494951258105  0.08227122349740912
338  -5.277983328617433  0.082186297228301
339  -5.278628885808668  0.08207403820830264
340  -5.279033538278105  0.08200367125975694
341  -5.279574091755301  0.0819096718365754
342  -5.279941485558997  0.0818457839751802
343  -5.280519950293161  0.08174519198264638
344  -5.280908098454282  0.08167769504701729
345  -5.281484712112638  0.08157742494688741
346  -5.2817650196359  0.08152868093429363
347  -5.282266700106528  0.08144144132369106
348  -5.2827983044072795  0.08134899811549895
349  -5.28343941984272  0.0812375114936077
350  -5.2839441638212215  0.08114973915500477
351  -5.284429463421385  0.08106534809212196
352  -5.284912434035908  0.08098136202766403
353  -5.285383937357108  0.08089937006555356
354  -5.285887330309062  0.08081183266340286
355  -5.2861270788036245  0.08077014165382054
356  -5.286461493715153  0.08071198864932959
357  -5.286935380262793  0.08062958225660284
358  -5.287221518030542  0.0805798243949787
359  -5.287581776281685  0.08051717736886123
360  -5.2881246828344945  0.0804227687581345
361  -5.288496037704299  0.08035819208805502
362  -5.2888803748581985  0.0802913578666544
363  -5.289400732922502  0.08020087032017506
364  -5.289959440399907  0.08010371401128275
365  -5.29045389456504  0.08001773101742014
366  -5.29094241382402  0.07993278007270452
367  -5.291407821115669  0.07985184817825731
368  -5.292217748736632  0.07971100600000673
369  -5.292726540650539  0.07962252974660305
370  -5.293330966423091  0.07951742326524132
371  -5.29377948613423  0.07943942803274125
372  -5.294300819268007  0.07934877092677907
373  -5.294745655323858  0.07927141626267217
374  -5.295321015737205  0.07917136409529628
375  -5.295707360063383  0.0791041808371318
376  -5.296036362369128  0.07904696905648469
377  -5.296315574546945  0.07899841551873626
378  -5.296800517298679  0.07891408650992948
379  -5.297129182923429  0.07885693327634678
380  -5.297444346027381  0.07880212806052767
381  -5.298101307908914  0.0786878858245204
382  -5.29833111417559  0.0786479237163807
383  -5.2992482914827  0.07848843137850757
384  -5.29958824930467  0.07842931449087416
385  -5.300087348420573  0.0783425237643607
386  -5.300566817622403  0.07825914657726155
387  -5.301115961024589  0.07816365341104015
388  -5.301529706536187  0.0780917052300093
389  -5.301931201718033  0.07802188731726659
390  -5.302292826610119  0.07795900263943523
391  -5.3027075787444  0.07788687941198334
392  -5.303265276788705  0.07778989863822884
393  -5.303598321444847  0.07773198391398482
394  -5.30389788254614  0.07767989180484651
395  -5.3043124311345435  0.07760780397295848
396  -5.304698707054123  0.07754063261034382
397  -5.305165045395237  0.07745953881126316
398  -5.305648904296466  0.07737539827839175
399  -5.305976331658148  0.07731846037228184
400  -5.30638614319156  0.07724719628948727
401  -5.306860214738125  0.07716475772641472
402  -5.3073859360034445  0.07707333754732242
403  -5.307851309533493  0.07699241152384104
404  -5.30820736280302  0.07693049572203918
405  -5.308429061457029  0.07689194348534825
406  -5.30899554189735  0.07679343549884908
407  -5.3092462279631585  0.0767498425028186
408  -5.309654247527433  0.07667889003408687
409  -5.309974508643597  0.07662319830060105
410  -5.31049116834886  0.07653335387942045
411  -5.310815628761078  0.07647693191030856
412  -5.3111550761384745  0.07641790378631745
413  -5.311629656387623  0.07633537676252564
414  -5.311924075922974  0.07628417874482002
415  -5.312315141112248  0.0762161745532481
416  -5.312526897715388  0.0761793511872172
417  -5.312834194260044  0.0761259139249261
418  -5.313258329213676  0.07605215907425099
419  -5.31375556158779  0.07596569296437355
420  -5.314197328915989  0.07588887193595932
421  -5.314658629760884  0.07580865413113046
422  -5.315132777787459  0.07572620226858424
423  -5.315580679278291  0.07564831454136293
424  -5.316103926909948  0.07555732451423013
425  -5.316432062726614  0.07550026341150301
426  -5.3169721568505945  0.0754063438674438
427  -5.317836813444117  0.07525598460703763
428  -5.318428268929792  0.07515313359074346
429  -5.3188197804229596  0.07508505178925816
430  -5.319239497274224  0.07501206522348293
431  -5.319863269966046  0.07490359441402346
432  -5.320507800148636  0.07479151398545822
433  -5.321076330689876  0.07469264949712898
434  -5.321697176777704  0.0745846876088011
435  -5.322127795421081  0.07450980527838191
436  -5.322879538376373  0.07437908110924932
437  -5.323687122851112  0.07423864639187495
438  -5.324927670618362  0.07402292162185688
439  -5.325667364426356  0.07389429273643566
440  -5.326636348826971  0.07372579141589641
441  -5.327918408205973  0.07350284799365488
442  -5.329301047843879  0.07326241419031476
443  -5.330382420517371  0.07307436913678975
444  -5.331277248169104  0.07291876328712248
445  -5.332363446010033  0.07272987916221048
446  -5.332991517991422  0.07262066072877588
447  -5.333707316702673  0.07249618707573292
448  -5.334525083248376  0.07235398174945898
449  -5.335435917975335  0.07219559235310935
450  -5.33522463715693  0.07223233298266261
451  -5.336055709889241  0.07208781378011439
452  -5.336947200444376  0.07193278823409602
453  -5.33821539234156  0.07171225629443102
454  -5.339001062279621  0.0715756324003959
455  -5.339894382638329  0.0714202886611041
456  -5.34103899459246  0.07122124662734822
457  -5.341624438536976  0.07111944098662783
458  -5.342670488048739  0.07093753844622601
459  -5.343668866606199  0.07076392563551061
460  -5.344628732698413  0.07059700994112349
461  -5.345361875762871  0.07046952019574997
462  -5.345988827334517  0.07036049659571113
463  -5.346739650174872  0.07022993242975491
464  -5.347287581018138  0.07013465012118933
465  -5.347770320810741  0.07005070419545631
466  -5.348683067986023  0.06989198223434326
467  -5.349185215001702  0.06980466149399592
468  -5.349673621323922  0.06971973018839223
469  -5.350280069439414  0.06961427203216797
470  -5.350741625968624  0.06953400976517374
471  -5.351693284576724  0.06936852130935783
472  -5.352117876658538  0.06929468696648208
473  -5.352594246715782  0.06921184870442135
474  -5.3528259110819025  0.06917156348250399
475  -5.353105235382307  0.069122990447224
476  -5.353507079217122  0.06905311190555295
477  -5.353656619279623  0.06902710767061486
478  -5.354021714389201  0.06896361954010707
479  -5.354175730591746  0.06893683692782059
480  -5.3543773740797835  0.06890177217962554
481  -5.354516922599769  0.06887750542168601
482  -5.3547854321532915  0.06883081301433952
483  -5.354908849637638  0.06880935135915008
484  -5.355078895362494  0.0687797812967505
485  -5.355326891095202  0.06873665613557882
486  -5.355359317197037  0.06873101740602278
487  -5.355533438217485  0.06870073867102915
488  -5.355794507279616  0.06865534012622994
489  -5.3559894155874055  0.06862144659066242
490  -5.3561649297220155  0.06859092560040053
491  -5.35640121615857  0.06854983662460308
492  -5.356721140552059  0.06849420344542968
493  -5.356927162283832  0.06845837734354245
494  -5.357180753437938  0.06841427916784754
495  -5.357303313798695  0.0683929665619684
496  -5.3574951499818315  0.06835960725281426
497  -5.35766049290331  0.06833085498333158
498  -5.357859263342523  0.06829628984330424
499  -5.358035392981756  0.06826566182000691
500  -5.358172952207738  0.06824174098989273
501  -5.358432625848267  0.06819658510161362
502  -5.358660221564497  0.06815700739663769
503  -5.358819424428736  0.06812932285100319
504  -5.359076670276099  0.06808458914326103
505  -5.3592573995724075  0.06805316126364927
506  -5.3595037710385816  0.06801031855393468
507  -5.359812164892309  0.06795669047533365
508  -5.360029811959972  0.06791884278832301
509  -5.360186386403273  0.06789161531134598
510  -5.360670790960287  0.06780737989178666
511  -5.360618086246512  0.06781654496592426
512  -5.360908233075712  0.06776608994947667
513  -5.361110077283651  0.06773099029714036
514  -5.361388858432586  0.06768251171306068
515  -5.361513088671442  0.06766090872411178
516  -5.361820905030748  0.0676073810687711
517  -5.3621100632691885  0.06755709796308731
518  -5.362348453243446  0.0675156431930825
519  -5.36263525777832  0.06746576938414175
520  -5.363011944156211  0.0674002655926838
521  -5.363265397414638  0.06735619139632641
522  -5.363553872816307  0.0673060270323868
523  -5.363280800832925  0.06735351282242938
524  -5.363724034477051  0.0672764368093426
525  -5.364016819128787  0.06722552308934884
526  -5.364263357159096  0.06718265141500213
527  -5.364451357474324  0.06714995914321992
528  -5.364713401605926  0.06710439103893817
529  -5.364898107311143  0.06707227168260958
530  -5.365277952450706  0.06700621859901393
531  -5.365416363104531  0.0669821497100499
532  -5.365538830687471  0.06696085323774809
533  -5.365731781332293  0.06692730012953407
534  -5.365958563161513  0.06688786395525348
535  -5.366231564502701  0.06684039044951912
536  -5.36642432092319  0.06680687111590113
537  -5.366623554020307  0.06677222552208346
538  -5.3667018585598  0.06675860877211258
539  -5.36692495527879  0.06671981341923179
540  -5.367060422635233  0.06669625635429238
541  -5.367186181062926  0.06667438762129552
542  -5.367414847222628  0.06663462377179695
543  -5.367705705811827  0.06658404498400734
544  -5.367962978461429  0.06653930661549588
545  -5.368171194399572  0.06650309895259413
546  -5.368428920373666  0.06645828175332394
547  -5.368713980670167  0.06640871125831571
548  -5.368954468801903  0.06636689162969653
549  -5.369130007998384  0.06633636628130618
550  -5.369346738814727  0.06629867792560913
551  -5.369549640354331  0.06626339440882498
552  -5.36973482657721  0.06623119149298753
553  -5.369961642065911  0.06619174946549913
554  -5.370126372415506  0.06616310371906382
555  -5.370338988461301  0.06612613090044936
556  -5.370625877694012  0.06607624236299746
557  -5.370816050279773  0.06604317234472812
558  -5.371034403360476  0.06600520188574133
559  -5.371178784344929  0.06598009478749951
560  -5.371372513762456  0.0659464062547844
561  -5.371543433468815  0.06591668421157154
562  -5.371693520476826  0.06589058486566916
563  -5.371947573278001  0.06584640641196286
564  -5.371913893666346  0.06585226312032204
565  -5.372071227913735  0.06582490351738704
566  -5.372159476710823  0.06580955751301809
567  -5.372265147925143  0.06579118184139258
568  -5.372379120608543  0.06577136258770164
569  -5.372500291924302  0.06575029152948449
570  -5.372636965564632  0.06572652469808468
571  -5.372719767078101  0.06571212594785372
572  -5.372795347125774  0.06569898297276416
573  -5.372931867445859  0.06567524280295334
574  -5.37286688064754  0.06568654366737114
575  -5.372999424631109  0.06566349496168841
576  -5.37311418233102  0.06564353919773107
577  -5.373220185516957  0.06562510579797717
578  -5.373323514434943  0.06560713743943662
579  -5.373440024335637  0.06558687697692511
580  -5.373555874333965  0.06556673126798457
581  -5.373653997280547  0.06554966820064952
582  -5.3737596810904655  0.06553129033871533
583  -5.373792225329263  0.06552563106575925
584  -5.373872343513865  0.06551169893238731
585  -5.373933965740342  0.06550098314941974
586  -5.373992558492801  0.0654907941761431
587  -5.374082248647531  0.06547519752721691
588  -5.374062890835582  0.06547856374949468
589  -5.374152825804466  0.06546292452866709
590  -5.374275136348806  0.06544165536455665
591  -5.374352284686846  0.0654282396719729
592  -5.374452099031604  0.06541088247933917
593  -5.3744779513928975  0.06540638688888978
594  -5.374564988688355  0.06539125155831955
595  -5.374606299797237  0.06538406777249682
596  -5.37466688604239  0.06537353214126441
597  -5.374736847171876  0.0653613662666669
598  -5.374821088021672  0.0653467172233749
599  -5.37487190860178  0.06533787979023001
600  -5.374942981740741  0.06532552054299944
601  -5.375012988453929  0.06531334674163447
602  -5.375021600928761  0.06531184907729501
603  -5.375061335675084  0.06530493941267873
604  -5.37512877747588  0.06529321163616703
605  -5.375166302712318  0.06528668619376633
606  -5.375210486475399  0.06527900286839938
607  -5.375252831706044  0.06527163925420933
608  -5.3753515827607545  0.06525446696215512
609  -5.375380646288735  0.0652494129666097
610  -5.375429760286573  0.06524087229919819
611  -5.37545818334257  0.06523592967838181
612  -5.375500809592852  0.06522851719634633
613  -5.375550394525923  0.06521989463576026
614  -5.375597746027001  0.06521166045731924
615  -5.375641825014119  0.06520399535194425
616  -5.375682562401857  0.0651969113332286
617  -5.375785400374873  0.06517902834745107
618  -5.375575558478461  0.06521551875599373
619  -5.375823747445842  0.06517235999232288
620  -5.375913500093267  0.06515675247624371
621  -5.3759762186058735  0.06514584605485059
622  -5.376059466812086  0.0651313696270873
623  -5.376118507983772  0.06512110267605166
624  -5.3762375015217065  0.06510041032201085
625  -5.376340733632694  0.06508245879770104
626  -5.376445606059927  0.06506422203097321
627  -5.376606723478536  0.06503620455434476
628  -5.376704076793807  0.06501927532187048
629  -5.376830036434783  0.06499737159893575
630  -5.376881442124237  0.06498843241833524
631  -5.376979433955967  0.06497139215118743
632  -5.377083320014008  0.06495332690890439
633  -5.377234560966922  0.06492702689801721
634  -5.377301713299673  0.0649153494584851
635  -5.377400833946034  0.0648981128963754
636  -5.377525297855466  0.06487646927333512
637  -5.3776867315797565  0.06484839679280265
638  -5.377833059128044  0.0648229511972884
639  -5.377955544690124  0.06480165159850801
640  -5.378062903711527  0.06478298242605623
641  -5.378159994068741  0.06476609892061293
642  -5.378296065108415  0.06474243687831618
643  -5.378443764364986  0.06471675274990392
644  -5.3785932009216175  0.06469076651409535
645  -5.378740724716932  0.06466511289747805
646  -5.3788626054955  0.06464391846738822
647  -5.3789907722916075  0.06462163093171712
648  -5.3790882121299655  0.06460468665333036
649  -5.379224320404385  0.06458101813610614
650  -5.379359151426624  0.06455757172635733
651  -5.379541472972341  0.06452586696289926
652  -5.379673850107597  0.06450284727126572
653  -5.379763713354876  0.0644872205224503
654  -5.379900166279861  0.06446349207229483
655  -5.380024025112056  0.06444195366902222
656  -5.38015853392576  0.06441856328965292
657  -5.380254705753543  0.06440183951167495
658  -5.3803277155118865  0.06438914349646006
659  -5.380382609190846  0.06437959777272281
660  -5.3804524655489026  0.0643674501173291
661  -5.380635831761481  0.06433556369176628
662  -5.3806929852482845  0.0643256249992613
663  -5.380791759917788  0.06430844860071809
664  -5.380850962227739  0.06429815362858082
665  -5.380907762694186  0.06428827632447
666  -5.380979413328919  0.06427581665374434
667  -5.381067492512027  0.06426050014435941
668  -5.3811277981528844  0.06425001330874686
669  -5.381197263329512  0.06423793367775812
670  -5.381262801992987  0.06422653684687529
671  -5.381351088422011  0.06421118429850949
672  -5.381434072162983  0.06419675385986855
673  -5.38148846524746  0.06418729518689421
674  -5.381571689332504  0.06417282295367593
675  -5.381646167005481  0.06415987167578188
676  -5.381691774097405  0.06415194084097155
677  -5.381783372190783  0.06413601241149092
678  -5.381863444474618  0.06412208826002232
679  -5.38195407594773  0.0641063279207515
680  -5.3820369107128805  0.06409192338822702
681  -5.38208933940909  0.06408280631210089
682  -5.382150580718826  0.06407215676856276
683  -5.3822217195497  0.06405978609785197
684  -5.382308892175414  0.0640446272340578
685  -5.382382808430388  0.06403177358381881
686  -5.382441365155027  0.06402159087559167
687  -5.382492072927464  0.06401277305911102
688  -5.382535589911247  0.0640052056831774
689  -5.382594665936325  0.06399493267131927
690  -5.38271028952377  0.06397482633404739
691  -5.382711573929818  0.06397460298255164
692  -5.382776077983651  0.0639633860648756
693  -5.38283952871654  0.06395235231420421
694  -5.382907256511984  0.06394057480471857
695  -5.38296606902124  0.06393034761688407
696  -5.383050171464964  0.0639157226416842
697  -5.383126225560894  0.06390249723208156
698  -5.383190237059059  0.06389136596726071
699  -5.383242431641644  0.06388228960226973
700  -5.38328355750129  0.06387513803032055
701  -5.3833615204130245  0.0638615806876306
702  -5.383422286602851  0.06385101376496041
703  -5.383457515650914  0.06384488761771165
704  -5.383553530022998  0.06382819122045628
705  -5.383470411953591  0.06384264501810961
706  -5.383600316743134  0.0638200552544679
707  -5.383659723174768  0.06380972478663745
708  -5.383718498067457  0.06379950414012721
709  -5.38378924612028  0.06378720142367611
710  -5.383798055686875  0.06378566948610957
711  -5.383886369974874  0.06377031209321359
712  -5.383912992339709  0.06376568260317471
713  -5.383948699352681  0.06375947334032743
714  -5.383981681486323  0.06375373791974755
715  -5.3840211588709534  0.06374687300898378
716  -5.384067930441124  0.06373873967749522
717  -5.384096450927433  0.06373378011405707
718  -5.384168399364575  0.06372126865704958
719  -5.384063766817397  0.0637394637098901
720  -5.384189389406128  0.06371761859857848
721  -5.384228313122824  0.06371084996777347
722  -5.384257165977432  0.06370583260722602
723  -5.384289334414218  0.06370023868427459
724  -5.384320134846678  0.06369488265012241
725  -5.384365603683564  0.06368697585714005
726  -5.38438920293684  0.06368287207039361
727  -5.384412876517856  0.06367875535844193
728  -5.384441844480268  0.06367371798124923
729  -5.384462899585821  0.06367005660848866
730  -5.384480821409566  0.06366694009705091
731  -5.384505995754042  0.06366256241018085
732  -5.384518046785749  0.06366046679878061
733  -5.384534526626904  0.0636576010405753
734  -5.384563287730553  0.06365259963503984
735  -5.384579603547298  0.0636497623998218
736  -5.384608553191037  0.06364472820815051
737  -5.384625061807129  0.06364185744613411
738  -5.3846487762239486  0.06363773363304963
739  -5.384681908703193  0.06363197206815557
740  -5.384718076724126  0.0636256826384345
741  -5.384742297672946  0.06362147074208377
742  -5.3847706864376494  0.06361653408434399
743  -5.384790305196241  0.06361312248480949
744  -5.384813700836512  0.06360905410530006
745  -5.384860726548164  0.0636008765799368
746  -5.384875954445421  0.06359822852822888
747  -5.384893003274244  0.06359526382604337
748  -5.384920585075832  0.06359046749496976
749  -5.384939680584382  0.06358714688588162
750  -5.384957401946404  0.06358406523368926
751  -5.384994600579943  0.063577596585825
752  -5.385006150263737  0.06357558815620538
753  -5.385030609058249  0.06357133489973255
754  -5.385041384844829  0.06356946104679179
755  -5.385058436559285  0.06356649584280977
756  -5.3850873789655065  0.06356146290970488
757  -5.385003735971821  0.06357600798894557
758  -5.385100276763347  0.0635592200501018
759  -5.385126593996083  0.0635546436209393
760  -5.385141563901354  0.0635520404326889
761  -5.385161760172343  0.0635485284067683
762  -5.385167583766002  0.06354751571428206
763  -5.385187122543028  0.06354411802312356
764  -5.385199216246388  0.06354201499134614
765  -5.385212308291447  0.0635397383531675
766  -5.3852344774302745  0.06353588325584567
767  -5.385248229966314  0.06353349176173906
768  -5.385276561512166  0.06352856505405845
769  -5.385286300962246  0.06352687141461616
770  -5.385301294216518  0.06352426416609658
771  -5.385315839822633  0.06352173476125075
772  -5.385328655906396  0.06351950611129843
773  -5.385350690486715  0.06351567441299777
774  -5.385364741184741  0.06351323107008075
775  -5.385386135839478  0.06350951065149266
776  -5.3853902288789435  0.0635087988933317
777  -5.385411357610064  0.06350512471747002
778  -5.385447368354935  0.06349886263723367
779  -5.385460415801023  0.06349659375458283
780  -5.385486156046857  0.06349211766042555
781  -5.385512445309822  0.06348754609506004
782  -5.385539880410202  0.0634827752745595
783  -5.385566006019269  0.06347823216775104
784  -5.38558620025223  0.06347472049623294
785  -5.385599325204605  0.06347243813564411
786  -5.385621301526192  0.06346861656823218
787  -5.385636293499991  0.06346600954238009
788  -5.385648045696065  0.06346396589693393
789  -5.3856715532506785  0.06345987805610548
790  -5.385685390893506  0.06345747176237357
791  -5.385678288579896  0.06345870681757289
792  -5.385696650724389  0.06345551373665947
793  -5.3857153423688695  0.06345226335742121
794  -5.385728809007129  0.06344992157944364
795  -5.3857510669887025  0.06344605103283289
796  -5.385765542293264  0.0634435338530597
797  -5.385785472945014  0.0634400680169358
798  -5.385804656359117  0.06343673212153163
799  -5.385810661029812  0.06343568794069548
800  -5.385827815355041  0.06343270489323655
801  -5.385836851405654  0.06343113357128366
802  -5.385847566263119  0.06342927031359742
803  -5.385861799195397  0.06342679528109692
804  -5.385832015278181  0.06343197454856352
805  -5.385870194849619  0.06342533532072786
806  -5.385886896331472  0.063422431020364
807  -5.385897884263367  0.0634205202764623
808  -5.385915148518541  0.06341751811276072
809  -5.385912077443964  0.06341805215657129
810  -5.385922863778806  0.0634161764693431
811  -5.38593297881017  0.06341441751827935
812  -5.3859486454900765  0.06341169316456324
813  -5.38596733660035  0.06340844287822069
814  -5.385991311940403  0.06340427369195027
815  -5.385986761596146  0.06340506497302324
816  -5.3860047302055705  0.0634019403258005
817  -5.386020084313371  0.0633992703267392
818  -5.386030667583777  0.06339742995135456
819  -5.386041393141736  0.06339556483290838
820  -5.386068883852221  0.06339078434210138
821  -5.386079884336798  0.06338887141535385
822  -5.386102359429797  0.06338496311420143
823  -5.38611096370888  0.06338346687505986
824  -5.3861262956247895  0.06338080073505237
825  -5.386161643361124  0.06337465394853378
826  -5.386206016724871  0.0633669376526023
827  -5.386217442580965  0.06336495075597225
828  -5.386227698917966  0.06336316723259719
829  -5.386262672906731  0.06335708543882669
830  -5.38626772793539  0.06335620639577504
831  -5.386279081314446  0.06335423210252303
832  -5.386302968850768  0.06335007818486224
833  -5.386335676262059  0.06334439053706278
834  -5.386355090011565  0.06334101458753623
835  -5.386369206232937  0.06333855985045214
836  -5.386388666056884  0.06333517588882134
837  -5.386413941162286  0.06333078068015299
838  -5.386429606756137  0.06332805651529629
839  -5.386442330631341  0.06332584389993023
840  -5.386435029195352  0.06332711358147007
841  -5.386452168591467  0.06332413313010599
842  -5.3864696055173935  0.06332110093986344
843  -5.38647795875398  0.06331964835569927
844  -5.386483786941663  0.0633186348643363
845  -5.3864968306132095  0.0633163666380585
846  -5.386530516616232  0.06331050881827378
847  -5.386500411434783  0.06331574395191064
848  -5.386545798810534  0.06330785132459381
849  -5.386567454096044  0.06330408558367712
850  -5.386586428017034  0.0633007861180298
851  -5.386602186477603  0.0632980458041363
852  -5.3866098610691955  0.06329671123278807
853  -5.3866323935465115  0.06329279295280302
854  -5.386639402997299  0.06329157404596276
855  -5.386645834871114  0.06329045557673803
856  -5.386671178005466  0.06328604853819106
857  -5.386699217782955  0.06328117256750303
858  -5.386728939006399  0.0632760042021557
859  -5.386757193677569  0.06327109086258012
860  -5.3867752426469435  0.0632679522411823
861  -5.38678695280881  0.06326591590526498
862  -5.3867950993392615  0.06326449926621697
863  -5.386814874705139  0.06326106043349441
864  -5.386820092481418  0.06326015308948267
865  -5.386841588421599  0.06325641505788548
866  -5.386849795705438  0.06325498785414095
867  -5.38686950921852  0.06325155977729617
868  -5.3868717133096204  0.06325117649737873
869  -5.386881459338551  0.06324948171390878
870  -5.3868943001243945  0.06324724876839384
871  -5.386914993286367  0.06324365033572943
872  -5.3869360568876195  0.06323998748561119
873  -5.386947086184729  0.063238069548515
874  -5.386961616040966  0.06323554288249059
875  -5.3869690668649515  0.06323424722315919
876  -5.3869900865918305  0.06323059200256508
877  -5.387002175039975  0.06322848988464207
878  -5.387018308016878  0.06322568444431646
879  -5.387025336329925  0.06322446225742796
880  -5.387034321823138  0.06322289972714258
881  -5.387041818889099  0.06322159602657343
882  -5.387054598658738  0.06321937369145741
883  -5.387067217059062  0.06321717941762138
884  -5.3870800953168  0.06321493995594
885  -5.387087029241312  0.06321373418272422
886  -5.387097514777182  0.06321191080286434
887  -5.3871291457375685  0.06320641034424834
888  -5.387144838640792  0.06320368143043455
889  -5.387152994775973  0.06320226312117415
890  -5.3871595767794735  0.0632011185451821
891  -5.38716790956191  0.06319966951788772
892  -5.387173550447363  0.0631986885974031
893  -5.387189780245594  0.06319586632035487
894  -5.387210285184926  0.06319230061862337
895  -5.387182262543745  0.06319717360939699
896  -5.387217190532706  0.06319109981475188
897  -5.387202283422625  0.06319369208324702
898  -5.387227781193887  0.06318925815415008
899  -5.387237285385559  0.06318760542491485
900  -5.387251894954438  0.06318506489727882
901  -5.387266453313763  0.06318253327471646
902  -5.387102605654771  0.06321102552587121
903  -5.387268664678779  0.06318214872990312
904  -5.387282125555528  0.06317980795382223
905  -5.387290311658296  0.06317838443335522
906  -5.387299481829605  0.06317678978851446
907  -5.387309040605044  0.0631751275674476
908  -5.387317803397808  0.0631736037636057
909  -5.387334870029301  0.06317063596562889
910  -5.387341589754122  0.06316946744061931
911  -5.387362155875477  0.06316589109965393
912  -5.387370465489993  0.06316444610113986
913  -5.3873898806115665  0.06316106991301805
914  -5.38730249321986  0.06317626612349549
915  -5.387393554778877  0.06316043099453457
916  -5.387408877869763  0.06315776638915249
917  -5.3873771009712  0.06316329222565423
918  -5.3874161692394  0.06315649845809851
919  -5.38742891381448  0.06315428224313233
920  -5.387448912938784  0.06315080449998936
921  -5.387469041592488  0.06314730423236109
922  -5.387481129221075  0.06314520225695487
923  -5.3874944599174235  0.06314288411856481
924  -5.387523204578785  0.06313788557225718
925  -5.387412981855172  0.06315705272754933
926  -5.387534619782591  0.0631359005280043
927  -5.387559822963707  0.06313151782659321
928  -5.387577840236519  0.06312838471706192
929  -5.38757753722237  0.06312843740963797
930  -5.387584634027316  0.06312720331236632
931  -5.387590245319601  0.06312622753797886
932  -5.3875947632915215  0.063125441886286
933  -5.387601433813516  0.06312428191739071
934  -5.387603710287969  0.06312388605038674
935  -5.387620654812974  0.06312093948608978
936  -5.387643004786641  0.06311705294253493
937  -5.387553217958392  0.06313266640248057
938  -5.387650692096919  0.06311571615947378
939  -5.387656393101264  0.06311472478462819
940  -5.387673143916158  0.06311181190550665
941  -5.387677985139383  0.06311097004210213
942  -5.387687226658458  0.06310936299025796
943  -5.387690812812423  0.06310873937683512
944  -5.387701062081819  0.06310695708247964
945  -5.387715742270672  0.06310440427439942
946  -5.387726591435171  0.06310251766142226
947  -5.387727524372852  0.0631023554284378
948  -5.387733292196448  0.06310135243407376
949  -5.387745553920922  0.06309922018430314
950  -5.387767039909434  0.0630954838832491
951  -5.387794495125441  0.06309070956474631
952  -5.387813250282308  0.06308744814103598
953  -5.38782397954217  0.06308558237884829
954  -5.387831878902285  0.06308420872142922
955  -5.387836397732657  0.06308342292045621
956  -5.387839366768907  0.06308290662057703
957  -5.387841131137545  0.06308259980609662
958  -5.387834744850663  0.06308371034799219
959  -5.387856201844734  0.06307997908891978
960  -5.387865104068474  0.06307843103876021
961  -5.3878758203195085  0.06307656753873964
962  -5.3878833210789345  0.06307526319589622
963  -5.387906029609393  0.0630713143011902
964  -5.387922614576224  0.06306843026217951
965  -5.387941253018722  0.06306518913448779
966  -5.387944902555215  0.06306455449917481
967  -5.3879590981567285  0.06306208595829901
968  -5.3879617827990165  0.06306161911304287
969  -5.38797607131682  0.06305913441451012
970  -5.387882341657271  0.06307543351220224
971  -5.387983931637542  0.06305776754583739
972  -5.3880047672720925  0.06305414433793669
973  -5.3880114587027  0.06305298073314283
974  -5.388033012561573  0.06304923262978794
975  -5.388043629499696  0.06304738639976341
976  -5.388055572720016  0.06304530953619968
977  -5.3880668682457085  0.06304334530334497
978  -5.38807474462067  0.06304197564292406
979  -5.388078513907136  0.06304132018371685
980  -5.387904588849894  0.06307156484173353
981  -5.388080623711387  0.06304095329978951
982  -5.388083109894052  0.06304052096562407
983  -5.388082543176047  0.06304061951492182
984  -5.388093343896291  0.06303874132614742
985  -5.388096750804784  0.06303814888257488
986  -5.388102098634918  0.06303721892287782
987  -5.388110895099241  0.06303568926372789
988  -5.388121632605353  0.06303382206756046
989  -5.3881329990200975  0.06303184550747029
990  -5.38813632143669  0.06303126775659745
991  -5.388145377417417  0.06302969296890187
992  -5.388150076859907  0.06302887576042576
993  -5.387572424894133  0.06312932641678654
994  -5.388150866061236  0.06302873852244142
995  -5.388160848268667  0.06302700266876514
996  -5.388169279814561  0.06302553646702187
997  -5.388180309936001  0.06302361838657902
998  -5.388195677935297  0.06302094597185923
999  -5.388217675829713  0.06301712065304514
1000  -5.388229523108795  0.06301506047316105
1001  -5.388248931373768  0.06301168547736623
1002  -5.388260775793827  0.06300962579465133
1003  -5.388272736360869  0.06300754591458345
1004  -5.388275365831736  0.06300708866334896
1005  -5.388282064366225  0.06300592382322735
1006  -5.38828713236865  0.06300504252410563
1007  -5.388291168426627  0.06300434067472764
1008  -5.388295662418407  0.06300355919305582
1009  -5.388304969916866  0.06300194066774183
1010  -5.388321171596523  0.06299912328036644
1011  -5.3883342717388665  0.06299684523411234
1012  -5.388356793338351  0.06299292884572522
1013  -5.388363729577186  0.06299172267006077
1014  -5.38837348942013  0.06299002548440617
1015  -5.388383516902241  0.06298828175769977
1016  -5.388363424956296  0.06299177564204077
1017  -5.388386010365699  0.06298784815744253
1018  -5.388394289136273  0.06298640852252863
1019  -5.388398432968243  0.06298568793181673
1020  -5.388404516878812  0.06298462997158097
1021  -5.388321778511213  0.06299901774107534
1022  -5.38840636888468  0.06298430791744453
1023  -5.388411293418444  0.0629834515667729
1024  -5.3884153443470195  0.06298274713147552
1025  -5.388418842870439  0.06298213875654632
1026  -5.388424761415974  0.06298110955242522
1027  -5.388384563253212  0.06298809980273715
1028  -5.388428620189478  0.06298043853189014
1029  -5.388436839929585  0.06297900916206574
1030  -5.3884399416740285  0.06297846978492574
1031  -5.38844334739343  0.06297787754812999
1032  -5.388444957352361  0.06297759758469028
1033  -5.388448552443117  0.06297697241720608
1034  -5.388454876847934  0.06297587263627817
1035  -5.3884634506053315  0.06297438170469813
1036  -5.388121062979382  0.06303392112253835
1037  -5.388466138588793  0.06297391427842937
1038  -5.38847267730098  0.06297277723057039
1039  -5.388481661973125  0.06297121484306438
1040  -5.3884848566521715  0.06297065930508285
1041  -5.38849355760672  0.06296914625458326
1042  -5.388465004872067  0.06297411142583989
1043  -5.388497364182504  0.06296848431095875
1044  -5.388506767627355  0.06296684910106884
1045  -5.388510244682666  0.06296624445933141
1046  -5.388514098482093  0.06296557430376218
1047  -5.388518430348085  0.06296482101491722
1048  -5.388528636840862  0.06296304615919206
1049  -5.3885370530548  0.06296158262359579
1050  -5.388539897976008  0.06296108790667355
1051  -5.388542865391294  0.06296057188867166
1052  -5.388547131364078  0.0629598300583109
1053  -5.388548900882371  0.06295952234833244
1054  -5.388548675821582  0.06295956148522676
1055  -5.388552029105717  0.06295897836664972
1056  -5.388555993477348  0.06295828898315242
1057  -5.3885576778090885  0.06295799608666991
1058  -5.388560060569493  0.06295758173709472
1059  -5.388561182532382  0.06295738663361498
1060  -5.388564836941363  0.0629567511510018
1061  -5.388571350104797  0.06295561854593727
1062  -5.388543200824534  0.06296051355858512
1063  -5.388574505049664  0.06295506991752194
1064  -5.388580932416254  0.06295395223208002
1065  -5.388592479498287  0.06295194425489296
1066  -5.388597797150828  0.06295101954292166
1067  -5.388601127891213  0.06295044034458487
1068  -5.388602198017001  0.06295025425530593
1069  -5.388602930926199  0.06295012680622866
1070  -5.388604705516177  0.06294981821431064
1071  -5.38860673472134  0.06294946534614332
1072  -5.388610507907222  0.06294880920884807
1073  -5.388617221983179  0.06294764166614635
1074  -5.388627272017471  0.06294589401773366
1075  -5.388490573840184  0.06296966511598205
1076  -5.388630015692478  0.06294541690699648
1077  -5.388634183830855  0.06294469208952742
1078  -5.38863755581684  0.0629441057187965
1079  -5.388638883625025  0.06294387481989608
1080  -5.38864378892437  0.06294302181398925
1081  -5.38839246018611  0.06298672656739854
1082  -5.388644464153357  0.06294290439519921
1083  -5.388648692317538  0.06294216913955673
1084  -5.388651578526567  0.06294166724289828
1085  -5.388653913362452  0.06294126122714658
1086  -5.388657082715621  0.06294071009320269
1087  -5.388661784348245  0.06293989250387383
1088  -5.388477065238257  0.06297201419122193
1089  -5.388664811429259  0.06293936611031377
1090  -5.388672141779115  0.06293809140080352
1091  -5.388677292453413  0.06293719572547553
1092  -5.388678751579211  0.06293694199112888
1093  -5.388680394254535  0.06293665633847947
1094  -5.388683290023294  0.06293615277943398
1095  -5.388683508629687  0.06293611476492525
1096  -5.388685090485548  0.06293583968846247
1097  -5.38868790957124  0.06293534946420137
1098  -5.388689379377819  0.06293509387252266
1099  -5.388685699126593  0.06293573384896725
1100  -5.388692097185111  0.06293462126004572
1101  -5.38869261648424  0.06293453095664255
1102  -5.388704462854152  0.06293247093485844
1103  -5.3887088315528295  0.06293171124100194
1104  -5.388710989619415  0.062931335964507
1105  -5.388712187372335  0.06293112768153715
1106  -5.388718541945233  0.06293002265453777
1107  -5.388726008994256  0.06292872417375708
1108  -5.388263644330676  0.06300912697109261
1109  -5.38872720167973  0.0629285167719896
1110  -5.388733846295163  0.06292736130810987
1111  -5.388736984480263  0.06292681559413021
1112  -5.388738309296255  0.06292658521555654
1113  -5.3887398811324925  0.06292631188145388
1114  -5.388744414746525  0.06292552350967943
1115  -5.3887525589552  0.06292410727437622
1116  -5.388761370300781  0.06292257502745335
1117  -5.388770229290346  0.06292103449549082
1118  -5.388783338426009  0.0629187548853454
1119  -5.388793182479986  0.06291704305583237
1120  -5.388806876320596  0.0629146617685541
1121  -5.388806067845342  0.06291480235817332
1122  -5.388808929772019  0.06291430468408893
1123  -5.388810573925139  0.06291401877445858
1124  -5.388814847595188  0.06291327560558369
1125  -5.388785774985515  0.06291833118038782
1126  -5.388818889239591  0.06291257278475536
1127  -5.38882771037351  0.06291103883569166
1128  -5.38883939522665  0.06290900690082973
1129  -5.388844569806247  0.06290810706849508
1130  -5.388850143637911  0.06290713780831378
1131  -5.388861354555573  0.06290518828835323
1132  -5.388856302358467  0.0629060668390125
1133  -5.388867973251384  0.06290403733176023
1134  -5.388873185427942  0.06290313096151079
1135  -5.388846305963572  0.06290780515981453
1136  -5.388873909031192  0.06290300513068924
1137  -5.388875153177087  0.06290278878022365
1138  -5.388888273515323  0.06290050722200936
1139  -5.388908116673634  0.06289705660053706
1140  -5.388820726917065  0.06291225322225164
1141  -5.38891747585305  0.06289542908817496
1142  -5.388920780664286  0.06289485439878152
1143  -5.3889232116634025  0.0628944316607466
1144  -5.388934582053355  0.06289245440938859
1145  -5.388944720272639  0.0628906914260668
1146  -5.388933073738962  0.06289271669737462
1147  -5.388950924583373  0.06288961252887199
1148  -5.388965123907952  0.06288714334057458
1149  -5.388970510016779  0.0628862067244131
1150  -5.388976253568885  0.06288520795073421
1151  -5.388980233019449  0.06288451594508936
1152  -5.388984130049313  0.06288383827197318
1153  -5.388987990242394  0.06288316700458102
1154  -5.388988014930074  0.0628831627115225
1155  -5.388990788175702  0.06288268045860887
1156  -5.388995853331194  0.06288179965455411
1157  -5.389001433593572  0.06288082927610518
1158  -5.389017259755367  0.06287807718932246
1159  -5.389024808137124  0.0628767645652047
1160  -5.389033356109045  0.06287527811758427
1161  -5.388483995798983  0.06297080900295104
1162  -5.389034954365339  0.06287500018917179
1163  -5.389037505461767  0.0628745565668425
1164  -5.388650844809817  0.06294179483240465
1165  -5.389041301463668  0.06287389646196082
1166  -5.389044844420063  0.06287328036036952
1167  -5.389049693997384  0.06287243704423136
1168  -5.389055240720957  0.06287147249800533
1169  -5.389056748404975  0.06287121031963805
1170  -5.389061371698769  0.06287040635302203
1171  -5.389068132113171  0.06286923075230716
1172  -5.3890755915582025  0.06286793359382092
1173  -5.3890798892985865  0.06286718623924062
1174  -5.389086723734683  0.06286599776654012
1175  -5.38909507271907  0.06286454592181119
1176  -5.389099887006223  0.06286370874244875
1177  -5.38910048578951  0.06286360461716613
1178  -5.389106688307832  0.0628625260316623
1179  -5.38910895304922  0.06286213220497701
1180  -5.389112485761916  0.06286151788471145
1181  -5.389115395831413  0.06286101183884234
1182  -5.389124167923383  0.06285948641791732
1183  -5.38909005971877  0.0628654176563509
1184  -5.3891324865870125  0.06285803984580958
1185  -5.389139030313025  0.0628569019260725
1186  -5.389144826419432  0.06285589401347558
1187  -5.389146959301321  0.06285552311646773
1188  -5.389151481457817  0.0628547367370991
1189  -5.389147436696273  0.06285544009998183
1190  -5.389153170111955  0.06285444308897425
1191  -5.389154092929351  0.06285428261585445
1192  -5.389159463796027  0.06285334865022327
1193  -5.3890958454319  0.06286441155109054
1194  -5.389164986332131  0.0628523883100716
1195  -5.389182203553076  0.06284939432537649
1196  -5.389193677748397  0.06284739902280766
1197  -5.389203116787979  0.0628457576231802
1198  -5.389210313082179  0.06284450622524747
1199  -5.389224236410644  0.06284208503123112
1200  -5.389233781960424  0.06284042511003717
1201  -5.3892535736515255  0.06283698343844356
1202  -5.389269785307059  0.06283416431631549
1203  -3.070394615223145  0.46607443121529735
1204  -5.389269786218497  0.06283416415782117
1205  -5.389269814873707  0.06283415917483004
1206  -5.388841550949127  0.0629086320319629
1207  -5.389271602650299  0.0628338482898287
1208  -5.389276118929817  0.06283306293243582
1209  -5.3892827500420495  0.06283190981669201
1210  -5.389290343873377  0.06283058928913161
1211  -5.389311455041583  0.06282691816736881
1212  -5.389322706229194  0.06282496164467467
1213  -5.389333544229876  0.06282307697302698
1214  -5.389339150885851  0.0628221020048696
1215  -5.389347462553788  0.06282065664927627
1216  -5.389353145371322  0.06281966843702204
1217  -5.38936125861555  0.0628182575862741
1218  -5.389367337657182  0.06281720047272106
1219  -5.38937322299991  0.06281617704239459
1220  -5.389377689324269  0.0628154003719425
1221  -5.389380955156232  0.06281483246084085
1222  -5.389384320760863  0.06281424719979402
1223  -5.389393850503873  0.06281259002731474
1224  -5.389398840681442  0.06281172226152866
1225  -5.389410071634606  0.06280976925749905
1226  -5.389411757649348  0.06280947606835142
1227  -5.389417104831679  0.06280854622130387
1228  -5.389437578434599  0.06280498596881066
1229  -5.389315281083372  0.06282625283870769
1230  -5.389439215124693  0.06280470135696148
1231  -5.3894484026720635  0.06280310369051449
1232  -5.38945100202604  0.06280265167644976
1233  -5.38945218650939  0.06280244570098881
1234  -5.38945337939201  0.06280223826493861
1235  -5.38945640970129  0.06280171131000004
1236  -5.38946289088357  0.06280058426629107
1237  -5.389472585178564  0.06279889847908211
1238  -5.389348655780096  0.06282044915346058
1239  -5.389474674562469  0.06279853514614622
1240  -5.389481209367093  0.06279739877779189
1241  -5.389483805394123  0.06279694734226579
1242  -5.389485075466657  0.06279672648329332
1243  -5.389487850879472  0.06279624385351715
1244  -5.389492967280629  0.06279535413810912
1245  -5.389456282085292  0.06280173350175475
1246  -5.389494457119152  0.06279509506298009
1247  -5.389498407933273  0.062794408037063
1248  -5.389500697449635  0.06279400990213926
1249  -5.389501356819444  0.06279389524117719
1250  -5.389503898112343  0.06279345332363027
1251  -5.389511794369161  0.06279208020585836
1252  -5.389478908512901  0.06279779888430502
1253  -5.389512825909856  0.0627919008263254
1254  -5.389518551086977  0.0627909052479605
1255  -5.389521762410391  0.06279034681561045
1256  -5.389528597968721  0.06278915814775934
1257  -5.389529343986722  0.0627890284191298
1258  -5.389535067662423  0.06278803310185405
1259  -5.389489131072905  0.06279602123457315
1260  -5.3895371304542605  0.06278767439313959
1261  -5.389540724587398  0.06278704939218031
1262  -5.389542901191148  0.06278667089216951
1263  -5.38950446846238  0.06279335414274122
1264  -5.38954458471333  0.06278637813646501
1265  -5.389547658744631  0.06278584357849565
1266  -5.389564289350062  0.06278295160317099
1267  -5.389568168812063  0.06278227698501443
1268  -5.389571659131581  0.06278167003670067
1269  -5.389573262708181  0.06278139118311497
1270  -5.389574898539848  0.0627811067205416
1271  -5.389578898670776  0.06278041111868957
1272  -5.389584676004347  0.06277940647059076
1273  -5.38940561209559  0.06281054474801533
1274  -5.389585595932473  0.06277924649989976
1275  -5.389591790691225  0.06277816926374472
1276  -5.389595816592268  0.06277746918060428
1277  -5.3895976380933694  0.06277715243108727
1278  -5.38960144106301  0.06277649111455215
1279  -5.389610400045987  0.06277493319425816
1280  -5.389616131357389  0.06277393654917376
1281  -5.389620894144317  0.06277310832543123
1282  -5.389621923468241  0.06277292933138295
1283  -5.389623591845945  0.0627726392092241
1284  -5.38960273889447  0.06277626542844747
1285  -5.3896280386311615  0.06277186593652677
1286  -5.3896338308711496  0.06277085869627991
1287  -5.389640091860567  0.06276976994295831
1288  -5.3896462400285365  0.06276870080869662
1289  -5.389625541788332  0.06277230012443905
1290  -5.389648979007826  0.06276822451452002
1291  -5.389650808174397  0.06276790643201785
1292  -5.38965920028283  0.06276644708824289
1293  -5.389663843330271  0.06276563968657099
1294  -5.38966759460298  0.06276498735986188
1295  -5.389669149374449  0.0627647169932332
1296  -5.389673821027825  0.06276390461713871
1297  -5.389690175737918  0.0627610606185708
1298  -5.389581088203023  0.06278003037048066
1299  -5.389691254908929  0.06276087295637499
1300  -5.389693342795806  0.06276050988376433
1301  -5.389696859542313  0.06275989833993559
1302  -5.38969998179849  0.06275935539591236
1303  -5.389702460066013  0.06275892443814879
1304  -5.389711442944245  0.0627573623625948
1305  -5.389445406219798  0.06280362475789536
1306  -5.389714738090153  0.06275678935395138
1307  -5.389719426317409  0.06275597409574582
1308  -5.389721507786965  0.06275561213907387
1309  -5.389721971315179  0.0627555315339412
1310  -5.389726169868522  0.06275480142746864
1311  -5.389734910115835  0.06275328154416292
1312  -5.389734395143695  0.06275337109512526
1313  -5.389737894364731  0.06275276259888427
1314  -5.389740591518708  0.06275229357791073
1315  -5.389691527365667  0.06276082557757288
1316  -5.389744602670037  0.06275159605966865
1317  -5.389747366366112  0.06275111546737222
1318  -5.389753057769482  0.062750125762086
1319  -5.389758200861061  0.06274923140535325
1320  -5.389754846857291  0.06274981464907106
1321  -5.389758818946619  0.06274912392350666
1322  -5.389759666431294  0.06274897655035304
1323  -5.3897606247931265  0.06274880989624154
1324  -5.3897626232427065  0.06274846237630927
1325  -5.38965845307974  0.06276657702295327
1326  -5.389764109697953  0.06274820388951437
1327  -5.389770343071014  0.0627471199385329
1328  -5.389777538610248  0.06274586867188477
1329  -5.38960360558647  0.06277611471524054
1330  -5.389779171238385  0.06274558476638865
1331  -5.3897817247680795  0.06274514072092698
1332  -5.389788222051584  0.06274401087729929
1333  -5.389790871927032  0.06274355007781468
1334  -5.3897833794521315  0.06274485298002253
1335  -5.38979253799051  0.06274326035808765
1336  -5.389796439252708  0.0627425819489908
1337  -5.389799957540699  0.06274197013710585
1338  -5.389795770954479  0.06274269816255823
1339  -5.389802306975406  0.06274156158269524
1340  -5.3898051678290315  0.06274106409520896
1341  -5.3898073417688535  0.06274068605844126
1342  -5.389809158245836  0.06274037018259224
1343  -5.389783534121131  0.06274482608389227
1344  -5.389809738672908  0.06274026924935931
1345  -5.389811280963133  0.06274000105315378
1346  -5.3898144491699815  0.062739450118549
1347  -5.389816918295513  0.06273902075052988
1348  -5.389818356783784  0.06273877060494133
1349  -5.389802608370831  0.06274150917160694
1350  -5.389819525776607  0.06273856732320189
1351  -5.389821960515434  0.06273814393485097
1352  -5.389823278548856  0.06273791473573076
1353  -5.389824832791879  0.06273764446099601
1354  -5.389671655036414  0.06276428127171935
1355  -5.389825131835962  0.06273759245879369
1356  -5.3898269358874655  0.0627372787436704
1357  -5.389825900370564  0.06273745881464496
1358  -5.389827713903064  0.06273714345082597
1359  -5.389829657471116  0.06273680547450441
1360  -5.389833176961206  0.06273619345358092
1361  -5.389836088689005  0.06273568711934177
1362  -5.389839452456522  0.06273510217775939
1363  -5.389837782144418  0.06273539263630047
1364  -5.3898421556539375  0.06273463210586364
1365  -5.389846169810509  0.06273393406502549
1366  -5.389847369884216  0.06273372537848289
1367  -5.3898521924643745  0.06273288675701018
1368  -5.389837225436043  0.06273548944497583
1369  -5.389853062497756  0.06273273546275449
1370  -5.389856603152278  0.06273211976144677
1371  -5.389857491014062  0.06273196536692506
1372  -5.389858996218071  0.06273170361981854
1373  -5.3898604631204385  0.06273144853316712
1374  -5.389861984812198  0.06273118391892697
1375  -5.389863784675779  0.06273087093206157
1376  -5.38985858424904  0.06273177525907896
1377  -5.3898648853220665  0.06273067953542728
1378  -5.38986778189035  0.06273017583734859
1379  -5.389868614848199  0.06273003099033421
1380  -5.389869581346822  0.06272986292127733
1381  -5.389870166864405  0.0627297611028313
1382  -5.389871805418118  0.06272947616690841
1383  -5.389861857997177  0.06273120597139596
1384  -5.389872269444042  0.06272939547522667
1385  -5.389872841968358  0.06272929591624181
1386  -5.389873750333926  0.06272913795621919
1387  -5.389875591300506  0.06272881782175715
1388  -5.389877663006834  0.06272845756285958
1389  -5.3898796200339625  0.062728117246075
1390  -5.389882208547362  0.06272766711712997
1391  -5.389888666969629  0.06272654403126818
1392  -5.389893486522567  0.06272570593621324
1393  -5.389895511665193  0.06272535377449985
1394  -5.3898878514962725  0.06272668583782082
1395  -5.3898972221331025  0.06272505633307425
1396  -5.38989021743311  0.06272627441377603
1397  -5.389898062585065  0.06272491018287266
1398  -5.3899002017881035  0.06272453818664991
1399  -5.3899034638001675  0.06272397093980873
1401  -5.389903463795841  0.06272397094056106
1402  -5.389903463805662  0.06272397093885332
1403  -5.389903463791025  0.06272397094139864
1404  -5.38990346378341  0.06272397094272274
1405  -5.389903463805662  0.06272397093885332
