0  10.037128974598682  2.7454042439551913
1  2.937884041017769  1.5108826723675401
2  0.28697816132713083  1.0499040016293961
3  -1.2855235533993814  0.7764541761408071
4  -1.951259529633089  0.6606861710456623
5  -2.650590890359207  0.5390761042594946
6  -3.294980195796797  0.4270201735928193
7  -3.7954143803195652  0.3399972857035841
8  -4.060623712157922  0.2938787696918183
9  -4.246985517201283  0.26147142629142733
10  -4.529306304569597  0.21237731763979187
11  -4.701017728500018  0.18251759890725175
12  -4.777654722111236  0.16919082645752992
13  -4.854948270853535  0.15574988250367766
14  -4.8971636347829675  0.14840885146292734
15  -4.942174104172896  0.1405817661983647
16  -4.937401899754453  0.14141162759259923
17  -4.960646361547704  0.13736953723338693
18  -4.980132926177782  0.13398092554058916
19  -5.0013023536960475  0.13029967279132276
20  -5.018276128472677  0.1273480221145162
21  -5.04016314244653  0.12354198483292428
22  -5.067345619325328  0.11881509424244388
23  -5.083862357118818  0.11594291990713257
24  -5.103337582681409  0.1125562800188781
25  -5.1180247886261  0.1100022517053451
26  -5.12992707800458  0.10793250582018643
27  -5.130800229073445  0.10778066941506816
28  -5.1382678494592975  0.10648208927858707
29  -5.148928996995664  0.10462817146976951
30  -5.158592327519018  0.10294776882187218
31  -5.167475373859045  0.10140305351330421
32  -5.171528348162065  0.10069826247524588
33  -5.180473900897871  0.09914267763130145
34  -5.184888445021005  0.09837501149219485
35  -5.190874194943848  0.09733412088044478
36  -5.1977606519174  0.09613660202242562
37  -5.2042582773942465  0.09500669892846113
38  -5.208724643876899  0.09423002115201641
39  -5.21549229285979  0.09305316238231927
40  -5.220976370885001  0.09209950989029599
41  -5.229030845674865  0.09069887884165286
42  -5.238913377654268  0.08898035820676559
43  -5.247970014166349  0.08740545647499055
44  -5.25554133655413  0.08608884310263766
45  -5.265249928694492  0.08440056969621822
46  -5.27221580645239  0.08318923997909708
47  -5.279813803049727  0.08186798810118356
48  -5.291253745606227  0.07987864191072908
49  -5.298635182183581  0.07859504868788564
50  -5.3068820475138985  0.07716096193027891
51  -5.313618249966141  0.07598957154782587
52  -5.318637080387146  0.0751168231813675
53  -5.32331476835853  0.0743033977030446
54  -5.329535714561132  0.0732216076880993
55  -5.333369824619679  0.07255487599770113
56  -5.3379925153036085  0.07175101426008247
57  -5.341321449176309  0.07117213006680743
58  -5.344259879106282  0.0706611524672051
59  -5.347042040504423  0.07017734914815114
60  -5.350398731488372  0.06959363813837352
61  -5.35341679069387  0.06906881342414355
62  -5.3562961594257485  0.06856810625805533
63  -5.360601067768873  0.0678195052078005
64  -5.364763775489587  0.06709563210220759
65  -5.368670727230837  0.06641623362408068
66  -5.3735266009115765  0.06557182258264423
67  -5.377003822699448  0.06496715189632703
68  -5.381117567236938  0.06425179323226551
69  -5.3843494947196575  0.06368977794295619
70  -5.387619156031461  0.06312120093808161
71  -5.3901195529264205  0.06268639499276796
72  -5.394295640399462  0.061960195218208815
73  -5.3961959529864085  0.061629740796183156
74  -5.39939308488159  0.06107377627759862
75  -5.4023736880418385  0.06055546497377754
76  -5.405852909017897  0.059950446639088564
77  -5.408205382232609  0.05954136384826855
78  -5.410899926389346  0.05907279670933905
79  -5.4135258716959065  0.058616158551748
80  -5.416766732338025  0.058052589832731226
81  -5.4205637649067375  0.05739230572393485
82  -5.42288065295853  0.05698941100686966
83  -5.425424992840639  0.056546963605871275
84  -5.428907500757001  0.05594137368945105
85  -5.432019418943952  0.05540022738914033
86  -5.43505772116347  0.05487188252062406
87  -5.437733422276551  0.05440659208845498
88  -5.439854924543291  0.05403767393772686
89  -5.441450654604675  0.05376018482421693
90  -5.444224868117741  0.05327776360081749
91  -5.4460961563028025  0.05295235637050944
92  -5.448121445336213  0.0526001691979528
93  -5.450401103527196  0.05220374855900527
94  -5.45207316679655  0.051912985499780025
95  -5.4536814710793955  0.05163330979490929
96  -5.456895992275972  0.05107432136774178
97  -5.458057896146079  0.0508722723603926
98  -5.460143481293252  0.050509600008944555
99  -5.461811219616452  0.05021958903524012
100  -5.463720492009464  0.04988757654979109
101  -5.464700669750809  0.049717128765977184
102  -5.465774002151049  0.04953048187409266
103  -5.46683515072839  0.04934595368530021
104  -5.468001643144614  0.04914310675377516
105  -5.46974699655292  0.04883959892262462
106  -5.470921620397392  0.048635337978246936
107  -5.472414315927178  0.048375766031008266
108  -5.4741955922298695  0.048066011396367
109  -5.475568694998811  0.04782723600488175
110  -5.4773572239468145  0.04751622017314525
111  -5.4774182430007  0.04750560927874677
112  -5.478556241345242  0.04730771731729002
113  -5.480037533057445  0.047050128434297914
114  -5.481684408789234  0.046763745356148134
115  -5.483596646809775  0.04643121716357919
116  -5.486511411391869  0.045924354844225475
117  -5.4899217904716195  0.0453313077553262
118  -5.492650218834283  0.04485684833016856
119  -5.49504278511886  0.044440793564148005
120  -5.496550530109633  0.0441786045943384
121  -5.497940390263534  0.043936915181234
122  -5.499309599587896  0.043698816839402174
123  -5.5001392266266524  0.04355454903553016
124  -5.501365225625344  0.04334135422047732
125  -5.502874025652334  0.043078981785386335
126  -5.503789055758597  0.04291986283465246
127  -5.504906804687728  0.04272549214065034
128  -5.506005623693166  0.042534413261392845
129  -5.507141115504815  0.042336957172899266
130  -5.507826541730268  0.04221776513642634
131  -5.509245950215833  0.041970937422955636
132  -5.509389920777014  0.04194590169519661
133  -5.510349387733169  0.0417790554086295
134  -5.51080269649668  0.04170022738503266
135  -5.511468432013551  0.041584459459818264
136  -5.5124076086591165  0.04142114155216338
137  -5.511257128045889  0.04162120411487401
138  -5.513053490865459  0.041308826013835856
139  -5.514238249177815  0.041102802738486786
140  -5.515247200803248  0.04092735132669031
141  -5.516534487488653  0.04070349890339489
142  -5.517371954269824  0.04055786780931149
143  -5.518757100430656  0.04031699813495217
144  -5.519784228784623  0.04013838588511081
145  -5.5205703864293305  0.040001677181559905
146  -5.521578876316936  0.03982630606355718
147  -5.522274087196839  0.03970541252683989
148  -5.523251255441885  0.03953548807869575
149  -5.523882084466669  0.03942579020992723
150  -5.524555969133067  0.039308605190222515
151  -5.524813367063768  0.039263845036022225
152  -5.525618598614869  0.03912381947988799
153  -5.525840678218035  0.03908520099816454
154  -5.526141205757392  0.03903294083054618
155  -5.526563412775824  0.03895952123778589
156  -5.526937761928271  0.038894423877668664
157  -5.527191701976868  0.03885026503108484
158  -5.527471459797662  0.03880161660891849
159  -5.527666077277411  0.03876777364685624
160  -5.52788984369455  0.038728861837003345
161  -5.528049502234527  0.03870109805176504
162  -5.528167869238543  0.03868051464871454
163  -5.5283008919783025  0.038657382689853984
164  -5.528426319605902  0.03863557148128271
165  -5.528530258738818  0.03861749700957241
166  -5.528624564952222  0.03860109765219413
167  -5.528710930161188  0.03858607919396351
168  -5.528807753613459  0.03856924210190902
169  -5.528903219937078  0.03855264100743064
170  -5.529007335700739  0.0385345358205573
171  -5.529097450612776  0.03851886530857024
172  -5.529164432812473  0.03850721745429672
173  -5.529226715432627  0.03849638683233125
174  -5.529285191666599  0.03848621812101922
175  -5.5293613272639295  0.03847297853876085
176  -5.529384928665533  0.03846887437843506
177  -5.529483826388102  0.038451676581622275
178  -5.529519531691991  0.038445467615980985
179  -5.529570468496909  0.03843660997195725
180  -5.529643715025245  0.03842387278368996
181  -5.529715740878978  0.03841134786435318
182  -5.529775412360524  0.03840097130573792
183  -5.5298363303325635  0.038390377988943895
184  -5.52989658372362  0.03837990023930771
185  -5.529968394220994  0.038367412769315566
186  -5.530028221392634  0.03835700913700713
187  -5.53006279307012  0.038350997303069595
188  -5.5301063184227655  0.03834342847184111
189  -5.530138336806969  0.0383378606422541
190  -5.530180934503613  0.038330453125553554
191  -5.530213646069008  0.03832476475538201
192  -5.530243641770966  0.03831954865966081
193  -5.530310827688367  0.0383078653799438
194  -5.530298489406424  0.03831001094265607
195  -5.530341905886943  0.038302461043721064
196  -5.530365360236198  0.03829838245502981
197  -5.5303883691784  0.03829438132029594
198  -5.530409760605188  0.03829066146303448
199  -5.530437559128721  0.03828582744515221
200  -5.530459030203424  0.038282093737534835
201  -5.530476077939712  0.038279129225338035
202  -5.530496776980091  0.03827552977045252
203  -5.5305108381981345  0.038273084598161713
204  -5.530528972984653  0.03826993105361396
205  -5.530539546491541  0.03826809237605565
206  -5.530546163207221  0.038266941763798044
207  -5.530559017148088  0.03826470653069538
208  -5.530554772739164  0.038265444611212986
209  -5.530566244736429  0.03826344969087633
210  -5.530575210085744  0.03826189066351072
211  -5.530584505772038  0.03826027419227194
212  -5.530592647110233  0.03825885845613126
213  -5.530597993237797  0.03825792879250313
214  -5.530605802106292  0.03825657087110488
215  -5.530609825272896  0.038255871263469764
216  -5.530615127149712  0.038254949294815314
217  -5.5306195511047  0.038254179992176
218  -5.530626075341205  0.03825304546156342
219  -5.530630496548351  0.03825227663675945
220  -5.530634229098738  0.038251627565764876
221  -5.530638887539585  0.03825081748726094
222  -5.530644880003129  0.03824977542918557
223  -5.530648848184559  0.038249085383184646
224  -5.530653066732589  0.03824835179974126
225  -5.530657177212909  0.038247637008707605
226  -5.530662061399072  0.03824678767427354
227  -5.530666116698342  0.038246082478935926
228  -5.530671341523709  0.03824517390912552
229  -5.530672273109778  0.03824501191117933
230  -5.530676569855196  0.0382442647296192
231  -5.530678187293381  0.038243983465576475
232  -5.5306805433640465  0.038243573757207744
233  -5.530684109662998  0.0382429535964685
234  -5.530684171381629  0.038242942863921284
235  -5.530686738793312  0.038242496404454714
236  -5.530689968514636  0.03824193477280484
237  -5.530692404582271  0.0382415111533815
238  -5.5306944739343145  0.0382411513038819
239  -5.5306967937453  0.03824074790088186
240  -5.530699343254651  0.03824030455453738
241  -5.530700963426053  0.038240022815202473
242  -5.530702749684514  0.03823971219419653
243  -5.530704338253214  0.038239435950406374
244  -5.530706264533818  0.0382391009802819
245  -5.530707327681476  0.038238916104463457
246  -5.5307096145092345  0.038238518437074244
247  -5.530710891665979  0.038238296346194654
248  -5.530712164199142  0.03823807505933186
249  -5.530714338472975  0.03823769696448171
250  -5.530715094004742  0.03823756558145816
251  -5.530719308292823  0.0382368327387976
252  -5.530720647331668  0.03823659988694434
253  -5.530722399059878  0.038236295270568425
254  -5.530724203266661  0.038235981528443305
255  -5.530726517345538  0.038235579122226894
256  -5.530729016674574  0.0382351445019768
257  -5.53073040984884  0.03823490223625682
258  -5.530731829581631  0.03823465535214835
259  -5.530733105401268  0.03823443349378488
260  -5.5307343497663535  0.03823421710520335
261  -5.530735397166994  0.03823403496770881
262  -5.5307361066948175  0.038233911584530524
263  -5.530737219648242  0.0382337180477497
264  -5.530737988380596  0.03823358436921304
265  -5.530738628808617  0.03823347300212906
266  -5.530739591502347  0.03823330559472338
267  -5.53074013841746  0.038233210489045044
268  -5.530740983107798  0.038233063601812334
269  -5.530741652989631  0.03823294711286433
270  -5.530742257709626  0.038232841955219324
271  -5.530742540700762  0.03823279274454049
272  -5.530743209896174  0.038232676374957614
273  -5.530743278810215  0.03823266439116629
274  -5.530743584000089  0.03823261132024301
275  -5.530743959387323  0.03823254604236607
276  -5.530744627346376  0.03823242988777947
277  -5.530744968382732  0.03823237058334054
278  -5.530745365576621  0.03823230151340013
279  -5.530745788322364  0.038232228000125934
280  -5.530746065523862  0.038232179796235055
281  -5.530746363730826  0.03823212793960335
282  -5.530746673134953  0.03823207413584352
283  -5.5307469464566354  0.03823202660663213
284  -5.530747195996975  0.03823198321287195
285  -5.530747406392247  0.038231946626234345
286  -5.530747627337552  0.03823190820500103
287  -5.5307477882977425  0.03823188021486565
288  -5.530747930628825  0.03823185546423459
289  -5.530748118797149  0.03823182274274706
290  -5.53074816142279  0.03823181533037102
291  -5.530748320430904  0.03823178767969142
292  -5.530748392283554  0.03823177518489129
293  -5.530748503882489  0.03823175577842013
294  -5.530748646331403  0.03823173100729886
295  -5.530748390386647  0.03823177551475359
296  -5.530748704829314  0.03823172083481796
297  -5.530748791202599  0.038231705814955275
298  -5.530748856665955  0.03823169443122004
299  -5.530748966015862  0.03823167541584303
300  -5.530749056133157  0.038231659744916664
301  -5.530749133601386  0.0382316462735967
302  -5.530749245059097  0.03823162689168364
303  -5.530749302681861  0.03823161687138624
304  -5.530749377261893  0.03823160390230867
305  -5.530749479570833  0.03823158611131898
306  -5.530749522405353  0.038231578662619954
307  -5.530749558937697  0.038231572309836315
308  -5.530749627189595  0.038231560441188236
309  -5.530749649312894  0.03823155659406211
310  -5.530749683366804  0.03823155067226525
311  -5.530749743841021  0.038231540156115185
312  -5.530749775502803  0.03823153465029692
313  -5.530749789576123  0.038231532203020106
314  -5.5307498428898345  0.03823152293204443
315  -5.530749861960006  0.038231519615841376
316  -5.530749892070457  0.03823151437979139
317  -5.5307499146250425  0.038231510457666866
318  -5.530749947338682  0.03823150476893597
319  -5.530749961227217  0.0382315023537924
320  -5.530749975674962  0.03823149984140505
321  -5.530749992796064  0.03823149686413496
322  -5.530750014197048  0.03823149314261574
323  -5.530750028709149  0.03823149061903728
324  -5.530750040762855  0.038231488522960905
