0  9.44792805039065  2.6429452842021584
1  4.743478096523811  1.8248660370648981
2  1.0270088671181097  1.1785914717032304
3  -0.21944521733255176  0.9618396241975694
4  -1.3369171377229467  0.7675171005668123
5  -2.1716079197823213  0.6223687382129353
6  -2.3619006692525524  0.5892778241318261
7  -3.163551165741918  0.4498749946690145
8  -3.5470151344543503  0.38319261566513485
9  -3.957866721082863  0.31174767311708285
10  -4.172890348961258  0.2743561885999837
11  -4.398980532174687  0.23504028797777826
12  -4.517081309131164  0.2145031804208222
13  -4.660987898965446  0.18947857694450013
14  -4.805717021782715  0.1643109392835089
15  -4.910242570993781  0.14613449284583074
16  -4.984123931823884  0.1332869105273735
17  -5.013620794728008  0.12815756030914394
18  -5.035137814683043  0.12441586305270201
19  -5.061407246430282  0.11984774623623096
20  -5.086601560534328  0.11546658675605917
21  -5.1012988396441195  0.11291080677178673
22  -5.1160929171682294  0.11033819404942878
23  -5.128976894289042  0.1080977377991791
24  -5.139976183310042  0.10618501895434398
25  -5.145464710144748  0.10523059283761199
26  -5.156333941136922  0.10334049040390872
27  -5.160367041875596  0.10263915527476972
28  -5.166350725429109  0.10159862399384029
29  -5.165800015671649  0.10169438954096956
30  -5.169590493752468  0.10103524522334369
31  -5.173825449643028  0.10029880853880398
32  -5.177674259484303  0.09962952063305484
33  -5.18143248973379  0.09897598404467191
34  -5.185124736566853  0.09833392162737387
35  -5.188444024254949  0.09775671485516078
36  -5.191532588854874  0.09721962962151628
37  -5.194676080847778  0.09667299280145127
38  -5.198449410599924  0.09601683048851196
39  -5.202981773282155  0.09522867631805788
40  -5.204002596775348  0.09505116045053652
41  -5.208213555080857  0.09431889682055251
42  -5.209908268930881  0.0940241949437898
43  -5.212590981484686  0.09355768525874175
44  -5.2163104789356876  0.09291088410147931
45  -5.213159039221254  0.09345890298875927
46  -5.2185767775134035  0.09251678662942049
47  -5.222397520471921  0.09185237940781969
48  -5.226035563246077  0.09121974279292945
49  -5.229671999800905  0.09058738549118137
50  -5.2325789182345455  0.09008188757601546
51  -5.235227219100223  0.08962136190359206
52  -5.238756597396323  0.08900762147322303
53  -5.240753796758775  0.08866031894756327
54  -5.2433453333878735  0.0882096642790576
55  -5.246709886093518  0.08762458615698625
56  -5.249447616534944  0.08714850914897262
57  -5.251492742827822  0.08679287238072446
58  -5.254322290516399  0.0863008288335491
59  -5.256276167386072  0.0859610598628478
60  -5.258110966321381  0.08564199792226693
61  -5.260859339228852  0.08516407024505826
62  -5.262828088527336  0.08482171503675548
63  -5.265370157655299  0.08437966250802884
64  -5.2667523626391  0.08413930428897543
65  -5.270258248883828  0.08352964900349864
66  -5.271901333834266  0.08324392512240357
67  -5.2734554947212375  0.0829736646709561
68  -5.275428622438402  0.08263054807853987
69  -5.276392441699512  0.08246294494889933
70  -5.278409445628815  0.0821121985126235
71  -5.2794445761095  0.08193219473478926
72  -5.280847870012576  0.08168816926294911
73  -5.282540030540001  0.08139391139563501
74  -5.284556906254586  0.08104318725522804
75  -5.285675757563255  0.08084862486318856
76  -5.287282334240602  0.08056924957988011
77  -5.288674979584148  0.08032707583686019
78  -5.2905541203158934  0.080000303089745
79  -5.292192384921799  0.0797154174413581
80  -5.293676796735184  0.07945728598908548
81  -5.294698243503218  0.07927966173732846
82  -5.295945486498898  0.07906277270228532
83  -5.297363909460463  0.07881611636628458
84  -5.298616473643851  0.07859830200452377
85  -5.2994639396686365  0.07845093209426234
86  -5.300887839262142  0.07820332340060486
87  -5.301480486907763  0.07810026507402013
88  -5.302356954629014  0.07794785192039486
89  -5.303029950223285  0.0778308215056838
90  -5.303591900050287  0.07773310136923632
91  -5.304624078400372  0.07755361095147663
92  -5.305431291309181  0.07741324084759764
93  -5.306162873775147  0.07728602248225304
94  -5.307003565552172  0.07713983057825416
95  -5.307872444700101  0.07698873703784845
96  -5.308857469145796  0.07681744643749185
97  -5.309955701734638  0.07662646953301375
98  -5.310537739063321  0.07652525628506256
99  -5.3112891389050905  0.07639459178169193
100  -5.311652498634496  0.0763314054247773
101  -5.312744330539303  0.07614154156578339
102  -5.313328011089033  0.07604004257028457
103  -5.314079369425041  0.07590938528454884
104  -5.315254995090066  0.07570495012881548
105  -5.314264686089038  0.07587715968571138
106  -5.316002824277802  0.07557490654351018
107  -5.3170833570550915  0.0753870075437077
108  -5.317799848494592  0.07526241342895365
109  -5.318465118536174  0.07514672644745786
110  -5.319256115626495  0.07500917618962048
111  -5.32014028626802  0.07485542353843858
112  -5.320952933229974  0.07471410848113261
113  -5.321550111112407  0.07461026237005523
114  -5.3224597140922665  0.07445208716822405
115  -5.323249631430176  0.07431472467368486
116  -5.323945622413952  0.07419369548098333
117  -5.324829282232629  0.07404003165922356
118  -5.325340742944871  0.07395109131582224
119  -5.326079279887817  0.07382266360329616
120  -5.3269036892933785  0.07367930311855334
121  -5.32779238826096  0.0735247630151491
122  -5.328399938223213  0.07341911325362709
123  -5.329492865985275  0.07322905883078687
124  -5.3303998594477  0.07307133741039232
125  -5.3312166413622775  0.07292930330644698
126  -5.332449911451967  0.07271484408669043
127  -5.333291391837745  0.07256851504775302
128  -5.334620371997567  0.07233741234727394
129  -5.335882710294209  0.07211789831832768
130  -5.336946615423622  0.07193289077954412
131  -5.337784776906282  0.0717871388805043
132  -5.338702383895001  0.07162757182338592
133  -5.339602922590599  0.0714709728531902
134  -5.340576536672537  0.07130166645542532
135  -5.341296347927435  0.07117649504213312
136  -5.341953562944244  0.07106220878732525
137  -5.3425045106617075  0.07096640186019579
138  -5.343157777217084  0.07085280222218429
139  -5.343819854568225  0.07073767043286157
140  -5.34442598970822  0.07063226670153212
141  -5.344881220413312  0.07055310446234424
142  -5.345932587384258  0.07037027724375519
143  -5.346455133651257  0.07027940918034865
144  -5.347368565179254  0.07012056821401612
145  -5.34799352382439  0.07001189117357179
146  -5.34847394452772  0.0699283485254102
147  -5.349317594250594  0.06978164225009557
148  -5.350148606446774  0.0696371335745906
149  -5.350943317901635  0.06949893740818228
150  -5.352239759753505  0.06927349294931122
151  -5.353311668722181  0.06908709358473229
152  -5.354695760775796  0.06884640721410595
153  -5.356189682855315  0.06858662197628226
154  -5.357392276478213  0.06837749723369178
155  -5.358620739080002  0.06816387401094247
156  -5.360192719252639  0.06789051487889582
157  -5.3617225062257505  0.0676244929236161
158  -5.3633713395780624  0.06733776942549377
159  -5.365423027341086  0.06698099165189769
160  -5.36760725485531  0.06660116590862579
161  -5.369668202262477  0.0662427779313323
162  -5.372103962631099  0.06581921193996033
163  -5.374419580384817  0.06541653812108762
164  -5.3762438312694405  0.06509931043136473
165  -5.378491321723519  0.06470848359365765
166  -5.379291424694828  0.06456934987073165
167  -5.381160696168965  0.06424429333590766
168  -5.38210082426277  0.06408080997637888
169  -5.382973585343738  0.0639290413881167
170  -5.3841172383280265  0.0637301661143763
171  -5.3852551168975955  0.06353229498116093
172  -5.3869309367639095  0.06324087866936767
173  -5.388849831254485  0.06290719295146653
174  -5.3906198993854675  0.06259938735927709
175  -5.392543194258454  0.06226493643788463
176  -5.393514802122919  0.06209597891084769
177  -5.395048912029227  0.061829205220089854
178  -5.396259433599239  0.06161870184895196
179  -5.397454443458003  0.0614108958832883
180  -5.3990283228386495  0.0611372064889
181  -5.4002128422819675  0.0609312247516275
182  -5.40202705753853  0.060615742205147545
183  -5.4038236877393055  0.06030331760791561
184  -5.405568983939596  0.059999819724939576
185  -5.407042621738068  0.05974356181752241
186  -5.408543595950561  0.05948255025065063
187  -5.410071941542102  0.059216778944088805
188  -5.411729009404826  0.058928623507664674
189  -5.412801575636654  0.058742109848460435
190  -5.414112193816734  0.05851420020024264
191  -5.414903710690847  0.05837655955472166
192  -5.416300677673199  0.05813363430131163
193  -5.417180907893214  0.05798056686882561
194  -5.417977990773379  0.05784195832395722
195  -5.419015854223692  0.057661479296995756
196  -5.420116182666196  0.057470137934525135
197  -5.420709906462697  0.057366892470929555
198  -5.42142103235831  0.05724323139620079
199  -5.422097856456137  0.05712553522474097
200  -5.422757908745951  0.05701075558299378
201  -5.423198227857548  0.056934186391941116
202  -5.423564067667262  0.056870568762029367
203  -5.424109962963991  0.05677564042444619
204  -5.424596067420623  0.056691109401306096
205  -5.425119470346855  0.056600092369338405
206  -5.42557555037485  0.05652078243733891
207  -5.426024707332229  0.056442676391118295
208  -5.42670416948386  0.05632452147589651
209  -5.427234580807896  0.05623228572019797
210  -5.427669346249417  0.056156682283331025
211  -5.428234275102001  0.05605844410991223
212  -5.428635430124824  0.0559886853491062
213  -5.429148315066271  0.055899497339693384
214  -5.429910103858523  0.05576702625215834
215  -5.430343662490876  0.055691632673095265
216  -5.430902146709747  0.05559451518777978
217  -5.431345219153579  0.05551746720664876
218  -5.4317604698189035  0.05544525728731854
219  -5.432148112650827  0.05537784822585376
220  -5.432649581506755  0.055290645414017424
221  -5.433122539387182  0.05520840051173524
222  -5.4335893199605865  0.05512722981084276
223  -5.434030411552608  0.05505052628948361
224  -5.434642452590565  0.05494409555338073
225  -5.435028103915644  0.05487703280454254
226  -5.4353581049245765  0.054819647354683504
227  -5.435756222073113  0.05475041686433049
228  -5.436106555691348  0.05468949568003422
229  -5.436669061118099  0.05459167892769546
230  -5.437226882264819  0.054494676747159784
231  -5.4377214913261716  0.05440866681772995
232  -5.438288834695262  0.05431000877251628
233  -5.438753761683055  0.05422916040046923
234  -5.439116239308932  0.05416612743674555
235  -5.439487812027587  0.054101512883946615
236  -5.439783901421225  0.054050024486661505
237  -5.440104072761186  0.05399434836483666
238  -5.440436048951232  0.053936619441310424
239  -5.440622138104397  0.053904259510645924
240  -5.440859668547175  0.05386295420870723
241  -5.4410300105355525  0.053833332627656404
242  -5.4412895093222025  0.05378820714559209
243  -5.441398497884802  0.053769254604463475
244  -5.4414957438715135  0.053752344035879265
245  -5.4416684352096105  0.053722313915197155
246  -5.441372648488756  0.05377374967926787
247  -5.441749754930963  0.05370817284087951
248  -5.441893800968285  0.05368312398821423
249  -5.442028964175336  0.053659619813284314
250  -5.442211141120962  0.05362794019505358
251  -5.442299084449912  0.053612647310009955
252  -5.442513928569873  0.053575287040980996
253  -5.4426635224281075  0.053549273451269
254  -5.442817186761301  0.053522552027246255
255  -5.443038017189767  0.05348415077047105
256  -5.4429087727739836  0.05350662569854936
257  -5.443159373841905  0.053463047483245325
258  -5.443330047768113  0.053433368179941564
259  -5.443453521457348  0.05341189675103452
260  -5.443616204071027  0.05338360709519253
261  -5.443774896846342  0.053356011251378885
262  -5.443928435033384  0.053329311763512376
263  -5.444126185004656  0.05329492407755423
264  -5.444251755383529  0.05327308804528302
265  -5.4444519461570815  0.053238275916571265
266  -5.444616142808234  0.053209722977529676
267  -5.444804073509601  0.053177042811262426
268  -5.444906077689238  0.05315930481780927
269  -5.445115808704006  0.05312283369103658
270  -5.445166204342455  0.053114070153032
271  -5.445450421272888  0.05306464631501652
272  -5.445596872399833  0.05303917922984208
273  -5.445771941822571  0.053008735572676165
274  -5.445989103545429  0.05297097228462227
275  -5.446233526904628  0.05292846834056146
276  -5.446392601662738  0.05290080607193722
277  -5.44658624218977  0.05286713299684374
278  -5.446678129302131  0.05285115430848721
279  -5.446814871148478  0.05282737561643856
280  -5.446921622534817  0.05280881210856327
281  -5.446987903076293  0.052797286268985416
282  -5.447159700705754  0.052767411559561855
283  -5.447210318538139  0.05275860938319364
284  -5.447459662295309  0.05271524980765475
285  -5.447572568939412  0.05269561593264051
286  -5.447744877214293  0.052665652424648574
287  -5.4479291892492325  0.05263360152555091
288  -5.448164936902563  0.052592606241374844
289  -5.448309775968368  0.05256741948520319
290  -5.448481714573208  0.05253752026089839
291  -5.448646530428034  0.05250885964557573
292  -5.448825360603632  0.05247776201315261
293  -5.449011507759329  0.052445391996151
294  -5.449145175127312  0.05242214793981313
295  -5.449327642475626  0.0523904178220737
296  -5.449523458904248  0.0523563663690717
297  -5.449719855903252  0.05232221395791611
298  -5.449805123105029  0.05230738643739428
299  -5.449930013087076  0.052285668722573266
300  -5.450049798614499  0.052264838645719784
301  -5.45018360252316  0.052241570845671936
302  -5.45031248683623  0.052219158537572564
303  -5.450392031337827  0.05220532616468762
304  -5.450545641086987  0.05217861423254299
305  -5.450693709488545  0.052152865911770346
306  -5.450762251017556  0.05214094689828284
307  -5.450853732809554  0.05212503869301801
308  -5.450923363732087  0.05211293023969367
309  -5.451006892283858  0.05209840506131626
310  -5.451146576836535  0.05207411464802437
311  -5.451194956828549  0.052065701620394846
312  -5.4512642064284265  0.052053659477086296
313  -5.451334530828466  0.052041430431649806
314  -5.451391320899557  0.05203155493524563
315  -5.451504505939922  0.05201187264857725
316  -5.451534411050649  0.05200667230619732
317  -5.451633368966275  0.05198946404212671
318  -5.451665783297936  0.051983827359347194
319  -5.451723472794712  0.05197379545751954
320  -5.45177939334637  0.05196407116599805
321  -5.45184688410665  0.05195233487569843
322  -5.451892768852236  0.05194435575837498
323  -5.451937775425165  0.0519365293506846
324  -5.451985027380797  0.05192831248268343
325  -5.452054360685796  0.05191625578349187
326  -5.452106734892514  0.051907148182811474
327  -5.452140665171798  0.05190124788466738
328  -5.452202715020561  0.051890457740429705
329  -5.452178551012258  0.05189465973511856
330  -5.4522371763025514  0.05188446510369156
331  -5.45227422287252  0.05187802289889274
332  -5.452315137634923  0.05187090803565652
333  -5.4523661593758845  0.05186203562169887
334  -5.45232943009963  0.05186842265077996
335  -5.452399017508712  0.05185632176421731
336  -5.452452056151037  0.05184709862165908
337  -5.452494919953389  0.05183964483056737
338  -5.452537689847644  0.05183220736960257
339  -5.452581541955969  0.05182458171727005
340  -5.452628121698348  0.051816481743638544
341  -5.452679750650833  0.051807503738772215
342  -5.452710758555964  0.05180211162621196
343  -5.452746480358121  0.05179589979160835
344  -5.452809652811109  0.05178491443236601
345  -5.452840262168073  0.05177959162524811
346  -5.45287613863393  0.05177335289543573
347  -5.452939070381284  0.05176240939364465
348  -5.4529809223120065  0.05175513156173811
349  -5.45303191084238  0.05174626492292806
350  -5.453100549836473  0.05173432896077256
351  -5.453136974332505  0.05172799493137842
352  -5.453203247153565  0.05171647043434043
353  -5.453245934085184  0.051709047400144356
354  -5.453317041035988  0.0516966822732219
355  -5.453369409795574  0.051687575619769215
356  -5.4534133460443766  0.051679935335847596
357  -5.453479732638658  0.0516683910542414
358  -5.453553204884583  0.05165561461486557
359  -5.45359819189687  0.05164779160866855
360  -5.4536644508290655  0.0516362695268316
361  -5.453703372056426  0.05162950132891501
362  -5.453755890108149  0.05162036871434022
363  -5.453827461412517  0.051607922838761186
364  -5.453873882050445  0.05159985053256166
365  -5.453957214702335  0.05158535942014922
366  -5.4540103358154175  0.05157612193635753
367  -5.454043793080684  0.05157030389287762
368  -5.454069698191902  0.05156579912949614
369  -5.454113112598551  0.05155824959119627
370  -5.454160618042977  0.05154998864281942
371  -5.454214293192961  0.05154065481490762
372  -5.454246439592485  0.051535064724125834
373  -5.454282021366208  0.0515288772397344
374  -5.454313767901104  0.0515233566833206
375  -5.454354054745574  0.051516351011729467
376  -5.4543924336552045  0.051509677120030205
377  -5.454421329802418  0.051504652231129364
378  -5.454447310844429  0.05150013426378
379  -5.454485854454455  0.05149343173154334
380  -5.45451440335527  0.05148846722697547
381  -5.454533887384824  0.051485079056119105
382  -5.454557373918828  0.051480994870668276
383  -5.454586351286376  0.05147595585797598
384  -5.454617981274155  0.051470455568496214
385  -5.454653278580043  0.051464317551573956
386  -5.4546761762939315  0.051460335758862205
387  -5.454707379680745  0.051454909653059724
388  -5.45473224353246  0.05145058595926095
389  -5.4547595763260714  0.051445832929376656
390  -5.454790921907665  0.05144038209664541
391  -5.454812954820465  0.051436550688320856
392  -5.454856761410305  0.05142893295141486
393  -5.454894893244865  0.05142230202477841
394  -5.45492556172245  0.05141696893689361
395  -5.454965879405482  0.05140995790263782
396  -5.454998965521213  0.05140420440012145
397  -5.455031107354535  0.05139861510337825
398  -5.455062683904758  0.05139312410641015
399  -5.455094326475817  0.05138762162876376
400  -5.455146425254668  0.05137856192354908
401  -5.455185039466688  0.05137184711399476
402  -5.455232028580285  0.05136367595284895
403  -5.455267146799761  0.05135756907811735
404  -5.455303004783579  0.051351333562234903
405  -5.455371395876973  0.05133944070871453
406  -5.455421330121059  0.051330757404777126
407  -5.455481443659298  0.05132030397481441
408  -5.455544218278165  0.05130938779684561
409  -5.45559582077993  0.05130041439162114
410  -5.455652345865718  0.05129058497477554
411  -5.455748452110994  0.05127387260126718
412  -5.455784912920952  0.05126753225707118
413  -5.455830933575518  0.05125952950588677
414  -5.455889520917182  0.05124934147352793
415  -5.455990703878456  0.051231746285653995
416  -5.456072431188476  0.05121753433379834
417  -5.456139133533485  0.05120593514479165
418  -5.456205828315808  0.0511943372708966
419  -5.456270480089289  0.051183094665556025
420  -5.456348350879  0.05116955334241619
421  -5.456410028609245  0.05115882790764301
422  -5.456466675027001  0.05114897739180255
423  -5.456543841398019  0.051135558563390006
424  -5.45663245578439  0.05112014898496983
425  -5.456686980043545  0.051110667501413166
426  -5.456776129310947  0.05109516490997862
427  -5.456850842498133  0.05108217267740663
428  -5.4569260528433805  0.051069093991647295
429  -5.457011432378123  0.05105424693701006
430  -5.457104656244869  0.05103803579405588
431  -5.457181066886884  0.0510247483829652
432  -5.457252630688745  0.05101230381203276
433  -5.4573132528541075  0.051001761934473054
434  -5.457390950987797  0.050988250635312454
435  -5.457466663037075  0.05097508470584568
436  -5.457525905026262  0.050964782833705806
437  -5.457579256339342  0.0509555053193384
438  -5.457663419668285  0.05094086975653003
439  -5.457711912617459  0.050932437086241185
440  -5.457757222685004  0.05092455790242406
441  -5.457835406904472  0.0509109620754883
442  -5.4579006026796115  0.05089962487110403
443  -5.457964952987363  0.050888434689077465
444  -5.458013526045172  0.050879988088315835
445  -5.458055509770626  0.0508726873379948
446  -5.45810857622425  0.05086345935919709
447  -5.458155792647974  0.050855248670008936
448  -5.458197745783945  0.050847953239038866
449  -5.458243482773407  0.05083999981573271
450  -5.458297983618891  0.05083052240369115
451  -5.458336041358661  0.05082390436175137
452  -5.458380590750846  0.05081615745540174
453  -5.458428488551187  0.05080782827838278
454  -5.45848228053004  0.05079847413454153
455  -5.458538025398398  0.050788780393427234
456  -5.458589828457946  0.05077977211225306
457  -5.458654159268225  0.050768585320734944
458  -5.4587159511667895  0.050757840032688045
459  -5.458762083758662  0.050749817816191346
460  -5.458825682172061  0.050738758384661076
461  -5.4588737221920764  0.05073040447638444
462  -5.458940211979598  0.050718842250013454
463  -5.458987830241095  0.050710561683337686
464  -5.45904509536196  0.050700603578261914
465  -5.459107922199315  0.05068967831977107
466  -5.459176926837156  0.050677678774079735
467  -5.45924359639771  0.05066608528611837
468  -5.459304409298569  0.05065551024065316
469  -5.459426810172128  0.0506342253687824
470  -5.459536848565794  0.0506150902675211
471  -5.459625362238107  0.050599698202748886
472  -5.459728141417602  0.05058182544087293
473  -5.4598100227880995  0.05056758669870587
474  -5.459941125901383  0.050544788552851556
475  -5.460025228615502  0.05053016353064418
476  -5.460196066820602  0.050500455660100155
477  -5.460284976519954  0.05048499472829676
478  -5.460389503962076  0.05046681795269187
479  -5.460487820703304  0.050449721185496184
480  -5.460573907622959  0.050434751120321634
481  -5.460675219754293  0.05041713347044963
482  -5.460771578915985  0.05040037711609908
483  -5.460901111213755  0.05037785212684863
484  -5.461037105059352  0.050354203508219106
485  -5.461177261816809  0.05032983098098498
486  -5.461315495587636  0.05030579285107062
487  -5.461476688015279  0.050277762330788005
488  -5.461633000470307  0.05025058041222538
489  -5.46178118573403  0.05022481176973327
490  -5.462028962447579  0.05018172469488592
491  -5.462219844570432  0.05014853129185528
492  -5.462411474643939  0.050115207824117235
493  -5.462777790988853  0.05005150732722593
494  -5.46300140367524  0.05001262225034686
495  -5.463379306861284  0.04994690686237144
496  -5.463466044056691  0.04993182371764389
497  -5.463859661572218  0.04986337568994251
498  -5.464012265228427  0.04983683871210102
499  -5.4642178689543845  0.049801085299270756
500  -5.464515203467762  0.049749380382173705
501  -5.464702715294702  0.049716773055979095
502  -5.4649044242504035  0.04968169692333032
503  -5.465117007518447  0.04964472980462764
504  -5.465349851199703  0.04960423950601027
505  -5.465526970867008  0.04957343932203499
506  -5.465865757796117  0.04951452604659923
507  -5.466008856462575  0.049489641936773424
508  -5.466170704912489  0.04946149733764823
509  -5.466412968087645  0.0494193690382968
510  -5.466188856208067  0.04945834092226144
511  -5.46657585298272  0.04939104420677777
512  -5.466865910848555  0.04934060466063831
513  -5.467086421142826  0.04930225907352572
514  -5.46729425437059  0.04926611796198939
515  -5.46751330012243  0.049228027051147275
516  -5.467781116857789  0.049181455121297596
517  -5.4680866649889595  0.049128321899015816
518  -5.46831943609101  0.0490878442215428
519  -5.468559940535599  0.04904602175624039
520  -5.468787443317255  0.04900646021213557
521  -5.468992619254845  0.04897078118946547
522  -5.469387819676703  0.04890205790263018
523  -5.469665926832578  0.04885369652246187
524  -5.470169762739578  0.04876608209282163
525  -5.470290961100869  0.048745006331546194
526  -5.470816877626353  0.04865355219781244
527  -5.47109793474044  0.04860467783533658
528  -5.471479599490579  0.04853830833103434
529  -5.471937671994715  0.04845865191785278
530  -5.4720474077782475  0.048439569438911145
531  -5.472680885199218  0.04832941102789429
532  -5.472909179446564  0.0482897118520447
533  -5.473234477813713  0.04823314416700143
534  -5.473403897336866  0.04820368299782947
535  -5.473839899914851  0.048127864429400584
536  -5.474153946363356  0.048073253394172566
537  -5.474491452219441  0.048014562890636964
538  -5.475109171594741  0.047907144721362566
539  -5.47482188387707  0.04795710255322153
540  -5.475549056480782  0.04783065103986348
541  -5.4763245356281125  0.04769579927116788
542  -5.476979427665258  0.047581916970376524
543  -5.477854336259109  0.04742977494085329
544  -5.478867190002536  0.04725364497114209
545  -5.479983362738611  0.04705954836887013
546  -5.480972134836917  0.04688760607132111
547  -5.481927463724324  0.04672147937327098
548  -5.482587424959838  0.04660671556539046
549  -5.483608476996602  0.04642915995533721
550  -5.484278885614091  0.0463125794023611
551  -5.485027180514465  0.04618245483206325
552  -5.4855737670898606  0.04608740628473474
553  -5.486047307910007  0.04600506001228355
554  -5.486939539740087  0.04584990556256436
555  -5.487571585478377  0.04573999611367935
556  -5.488376363455312  0.045600049431720836
557  -5.488837433533569  0.045519871756073894
558  -5.489512148811787  0.04540254229731689
559  -5.490569377579963  0.0452186957428414
560  -5.490143170698034  0.0452928108909484
561  -5.491239218507657  0.04510221390815228
562  -5.492162783790098  0.04494161073491183
563  -5.493024779318936  0.04479171421987132
564  -5.493844303841788  0.044649203190688255
565  -5.49441333543933  0.04455025157137476
566  -5.495036174244829  0.044441943159958565
567  -5.495463124254625  0.04436769878580124
568  -5.496086829370463  0.044259239727547084
569  -5.4967448146195474  0.04414481953337412
570  -5.49751777698094  0.04401040542059269
571  -5.497878870328047  0.04394761317570876
572  -5.498326119504948  0.04386983888253747
573  -5.49872172717011  0.04380104477822112
574  -5.4992338642059115  0.04371198682568927
575  -5.499741664931967  0.04362368293474759
576  -5.5001303553870216  0.04355609169709834
577  -5.501054337102246  0.04339541610837457
578  -5.501756444001143  0.043273323390013815
579  -5.503301778295119  0.0430045978369336
580  -5.5046599006939125  0.04276842745348369
581  -5.506059528432916  0.04252503950840523
582  -5.504804239155514  0.042743327749765324
583  -5.506904174872143  0.04237815990932855
584  -5.508320022025861  0.0421319514928435
585  -5.5102329163142025  0.041799309178735415
586  -5.5118709444413865  0.04151446465276169
587  -5.513277797858164  0.04126982020010176
588  -5.514689532006367  0.041024327013768604
589  -5.515735896009702  0.04084236978508628
590  -5.516612486137897  0.0406899353455335
591  -5.517308695995424  0.04056886809183115
592  -5.51835625335203  0.04038670334525521
593  -5.519035400299265  0.04026860324242951
594  -5.519974916330215  0.040105226317430936
595  -5.520804821331336  0.03996091017735702
596  -5.521585504076066  0.039825153530283604
597  -5.5220514836573065  0.03974412211774003
598  -5.522533800805043  0.03966024968781286
599  -5.523080341208184  0.039565209169597965
600  -5.523534239546367  0.03948627862204842
601  -5.523851718278984  0.03943107073056093
602  -5.52420690196089  0.03936930614555343
603  -5.524495871604774  0.039319055835521
604  -5.524773910172996  0.039270706382386875
605  -5.525182212650883  0.03919970471651962
606  -5.5252628881437715  0.03918567567016307
607  -5.5254806859810035  0.03914780176514588
608  -5.525619962814571  0.03912358225207509
609  -5.525761832518739  0.03909891185236507
610  -5.525996803063067  0.03905805170338106
611  -5.5261166226970815  0.03903721569556969
612  -5.526451472460729  0.03897898707262012
613  -5.526555667908755  0.03896086802905239
614  -5.526691649792188  0.038937221490580584
615  -5.526823003182446  0.03891437982286916
616  -5.526975281410449  0.038887899435291036
617  -5.527137222019368  0.038859738810196796
618  -5.52720901148871  0.03884725499686957
619  -5.527303603524874  0.038830805936407725
620  -5.527384021442478  0.03881682168104645
621  -5.527464773421109  0.03880277933421927
622  -5.52748738282734  0.03879884767670147
623  -5.527567885711163  0.03878484864615886
624  -5.527620508398428  0.03877569783601061
625  -5.527672381256597  0.038766677417221215
626  -5.527748808010675  0.03875338720432691
627  -5.527845668435299  0.03873654368297353
628  -5.527954541314251  0.03871761125862645
629  -5.52800866602015  0.03870819925529176
630  -5.5280634222783025  0.03869867742832267
631  -5.528105936192933  0.03869128448087614
632  -5.52815985984038  0.03868190744055499
633  -5.52819952909176  0.03867500916517286
634  -5.528249749753155  0.038666276054762874
635  -5.528285556837394  0.03866004939005102
636  -5.528337984906458  0.038650932422990204
637  -5.528406925711032  0.03863894397757031
638  -5.528254940169604  0.03866537346848344
639  -5.528440203534993  0.038633157137995096
640  -5.528506900242225  0.038621558929368416
641  -5.528548414631079  0.03861433979422789
642  -5.528597905079876  0.038605733663970375
643  -5.528638189634599  0.03859872839055443
644  -5.528671895685205  0.038592867084604826
645  -5.52870387906817  0.03858730534155014
646  -5.528726323528579  0.038583402367248484
647  -5.528774306827019  0.03857505832255714
648  -5.528580896740529  0.03860869132524533
649  -5.528787134898834  0.03857282758794732
650  -5.52880717309231  0.0385693430508827
651  -5.528831024464515  0.0385651954219764
652  -5.528852807002142  0.03856140755258521
653  -5.528872493875062  0.03855798410832817
654  -5.528886948720693  0.038555470486258216
655  -5.5289237680232155  0.038549067802079826
656  -5.528921337710974  0.03854949042067033
657  -5.528939358605403  0.0385463566813614
658  -5.528960867857203  0.038542616334946635
659  -5.528972880571984  0.038540527386661375
660  -5.528985215587993  0.03853838239187783
661  -5.5289948163836655  0.03853671286371354
662  -5.529011354852089  0.03853383691053535
663  -5.529020897326893  0.03853217752406507
664  -5.52903258735076  0.03853014469004238
665  -5.529043695671523  0.03852821301114778
666  -5.529052173657813  0.03852673873366385
667  -5.529064304305122  0.03852462927752854
668  -5.5290796827253565  0.03852195505066447
669  -5.529086909570564  0.038520698340072455
670  -5.529110011236291  0.038516681081202465
671  -5.529120160955115  0.0385149160981725
672  -5.529134881153896  0.03851235633257729
673  -5.529152271708944  0.03850933220599058
674  -5.5291652679608765  0.03850707222573768
675  -5.52917748093958  0.038504948452603445
676  -5.529186981354345  0.038503296380154164
677  -5.529198574737361  0.0385012803514701
678  -5.529193082816827  0.038502235367733305
679  -5.529209398226105  0.038499398203374106
680  -5.529230188043399  0.038495782962857925
681  -5.529245160734804  0.03849317929011567
682  -5.529263724415091  0.03848995116318429
683  -5.529283463834048  0.038486518581446194
684  -5.529307092752983  0.03848240963600033
685  -5.529326521302713  0.03847903111279531
686  -5.529345118712701  0.038475797120445326
687  -5.529360460316975  0.038473129295684194
688  -5.529373759329731  0.03847081666690724
689  -5.529385927843292  0.03846870062602881
690  -5.529400162051663  0.038466225371624724
691  -5.529413510956255  0.038463904066918304
692  -5.529424004251018  0.03846207933782908
693  -5.529447898220909  0.03845792430140789
694  -5.529454514492025  0.0384567737664577
695  -5.529472625349833  0.03845362438298759
696  -5.52948339922914  0.03845175086171335
697  -5.529502638195883  0.038448405305998516
698  -5.529511688938634  0.03844683142916085
699  -5.529522348238824  0.03844497783259605
700  -5.529537144570713  0.03844240482785134
701  -5.529542718856055  0.038441435488778666
702  -5.5295622979529995  0.03843803078620023
703  -5.529567701060943  0.038437091213982054
704  -5.529577914531348  0.03843531514488538
705  -5.529582877749322  0.03843445206723274
706  -5.529596476377785  0.03843208733685099
707  -5.529604112336879  0.038430759483493344
708  -5.5296128146826975  0.03842924619106063
709  -5.5296261009273335  0.038426935782592965
710  -5.529615734772336  0.03842873840274181
711  -5.529633701551709  0.03842561407375822
712  -5.5296413366126895  0.03842428637657784
713  -5.529648542481422  0.0384230333136851
714  -5.529657799756717  0.03842142352191817
715  -5.529669219301066  0.03841943772286929
716  -5.529679706249515  0.03841761409737099
717  -5.529685981037564  0.038416522944540475
718  -5.5296926463179075  0.03841536388714185
719  -5.529700478593224  0.03841400189541976
720  -5.529717527644437  0.03841103715456421
721  -5.529711151750008  0.038412145889265545
722  -5.529725364101157  0.03840967443571789
723  -5.529734108339691  0.03840815385836093
724  -5.52974222099247  0.03840674311046421
725  -5.529749984373422  0.03840539309911192
726  -5.52976468466059  0.03840283679604206
727  -5.529786142539308  0.03839910538313743
728  -5.5297786366449095  0.03840041061892457
729  -5.5297961294597435  0.03839736870989587
730  -5.529808708418781  0.038395181294695435
731  -5.529815756691557  0.03839395563691549
732  -5.529824920358714  0.03839236212311414
733  -5.52983272837883  0.0383910043492446
734  -5.529841222733042  0.03838952722546459
735  -5.529853864890597  0.03838732882037242
736  -5.5298466432851  0.038388584619806106
737  -5.529861731664145  0.038385960829588214
738  -5.529875078856371  0.03838363982265333
739  -5.52988638196494  0.038381674271177765
740  -5.529897831822009  0.038379683200905484
741  -5.529908847761958  0.03837776758655124
742  -5.5299159056145655  0.03837654026288876
743  -5.529922866208499  0.038375329852001115
744  -5.529930067929963  0.03837407751029666
745  -5.529937720504267  0.038372746767640936
746  -5.529945390304228  0.03837141302953364
747  -5.529950466401889  0.038370530322693545
748  -5.529955837531306  0.03836959631137391
749  -5.529961496615075  0.03836861222629805
750  -5.529970628247663  0.03836702428314086
751  -5.529947304465245  0.038371080166942
752  -5.529973889321881  0.03836645719938673
753  -5.5299799862341255  0.038365396978228536
754  -5.529984843757335  0.03836455228034268
755  -5.52998894145489  0.03836383971216488
756  -5.529994124327732  0.03836293843767919
757  -5.529998324453028  0.038362208057852995
758  -5.530001604144168  0.03836163773671344
759  -5.530005663341636  0.038360931863499544
760  -5.530007805055631  0.03836055943063488
761  -5.530011688809161  0.038359884066204476
762  -5.53001484381376  0.03835933542740243
763  -5.530017848464953  0.038358812934271354
764  -5.530023930840503  0.038357755240968315
765  -5.530012790128705  0.03835969255249464
766  -5.530027340823787  0.0383571622627062
767  -5.530034384966905  0.03835593732305226
768  -5.530039779171251  0.0383549992991232
769  -5.530044905663382  0.0383541078289483
770  -5.5300511348402015  0.03835302460767208
771  -5.5300534721459  0.038352618162433044
772  -5.530060997890754  0.03835130947475549
773  -5.53006404548514  0.038350779514027704
774  -5.530068533703385  0.0383499990363442
775  -5.530065285315844  0.038350563913951446
776  -5.530071202450582  0.03834953495516159
777  -5.53007645315316  0.038348621885439575
778  -5.530080556869125  0.03834790827069178
779  -5.530084399453604  0.03834724006534397
780  -5.530087164215131  0.038346759287771474
781  -5.530090706537762  0.03834614329638899
782  -5.530096257827504  0.038345177956130926
783  -5.53010004424584  0.038344519517781665
784  -5.530106000303321  0.038343483790530285
785  -5.530112012878287  0.038342438235183816
786  -5.530115146971342  0.03834189323278985
787  -5.5301212036298475  0.03834084001154638
788  -5.5301240725631  0.03834034111905555
789  -5.530130989983446  0.03833913821582899
790  -5.53013579294168  0.03833830300650708
791  -5.530139566151315  0.038337646865081815
792  -5.530146056705074  0.0383365181917227
793  -5.5301021992069845  0.03834414478130702
794  -5.530149022055894  0.03833600253272109
795  -5.530155924119446  0.03833480229996072
796  -5.530159735012625  0.03833413960556415
797  -5.530164985137214  0.038333226636351435
798  -5.53016892965362  0.03833254070557454
799  -5.530172890282263  0.03833185197296375
800  -5.530177848095178  0.03833098983522255
801  -5.530181171767307  0.03833041186601905
802  -5.5301867946509065  0.03832943407596346
803  -5.530192003645495  0.03832852825904264
804  -5.530195787711516  0.038327870229748616
805  -5.530201754547999  0.038326832628085214
806  -5.530207174443263  0.03832589013663972
807  -5.5302122538359795  0.03832500685680681
808  -5.53021944375939  0.03832375656672226
809  -5.530223628368631  0.03832302888505675
810  -5.530227992035591  0.03832227006619039
811  -5.53023253155278  0.0383214806678885
812  -5.530236628397065  0.03832076824808995
813  -5.530241484785031  0.03831992374761707
814  -5.530244511701046  0.03831939738275003
815  -5.530247448295251  0.03831888672437338
816  -5.5302535542102556  0.03831782493768224
817  -5.530256962765251  0.03831723220779204
818  -5.5302640975216075  0.03831599151096971
819  -5.530268522030146  0.03831522211207093
820  -5.53027157821009  0.03831469065835949
821  -5.530276030500777  0.03831391642829042
822  -5.53027984006836  0.038313253964408156
823  -5.530284614184785  0.038312423770526
824  -5.530292025975987  0.03831113489879264
825  -5.530295646558866  0.038310505298362246
826  -5.530300397513918  0.03830967913212164
827  -5.530305625526873  0.038308770008006345
828  -5.5302997417337565  0.03830979316886265
829  -5.5303099628567125  0.03830801576902744
830  -5.5303175644328455  0.038306693894686994
831  -5.5303226035166535  0.03830581762436244
832  -5.530327358288607  0.038304990794382626
833  -5.530333560251136  0.038303912305529354
834  -5.530327004157629  0.03830505237590807
835  -5.5303367215094115  0.03830336257924563
836  -5.530342338791464  0.03830238576326973
837  -5.530345725616692  0.038301796812072596
838  -5.530349603409359  0.03830112248420493
839  -5.530351736773023  0.038300751503419335
840  -5.530355795545533  0.038300045704103385
841  -5.530358691244176  0.03829954215725105
842  -5.530361283451777  0.038299091385904115
843  -5.530365755725899  0.03829831368081997
844  -5.530350438858508  0.03830097720396654
845  -5.5303677095727055  0.03829797391707716
846  -5.530371029809317  0.03829739654529207
847  -5.530373665095056  0.03829693828288212
848  -5.530378736587199  0.03829605637691764
849  -5.530379027807847  0.03829600573516983
850  -5.530380695738651  0.0382957156907247
851  -5.530383404240261  0.03829524469645754
852  -5.530386820728311  0.038294650587050685
853  -5.53038936062806  0.03829420891176558
854  -5.530392017582217  0.038293746881331026
855  -5.530394344402239  0.03829334225949628
856  -5.530396877291268  0.03829290180333888
857  -5.530398247429931  0.03829266354338993
858  -5.530399969281602  0.038292364122388
859  -5.530401670792948  0.03829206823846222
860  -5.5304033643195405  0.038291773743043295
861  -5.530406216013839  0.03829127784831646
862  -5.5304076243598335  0.03829103294431234
863  -5.530414548355134  0.03828982889773552
864  -5.530416753822097  0.0382894453785632
865  -5.530419360024159  0.03828899217365257
866  -5.530422525372881  0.03828844173606164
867  -5.530426593021042  0.03828773439331634
868  -5.530431685315286  0.0382868488699752
869  -5.5304336480380405  0.038286507562751454
870  -5.5304375077546215  0.038285836378220695
871  -5.530439937764217  0.03828541381225873
872  -5.530442237462802  0.03828501390669999
873  -5.530443765455396  0.0382847481967779
874  -5.5304457849607145  0.03828439701536311
875  -5.530447741007482  0.03828405686905857
876  -5.530453152526195  0.0382831158342515
877  -5.5304545635047315  0.038282870472462066
878  -5.530456728662331  0.03828249396287718
879  -5.530459525300724  0.03828200764208444
880  -5.530455436006053  0.038282718749044556
881  -5.530460937325845  0.03828176209829949
882  -5.530463605947035  0.03828129803902896
883  -5.530465601373009  0.03828095104488632
884  -5.53046932562962  0.03828030341613592
885  -5.530469880232353  0.038280206973620765
886  -5.530473170656017  0.03827963478615137
887  -5.530474263075562  0.03827944482010481
888  -5.530475596531031  0.038279212939171525
889  -5.530478003921637  0.038278794306533526
890  -5.530480342060521  0.03827838771640781
891  -5.5304842826244744  0.03827770247294176
892  -5.5304858644921895  0.03827742739441779
893  -5.53048813875949  0.03827703191122647
894  -5.530488702850676  0.03827693381871886
895  -5.530491035695261  0.03827652814924425
896  -5.530492605934876  0.03827625509278596
897  -5.530494105046581  0.038275994405099406
898  -5.53049663574542  0.038275554329804486
899  -5.530500218781205  0.03827493125861746
900  -5.530504407820738  0.03827420280654739
901  -5.530506272508946  0.03827387854701853
902  -5.530507965053305  0.038273584222404934
903  -5.530509633473034  0.03827329409293824
904  -5.530510954808914  0.03827306431953808
905  -5.530514940637462  0.038272371204795694
906  -5.530516818915387  0.03827204458208628
907  -5.530520122111057  0.038271470173631736
908  -5.530521502517387  0.038271230128189226
909  -5.530525035850409  0.03827061570005275
910  -5.5305269147060585  0.03827028897687991
911  -5.530529164632437  0.03826989772644768
912  -5.530532673255781  0.03826928759519497
913  -5.530524738773557  0.03827066736016388
914  -5.530534099491116  0.038269039580328054
915  -5.530536382820285  0.03826864252132517
916  -5.530537968012162  0.03826836686474692
917  -5.5305394298949455  0.0382681126509751
918  -5.530541321450963  0.038267783719274695
919  -5.530542691522691  0.03826754547096537
920  -5.530544665151259  0.03826720226727759
921  -5.530546741488566  0.03826684120307727
922  -5.530547573205005  0.03826669657193765
923  -5.530551693772153  0.038265980026857306
924  -5.530553050582619  0.038265744084611995
925  -5.530554975001857  0.038265409438169376
926  -5.530557118716822  0.03826503665734663
927  -5.530559629368668  0.03826460006811904
928  -5.530561962954744  0.03826419426970281
929  -5.530565152420252  0.03826363963832892
930  -5.53056607528494  0.038263479156985275
931  -5.530568159571143  0.03826311671051355
932  -5.530570047095366  0.038262788479921116
933  -5.530571602354321  0.03826251802852131
934  -5.530574875184382  0.03826194890048749
935  -5.530575274629912  0.03826187943899855
936  -5.530577732889088  0.03826145196058226
937  -5.530582033742109  0.03826070406473127
938  -5.53058380492696  0.038260396064947425
939  -5.530585626305026  0.03826007933682581
940  -5.530587499079013  0.03825975367122224
941  -5.530590874439483  0.03825916671368657
942  -5.530593194208679  0.03825876331795355
943  -5.530595303969084  0.03825839644165124
944  -5.530596785770725  0.03825813876409423
945  -5.530597328323003  0.038258044417090166
946  -5.530598819941386  0.038257785032453036
947  -5.530599809243167  0.03825761299804645
948  -5.530600822394484  0.038257436816330315
949  -5.5306031621837555  0.03825702993921087
950  -5.530605833042228  0.03825656549088863
951  -5.5306084378785405  0.03825611252347466
952  -5.530609696644647  0.03825589363063091
953  -5.530610972402306  0.03825567178304508
954  -5.530612007506099  0.03825549178390796
955  -5.530613338797504  0.03825526027929416
956  -5.530614536335042  0.038255052033778214
957  -5.530615286587142  0.03825492156886121
958  -5.530616598875602  0.038254693368760036
959  -5.530617157339299  0.03825459625484327
960  -5.530618098459807  0.03825443259890815
961  -5.530618685483657  0.03825433051853022
962  -5.53061944416832  0.03825419858723459
963  -5.530621271060702  0.03825388090020224
964  -5.530621642992409  0.03825381622322329
965  -5.5306237661633535  0.03825344701489817
966  -5.53062452080514  0.03825331578663758
967  -5.530625776149842  0.03825309748875817
968  -5.530627194804573  0.0382528507921186
969  -5.530628804330696  0.03825257090394211
970  -5.530630235766  0.038252321984827864
971  -5.530631330352031  0.038252131642040776
972  -5.530632017540715  0.03825201214352187
973  -5.530633007415626  0.03825184000945098
974  -5.530634735435691  0.03825153951579762
975  -5.530635287921876  0.038251443441339066
976  -5.530637303406956  0.038251092959022716
977  -5.53063893362659  0.03825080947235288
978  -5.530640956121149  0.03825045777112474
979  -5.530641982820257  0.03825027923351854
980  -5.530643136727362  0.03825007857510683
981  -5.530643907823164  0.038249944485579064
982  -5.53064547145434  0.038249672578293786
983  -5.530646606253826  0.03824947524259719
984  -5.530648571924915  0.038249133422673415
985  -5.530646085114389  0.03824956586602013
986  -5.530649573105938  0.038248959322528676
987  -5.530651464702566  0.03824863038376638
988  -5.530653131471734  0.03824834054132369
989  -5.530654586635934  0.038248087495878484
990  -5.53065681160884  0.03824770058472458
991  -5.530657321574742  0.038247611904320945
992  -5.530660315086618  0.03824709134825885
993  -5.53066122935188  0.03824693236231058
994  -5.530662613533581  0.03824669166035078
995  -5.530663411660838  0.03824655287019413
996  -5.530664833337292  0.03824630564809283
997  -5.530665579326276  0.03824617592450942
998  -5.530666166183886  0.03824607387303967
999  -5.530665377179615  0.03824621107675676
1000  -5.530666556367771  0.03824600602210248
1001  -5.530667131854051  0.038245905948047644
1002  -5.5306682814695405  0.03824570603592535
1003  -5.530669173463784  0.038245550922790646
1004  -5.530670634438344  0.03824529686695418
1005  -5.530669177830291  0.03824555016347788
1006  -5.530671429464611  0.03824515861604358
1007  -5.5306724547874335  0.03824498031776627
1008  -5.530673308069144  0.03824483193653873
1009  -5.530674381939336  0.03824464519612769
1010  -5.5306752522101155  0.038244493860589764
1011  -5.5306761701563865  0.03824433423453324
1012  -5.530676702309158  0.03824424169594891
1013  -5.530677133364279  0.03824416673771747
1014  -5.530677655818788  0.038244075885610296
1015  -5.530678267007628  0.038243969603066814
1016  -5.5306795600927625  0.038243744742323615
1017  -5.5306801958295875  0.03824363419101406
1018  -5.5306809790726374  0.03824349798914329
1019  -5.530681836157097  0.03824334894663754
1020  -5.530682501497043  0.03824323324750007
1021  -5.530682118730716  0.03824329980856284
1022  -5.530682928971839  0.03824315891186833
1023  -5.530683639611871  0.03824303533528272
1024  -5.530684255483217  0.03824292823847609
1025  -5.530685018095204  0.03824279562423931
1026  -5.5306856581196255  0.038242684327339065
1027  -5.530686214938254  0.0382425874994912
1028  -5.530686747070644  0.03824249496445118
1029  -5.5306872480870135  0.03824240784032433
1030  -5.530687780646283  0.038242315231052135
1031  -5.530688817460686  0.038242134934448974
1032  -5.530689848866889  0.03824195557830354
1033  -5.530691123482531  0.038241733929308526
1034  -5.530691947875533  0.038241590571676295
1035  -5.5306927537904  0.03824145042729505
1036  -5.530693328604768  0.03824135047008225
1037  -5.530694238737352  0.03824119220278496
1038  -5.530694723698829  0.038241107870519965
1039  -5.5306949636955665  0.03824106613634234
1040  -5.530695726160751  0.038240933547633756
1041  -5.5306960711542175  0.03824087355507389
1042  -5.530696801647472  0.03824074652611675
1043  -5.530697881187955  0.038240558799671774
1044  -5.530698747033614  0.0382404082336392
1045  -5.530699553262274  0.03824026803469108
1046  -5.530700224638016  0.0382401512859601
1047  -5.530701054799104  0.038240006925287964
1048  -5.530701692648563  0.03823989600660231
1049  -5.530702551076815  0.03823974673041805
1050  -5.5307028543629375  0.03823969399054726
1051  -5.5307033493687765  0.038239607911620274
1052  -5.530703669162706  0.03823955230112822
1053  -5.530704502832555  0.038239407330300686
1054  -5.530705118640074  0.038239300244593266
1055  -5.530705548975163  0.03823922541157148
1056  -5.530706128648941  0.03823912460933273
1057  -5.530707085377993  0.038238958239153305
1058  -5.530707489276329  0.038238888003344663
1059  -5.530708262226647  0.03823875359132617
1060  -5.53070860987182  0.038238693137648425
1061  -5.530709009919637  0.03823862357142491
1062  -5.530708803019408  0.0382386595502929
1063  -5.530709248118373  0.038238582149910376
1064  -5.5307096441400185  0.038238513283817006
1065  -5.530709958265485  0.03823845865904104
1066  -5.530710299945339  0.03823839924270106
1067  -5.530710563192225  0.038238353465444026
1068  -5.530710980523072  0.038238280893792095
1069  -5.5307112178559255  0.03823823962284985
1070  -5.530711625784054  0.03823816868628136
1071  -5.53071223448958  0.03823806283557335
1072  -5.5307110858763195  0.03823826257341319
1073  -5.530712575765714  0.038238003489438274
1074  -5.530713240652905  0.0382378878690324
1075  -5.530713715003198  0.03823780538199681
1076  -5.530714150737918  0.038237729610007584
1077  -5.530714564531573  0.03823765765345467
1078  -5.53071488777393  0.038237601443299137
1079  -5.530715608115734  0.03823747617962613
1080  -5.530716050312793  0.03823739928386977
1081  -5.530716086039653  0.038237393071155694
1082  -5.530716451920668  0.03823732944636035
1083  -5.530717004473601  0.0382372333602946
1084  -5.53071739884794  0.03823716478065934
1085  -5.530717877249342  0.03823708158915711
1086  -5.530718256615304  0.03823701561939993
1087  -5.530718759503485  0.03823692816977491
1088  -5.530719139625521  0.03823686206854052
1089  -5.530719615071309  0.038236779391004186
1090  -5.530718999973967  0.038236886353215566
1091  -5.530719766114033  0.03823675312546427
1092  -5.53072010712827  0.03823669382487159
1093  -5.530720397554091  0.038236643321340094
1094  -5.530720882074957  0.03823655906569507
1095  -5.530720810772012  0.038236571464904334
1096  -5.530721103914507  0.03823652048895729
1097  -5.530721425962447  0.03823646448650447
1098  -5.530721731372598  0.038236411377276305
1099  -5.53072202902483  0.038236359617109646
1100  -5.530722321220064  0.03823630880588632
1101  -5.530722922180595  0.03823620430199242
1102  -5.53072259861767  0.03823626056789313
1103  -5.530723133647063  0.038236167529079344
1104  -5.530723406789417  0.03823612003105225
1105  -5.530723624156274  0.03823608223209245
1106  -5.5307236569539615  0.03823607652874614
1107  -5.530723936981077  0.03823602783349507
1108  -5.530724038169519  0.03823601023735404
1109  -5.530724207934549  0.0382359807161031
1110  -5.53072448379481  0.038235932745446226
1111  -5.53072387630194  0.03823603838527959
1112  -5.5307246451218495  0.03823590469151761
1113  -5.530724949493887  0.038235851762811815
1114  -5.530725119185837  0.03823582225426914
1115  -5.5307253699524015  0.038235778647274794
1116  -5.530725577758444  0.03823574251089062
1117  -5.530725793073917  0.038235705068655756
1118  -5.530725950571667  0.038235677680620604
1119  -5.530726147948819  0.038235643357765976
1120  -5.530726120124763  0.03823564819622381
1121  -5.5307262360577605  0.03823562803608178
1122  -5.530726390498537  0.038235601179638305
1123  -5.530726613059051  0.0382355624775287
1124  -5.530726720039808  0.03823554387413452
1125  -5.530726858019168  0.03823551988024525
1126  -5.530726815426902  0.03823552728681769
1127  -5.5307269616573995  0.03823550185809875
1128  -5.530727132221509  0.038235472197892
1129  -5.530727300044599  0.038235443014334264
1130  -5.530727391405532  0.03823542712714574
1131  -5.530727554897537  0.038235398696740856
1132  -5.530727790862793  0.03823535766361683
1133  -5.5307279824174485  0.03823532435326386
1134  -5.53072815058606  0.03823529510962168
1135  -5.53072825764535  0.03823527649257091
1136  -5.530728369772763  0.03823525699420009
1137  -5.530728598940653  0.03823521714310235
1138  -5.530728782119115  0.03823518528932571
1139  -5.530728969493812  0.03823515270584568
1140  -5.5307290907795235  0.0382351316148947
1141  -5.530729288292573  0.03823509726840821
1142  -5.530729146575845  0.03823512191220618
1143  -5.530729382118838  0.03823508095251135
1144  -5.530729503928219  0.0382350597704969
1145  -5.5307296193595885  0.03823503969758536
1146  -5.530729768933441  0.038235013687474485
1147  -5.530729885446306  0.038234993426496645
1148  -5.530730088864752  0.03823495805309248
1149  -5.530730168567197  0.03823494419325412
1150  -5.53073025464469  0.038234929224828094
1151  -5.530730378805742  0.03823490763387053
1152  -5.530730365426165  0.038234909960508934
1153  -5.530730482095185  0.038234889672376385
1154  -5.530730615759242  0.03823486642889586
1155  -5.53073069205897  0.03823485316077208
1156  -5.530730789540689  0.03823483620921094
1157  -5.530730810313168  0.038234832596985485
1158  -5.530730935576718  0.0382348108143092
1159  -5.530730986613353  0.03823480193930518
1160  -5.530731069290182  0.03823478756223695
1161  -5.530731154701243  0.0382347727097
1162  -5.530731275912543  0.03823475163168881
1163  -5.530731338919714  0.03823474067507124
1164  -5.530731430821641  0.0382347246938067
1165  -5.5307315175025415  0.03823470962045133
1166  -5.530731606534464  0.0382346941382656
1167  -5.530731664071874  0.0382346841328108
1168  -5.530731747544593  0.03823466961734153
1169  -5.530731779429882  0.038234664072656493
1170  -5.530731868754537  0.038234648539566034
1171  -5.53073192066098  0.03823463951330707
1172  -5.530731974918052  0.038234630078285856
1173  -5.530732048677485  0.038234617251906265
1174  -5.530732133424171  0.03823460251490069
1175  -5.530732203646939  0.03823459030352853
1176  -5.530732295074783  0.03823457440470455
1177  -5.530732365692302  0.03823456212468727
1178  -5.530732438354236  0.038234549489156854
1179  -5.530732490029299  0.038234540503133546
1180  -5.53073254362437  0.03823453118323102
1181  -5.530732602470451  0.03823452095020526
1182  -5.530732632538958  0.03823451572144916
1183  -5.53073271332509  0.03823450167316317
1184  -5.530732738997271  0.03823449720890516
1185  -5.53073279033148  0.038234488282154665
1186  -5.530732828013785  0.03823448172939882
1187  -5.530732914890172  0.03823446662204941
1188  -5.530732971484241  0.03823445678063674
1189  -5.530733024250325  0.03823444760489066
1190  -5.530733111934923  0.038234432356997534
1191  -5.530733234120052  0.03823441110964257
1192  -5.530733357353573  0.03823438967997764
1193  -5.530733425616594  0.03823437780939523
1194  -5.53073351387603  0.03823436246154079
1195  -5.530733457052428  0.03823437234286817
1196  -5.5307335478976105  0.03823435654536589
1197  -5.530733601540918  0.03823434721707521
1198  -5.530733702144554  0.03823432972262903
1199  -5.53073376563694  0.03823431868163503
1200  -5.530733824625768  0.03823430842378629
1201  -5.5307338832127515  0.038234298235816255
1202  -5.530733941092346  0.03823428817085744
1203  -5.5307340454102665  0.03823427003051654
1204  -5.530734158394444  0.03823425038315886
1205  -5.530734233782969  0.03823423727348862
1206  -5.53073431988485  0.03823422230082171
1207  -5.5307343834244005  0.038234211251626134
1208  -5.530734480016391  0.038234194454784085
1209  -5.530734583564359  0.03823417644833384
1210  -5.5307346667503765  0.03823416198272043
1211  -5.53073476942149  0.03823414412875069
1212  -5.53073477836443  0.03823414257362023
