4 2048 1464 0.004229841894261507
6 4608 3316 0.001984265724191019
8 8192 5904 0.00014353968167064483
10 12800 9228 6.942506956591056e-05
12 18432 13288 3.748655496220477e-05
14 25088 18084 1.8199129452930864e-05
16 32768 23616 4.117852130683103e-06
18 41472 29884 2.229993536891736e-06
20 51200 36888 5.186175794431472e-07
22 61952 44628 3.337853010114837e-07
24 73728 53104 1.5749485447968823e-07
26 86528 62316 1.1523417835596418e-07
28 100352 72264 7.021261710233428e-08
30 115200 82948 4.3652210991928726e-08
32 131072 94368 2.522802981215598e-08
34 147968 106524 1.9047853147935958e-08
36 165888 119416 1.2824302982754168e-08
38 184832 133044 7.044332508071598e-09
