4 2048 1464 0.026983027709319436
6 4608 3316 0.017956034204068834
8 8192 5904 0.011312628106921466
10 12800 9228 0.007240422894061716
12 18432 13288 0.005067877942677155
14 25088 18084 0.00376474035604318
16 32768 23616 0.0027411488025638454
18 41472 29884 0.0019600567532079695
20 51200 36888 0.0012002442193341809
22 61952 44628 0.0009254445766522126
24 73728 53104 0.0007132054696101153
26 86528 62316 0.0005601385304800804
28 100352 72264 0.00044886898054790817
30 115200 82948 0.0003490915407359888
32 131072 94368 0.0002665023671385903
34 147968 106524 0.0002128317564695297
36 165888 119416 0.00016904672610544645
38 184832 133044 0.0001339150845093132
40 204800 147408 0.00010202348718173237
42 225792 162508 8.26982734400582e-05
44 247808 178344 6.692124410067741e-05
46 270848 194916 5.3514122613911676e-05
48 294912 212224 4.277966123432566e-05
50 320000 230268 3.546816959418732e-05
52 346112 249048 2.9176878192360235e-05
54 373248 268564 2.4158951497815378e-05
56 401408 288816 2.02427463379561e-05
58 430592 309804 1.7020601558334714e-05
60 460800 331528 1.4280848008744755e-05
62 492032 353988 1.2013140917919813e-05
64 524288 377184 1.0245701313725168e-05
66 557568 401116 8.85395032734037e-06
68 591872 425784 7.52356195730506e-06

