1  -0.4716451922415554  
2  0.1570702653536538  
3  -0.12688270262713885  
4  0.07486467634148392  
5  -0.053442286927580546  
6  0.034457083063552524  
7  -0.024078070813783076  
8  0.015801842932564418  
9  -0.01099842697248528  
10  0.007262310072247679  
11  -0.005040307456849321  
12  0.003339438605282746  
13  -0.0023126983817142567  
14  0.00153566497829949  
15  -0.0010617681907588508  
16  0.0007061115948601314  
17  -0.00048761938051194303  
18  0.0003246330477509477  
19  -0.00022398650095955316  
