1  -0.053062332898991205  
2  -0.003985888708604085  
3  -0.00048722900815043046  
4  -6.419197571211344e-05  
5  -7.134494787258694e-06  
6  -1.2456709498065432e-06  
7  2.935963494543614e-08  
8  -8.220250494184178e-08  
9  -6.574689209726259e-09  
10  9.411823764793326e-09  
11  -4.678859244489075e-09  
12  4.886036714113473e-09  
13  -2.79550735338141e-09  
14  2.3368581514304765e-09  
15  -1.2415834749202048e-09  
16  1.0841661179927797e-09  
17  -5.73569219897152e-10  
18  4.947312837177975e-10  
19  -2.620862971092208e-10  
