0  0.9989480456351599  1.0584507994782801
1  0.998581960623481  1.0584293789832873
2  0.9968182686604797  1.0583261812186775
3  0.986036089901304  1.0576952905819268
4  0.9893052352453149  1.0578865759643878
5  0.9711018387172035  1.0568214524227408
6  0.9538860837777192  1.0558141181131822
7  0.9030129016196834  1.052837408581456
8  0.8479196921035712  1.0496137753243393
9  0.8510009400696783  1.049794066389322
10  0.8306773525955686  1.048604885489155
11  0.7694044065727077  1.045019661315511
12  0.7120729553482179  1.0416650632721354
13  0.6962205273023214  1.0407375004253956
14  0.6059329092944803  1.035454559557142
15  0.5507078944924944  1.032223214062769
16  0.4648348085577373  1.0271985778482178
17  0.4866441912346383  1.0284746961199966
18  0.3992827079733635  1.0233629702774547
19  0.39363592756043164  1.0230325638753837
20  0.37686457134802176  1.022051232380484
21  0.3638147833896088  1.0212876585965176
22  0.3608595064697744  1.0211147383937116
23  0.347598902426264  1.0203388292648086
24  0.3337904853169513  1.0195308663050775
25  0.32095408781744783  1.0187797784987145
26  0.3083363115281249  1.0180414827335127
27  0.2994983943966142  1.0175243554171154
28  0.2878239128161435  1.016841254043771
29  0.27798708012238516  1.016265677828575
30  0.2733479747983234  1.0159942328658063
31  0.27148297130588106  1.0158851071253443
32  0.26606864345568837  1.0155683020694015
33  0.25999488428072637  1.0152129121357945
34  0.2532250681982603  1.0148167942755415
35  0.24488146680389067  1.014328590535457
36  0.24497512286166612  1.0143340705716581
37  0.2372362126948473  1.0138812487374118
38  0.23532951513617173  1.0137696833790784
39  0.23380564751319344  1.0136805183006228
40  0.23272676387873925  1.01361739028185
41  0.23175011408118318  1.0135602442053078
42  0.2308808447342956  1.0135093812114717
43  0.23040435131558967  1.013481500460925
44  0.2302782755598085  1.013474123471949
45  0.22984345259375938  1.013448680957588
46  0.22927156752527778  1.0134152186172707
47  0.22859634362394288  1.0133757096788105
48  0.22846035541078913  1.0133677526886415
49  0.22775393288074852  1.0133264182450428
50  0.2277501208836561  1.0133261951961279
51  0.22745775491885234  1.0133090881759403
52  0.22717535802368327  1.0132925644694624
53  0.2269105153812696  1.0132770679035972
54  0.2266438432964316  1.0132614642927535
55  0.2263854467886225  1.0132463449053841
56  0.2261261508709157  1.0132311728914263
57  0.22587545845302803  1.0132165042884766
58  0.22562134460672512  1.013201635489704
59  0.22537122104007468  1.0131870001715781
60  0.225119929198063  1.0131722964949132
61  0.22487602145610897  1.0131580248793088
62  0.22462622796122123  1.013143408874458
63  0.22437137559407205  1.0131284968630938
64  0.22412351571207356  1.0131139939984808
65  0.2238997452607755  1.0131009006631115
66  0.22365213282262209  1.0130864122770196
67  0.22331111257807446  1.013066458380499
68  0.2231655645028099  1.013057942020315
69  0.2230927701567259  1.0130536826519276
70  0.222875859214948  1.0130409906825928
71  0.22265687273904355  1.0130281772688747
72  0.22243913768360224  1.013015437078711
73  0.22221900734804778  1.0130025567350747
74  0.2219992120528228  1.012989695995436
75  0.22177753314106008  1.012976725040964
76  0.22155709477489705  1.0129638266737324
77  0.22133350785364558  1.0129507440771377
78  0.2211079838149157  1.0129375481352438
79  0.22088250290444966  1.0129243547168856
80  0.2206627344278036  1.0129114955464653
81  0.22043460620950528  1.0128981472279002
82  0.22018758992438636  1.0128836937241243
83  0.21996294071131528  1.0128705489703371
84  0.21977290437976338  1.01285942949765
85  0.2195553804614293  1.0128467016616152
86  0.21923334378286663  1.012827858538186
87  0.21914448254510377  1.0128226590581804
88  0.21873407509210907  1.0127986451529085
89  0.21838979149945115  1.0127785003102152
90  0.21818797327189488  1.0127666914510844
91  0.21814486567081992  1.0127641691239648
92  0.2179003567738672  1.0127498623333677
93  0.2176525591963172  1.0127353631143343
94  0.21740196478842067  1.01272070024618
95  0.217152408963872  1.0127060981479796
96  0.21691667229158862  1.0126923046408782
97  0.21666155167797063  1.0126773769337822
98  0.21631348124690652  1.012657010514268
99  0.21617742983535937  1.0126490498262122
100  0.21609557285936942  1.0126442601820358
101  0.21587846560684654  1.0126315567260973
102  0.2156588401510554  1.0126187059241634
103  0.21543912521462183  1.0126058498865067
104  0.21521792151825025  1.0125929067380044
105  0.21499968416284054  1.0125801371570884
106  0.21477643690925718  1.012567074435248
107  0.21454501421222194  1.0125535333489841
108  0.2143227323172615  1.0125405271125467
109  0.21412973417336467  1.012529234337254
110  0.21390678000458208  1.0125161887644942
111  0.21353342839453338  1.0124943430837414
112  0.21325059272341884  1.0124777937034508
113  0.2126055540023991  1.0124400509708804
114  0.21227665573345444  1.012420806359661
115  0.21217002539854002  1.0124145671679916
116  0.21207887103459155  1.01240923351178
117  0.2118823869320985  1.0123977367648513
118  0.2116834549664912  1.012386096787695
119  0.211484376399531  1.012374448232549
120  0.21128444787133782  1.0123627499441719
121  0.21108909186870273  1.012351319205019
122  0.21088728348672314  1.012339510921976
123  0.2106704101599377  1.0123268211535827
124  0.21047379013502687  1.0123153164535137
125  0.21031825019264216  1.0123062154456857
126  0.21012909750078734  1.0122951476768354
127  0.20977109022750995  1.0122741998293137
128  0.20882708418762075  1.0122189638158043
129  0.209069884265771  1.0122331706193946
130  0.20822558310455797  1.0121837685728228
131  0.2079040641534844  1.0121649557428467
132  0.207643247051555  1.0121496947208224
133  0.207073284280896  1.0121163448586714
134  0.20680522282752578  1.0121006599526075
135  0.20669968040672826  1.0120944844173516
136  0.2066371207645621  1.0120908239055606
137  0.20647013283177906  1.0120810530488908
138  0.20630069486134595  1.0120711388347563
139  0.20612960064397257  1.012061127709718
140  0.2059593076385806  1.012051163465477
141  0.205797181656047  1.0120416770929506
142  0.2056244470301417  1.0120315699837514
143  0.20541342009436203  1.0120192223014453
144  0.20526914607612445  1.0120107804893341
145  0.20512137950448206  1.0120021343197096
146  0.20497046659411533  1.0119933040504068
147  0.20482189296135533  1.0119846106577381
148  0.20468032157901994  1.0119763269832098
149  0.20453174088814463  1.0119676331775542
150  0.2043698574457975  1.0119581609966248
151  0.20422326436807658  1.0119495834908894
152  0.20409386328251689  1.0119420119290476
153  0.20395330079804264  1.0119337872875058
154  0.20378896475233865  1.0119241715989857
155  0.203654239296166  1.0119162884956976
156  0.20352369740621867  1.0119086501827081
157  0.20339565150228933  1.0119011579157307
158  0.20326705994932526  1.0118936337215447
159  0.20313930838389294  1.011886158677005
160  0.20301132371722064  1.0118786699931632
161  0.20288439284642423  1.0118712429693968
162  0.20275705521831888  1.0118637921453035
163  0.20263076820681325  1.0118564027952581
164  0.2025039646101492  1.0118489832186002
165  0.20237823097471075  1.01184162624789
166  0.20225185508997034  1.0118342316976627
167  0.20212654442489997  1.0118268994759436
168  0.20200047336197113  1.0118195227615574
169  0.2018754498568026  1.0118122073422398
170  0.2017495552181101  1.0118048409508504
171  0.20162467590327848  1.0117975339684482
172  0.2014988278709381  1.0117901703041063
173  0.20137395422854087  1.0117828636536115
174  0.2012480276830212  1.011775495395279
175  0.20112302890591705  1.011768181422858
176  0.20099690690408645  1.0117608017279172
177  0.2008716650549972  1.0117534735327827
178  0.20074524120880077  1.0117460761762178
179  0.2006196502919183  1.0117387275563061
180  0.20049282928083167  1.0117313069606895
181  0.20036679767593557  1.0117239325550857
182  0.20023949518503514  1.0117164837869528
183  0.20011294039018057  1.011709078768274
184  0.19998508227350065  1.01170159748917
185  0.19985793804121676  1.011694157981121
186  0.19972945924822683  1.0116866403847866
187  0.19960165512238226  1.0116791622648134
188  0.19947249966340774  1.0116716050751606
189  0.19934401101062338  1.0116640869019062
190  0.1992141265552937  1.0116564870569624
191  0.19908481634487007  1.0116489208124386
192  0.19895417254723136  1.0116412765365903
193  0.19882433842768932  1.0116336796369116
194  0.19869284121622643  1.0116259854258136
195  0.19856105588996065  1.0116182743564408
196  0.19842896625062412  1.0116105454809945
197  0.19830147972433876  1.0116030859445184
198  0.198167576499086  1.011595250951895
199  0.19801053790827639  1.011586062254623
200  0.19789358342740548  1.0115792189728934
201  0.1977940261453347  1.0115733936421805
202  0.19769394407700136  1.0115675376049893
203  0.19759479498063182  1.0115617361581815
204  0.19749528039365782  1.0115559133256589
205  0.19739687427466657  1.011550155352205
206  0.1972978910307368  1.0115443636098138
207  0.19719991474446819  1.0115386307868834
208  0.19710129207273275  1.0115328601424192
209  0.197003668803876  1.0115271479753678
210  0.1969052825808154  1.0115213911660714
211  0.19680781584438223  1.0115156881581004
212  0.19670952857574553  1.01150993713886
213  0.19661212768077774  1.0115042379834278
214  0.1965138264473657  1.011498486147076
215  0.19641632667420705  1.0114927812060484
216  0.19631790246842284  1.0114870221742935
217  0.19622026726404995  1.011481309308867
218  0.19612163154331008  1.0114755379008749
219  0.19602366229253254  1.0114698054896076
220  0.19592473359807527  1.0114640169390343
221  0.19582658045698698  1.0114582737679123
222  0.19572728400692196  1.0114524636990934
223  0.19562834062345302  1.0114466742890313
224  0.19552865046320234  1.0114408411833036
225  0.19543036281280324  1.0114350901417257
226  0.19533009256733336  1.0114292230938473
227  0.1952275557147911  1.0114232234214586
228  0.19512746652186352  1.0114173669673907
229  0.19503716516416014  1.0114120832225804
230  0.19493625945678217  1.0114061789923314
231  0.19478741851644932  1.0113974699588681
232  0.19474738202954867  1.0113951273298616
233  0.19456145154359938  1.0113842480998572
234  0.19442591890390626  1.0113763177663626
235  0.19432933514414197  1.011370666423433
236  0.19425339249065943  1.0113662228401756
237  0.19417403076446982  1.0113615791989332
238  0.1940911543234285  1.0113567299034587
239  0.19401140189805555  1.0113520634014883
240  0.19393611345924278  1.01134765809787
241  0.19385777450142927  1.0113430743012104
242  0.19377609617778124  1.0113382951104026
243  0.19369750504055583  1.0113336965581328
244  0.193623844661314  1.0113293865161086
245  0.1935465128285867  1.0113248616487067
246  0.19346382746579527  1.0113200235336701
247  0.1933867268932825  1.0113155121978472
248  0.1933163843305632  1.0113113962890707
249  0.19324161697507625  1.011307021475263
250  0.19315966100746074  1.0113022260388536
251  0.1930855382110983  1.0112978889397162
252  0.19301772478398427  1.011293921016612
253  0.19294699133649218  1.011289782236248
254  0.19287367614146922  1.0112854923917647
255  0.19280247791898675  1.0112813264163232
256  0.19273448880426158  1.0112773482133235
257  0.19266430601095985  1.0112732416530315
258  0.19259228776366344  1.0112690276960095
259  0.19252178202264547  1.0112649022392868
260  0.19245443778517768  1.0112609617695723
261  0.19238453847899717  1.0112568717967785
262  0.19231155077231898  1.011252601114408
263  0.1922415250344247  1.0112485037437973
264  0.19217654622890112  1.0112447016810686
265  0.19210756313519906  1.0112406653180215
266  0.19203111518149063  1.0112361921684596
267  0.1919633989108247  1.0112322299302077
268  0.19190227545919314  1.0112286534533024
269  0.19183826751566413  1.0112249081979925
270  0.19177147129136907  1.0112209997938175
271  0.1917069891465859  1.0112172267918769
272  0.19164562676505315  1.0112136363346214
273  0.191582200127274  1.011209925092878
274  0.1915170142570728  1.0112061109143082
275  0.1914532374884168  1.011202379185584
276  0.19139223914708403  1.0111988100291764
277  0.19132902355249715  1.0111951111360666
278  0.19126330200252517  1.0111912656136137
279  0.19119986376873155  1.01118755369336
280  0.19114047559579406  1.0111840787516924
281  0.19107780641202832  1.0111804118303647
282  0.1910095043011617  1.0111764153132248
283  0.1909474422784383  1.0111727839183178
284  0.19089146294278125  1.011169508435736
285  0.19083199991007282  1.0111660291138471
286  0.19076741198626446  1.011162249922527
287  0.19070798518845622  1.0111587727208273
288  0.19065297704284034  1.011155554064859
289  0.1905957329632607  1.011152204579136
290  0.19053654182875757  1.0111487411666502
291  0.19047884755668976  1.0111453653391063
292  0.19042351663224777  1.0111421277965897
293  0.19036647544407892  1.0111387901825204
294  0.190308004837057  1.0111353689297922
295  0.19025061886492867  1.0111320111416024
296  0.19019556965686624  1.0111287900829737
297  0.1901385458701137  1.0111254534871024
298  0.19007920374848986  1.0111219812400052
299  0.19002194816106865  1.0111186310809313
300  0.1899683955037872  1.0111154975890086
301  0.18991177685670024  1.0111121846988116
302  0.18984966079434262  1.0111085501419186
303  0.18979368638591265  1.0111052749476404
304  0.18974316539963698  1.011102318845918
305  0.18968971519704336  1.01109919134886
306  0.18963238565245522  1.0110958368623784
307  0.1895786629128433  1.0110926934185385
308  0.18952846015045255  1.0110897559368441
309  0.18947621661684955  1.0110866990448266
310  0.18942202728116897  1.011083528299353
311  0.18936933585953108  1.0110804452003535
312  0.18931894035506946  1.011077496440867
313  0.18926681858413552  1.0110744466734698
314  0.1892130055991218  1.011071297949159
315  0.18916050864583023  1.0110682262289594
316  0.18911043643118075  1.0110652963859206
317  0.18905833470721345  1.011062247791518
318  0.189003592189106  1.01105904467804
319  0.18895125774374577  1.0110559824665617
320  0.1889025652010362  1.0110531333513726
321  0.18885100745864225  1.0110501165866115
322  0.1887944873946259  1.011046809464742
323  0.1887432835618844  1.0110438134080668
324  0.18869660155776002  1.0110410819342186
325  0.1886475215312703  1.0110382101464424
326  0.18859565339548157  1.0110351752198337
327  0.1885461042783132  1.0110322759844586
328  0.1884991975480772  1.011029531361357
329  0.188450526511442  1.011026683504539
330  0.1884001358206071  1.0110237350267093
331  0.18835100480954992  1.0110208602557058
332  0.18830391540176605  1.0110181049437112
333  0.1882551722133753  1.0110152528651244
334  0.1882046540182506  1.0110122969267188
335  0.18815550476270781  1.0110094210881877
336  0.18810873163223019  1.0110066842823222
337  0.1880599290582653  1.0110038287289456
338  0.1880082911399248  1.0110008072729013
339  0.18795923949677318  1.0109979371459008
340  0.18791370773485183  1.010995272975429
341  0.1878654814321964  1.010992451141042
342  0.18781272392953363  1.010989364175486
343  0.18776460871796918  1.0109865488413
344  0.1877203972912722  1.0109839619267473
345  0.1876740594555395  1.0109812505910012
346  0.187625375606975  1.0109784019845267
347  0.18757848203972027  1.0109756581316223
348  0.1875337308236522  1.0109730396327243
349  0.18748743360942266  1.0109703306738378
350  0.1874396751176154  1.0109675362121637
351  0.18739287309755825  1.0109647977159009
352  0.18734772369526642  1.0109621559181905
353  0.1873011260363805  1.0109594293795805
354  0.18725303099730495  1.010956615225734
355  0.18720596623668595  1.0109538613559035
356  0.18716082274702828  1.010951219904155
357  0.1871139130394398  1.0109484751068416
358  0.1870646490092972  1.0109455925525788
359  0.18701736345234266  1.010942825763435
360  0.18697303260522613  1.010940231861313
361  0.18692624169464644  1.010937494015092
362  0.18687531049988515  1.0109345139111063
363  0.18682850046455346  1.010931774945851
364  0.18678548673755557  1.0109292581115248
365  0.18674016444883357  1.0109266061978226
366  0.1866918352660456  1.0109237783436769
367  0.18664598924882658  1.0109210957853887
368  0.18660265244044727  1.010918560046811
369  0.1865576227061959  1.0109159252511588
370  0.18651086750952295  1.0109131894946424
371  0.1864652438932758  1.010910519949558
372  0.18642125964922807  1.0109079463279966
373  0.18637587691596147  1.0109052908775418
374  0.18632911200832625  1.0109025545528145
375  0.18628318648951814  1.0108998673427012
376  0.18623879743594596  1.0108972700347822
377  0.18619294075452608  1.0108945868525068
378  0.18614540991641593  1.0108918057113858
379  0.18609903963400298  1.010889092477108
380  0.18605468998636698  1.0108864974749232
381  0.18600845389601217  1.0108837920925384
382  0.18595949801183786  1.0108809275686208
383  0.18591287225458375  1.0108781993859093
384  0.18586933588930032  1.0108756519707878
385  0.18582332273456637  1.0108729596328905
386  0.18577322658782702  1.0108700283895284
387  0.1857270453611095  1.010867326217344
388  0.18568429478552329  1.0108648247806258
389  0.1856394703836053  1.0108622019994513
390  0.18559220811167076  1.010859436572769
391  0.18554672996173405  1.0108567755392603
392  0.1855032485753424  1.0108542313410833
393  0.18545825649011038  1.0108515987483637
394  0.18541178283000637  1.0108488794652142
395  0.1853661766558189  1.0108462109407057
396  0.1853219735612529  1.0108436245136856
397  0.18527645702491435  1.0108409612340987
398  0.18522964701986655  1.0108382222706156
399  0.18518356368980216  1.0108355258265944
400  0.18513890401262678  1.0108329126838522
401  0.1850928048188466  1.010830215311608
402  0.1850450395852189  1.0108274204554542
403  0.18499840290529068  1.0108246916336312
404  0.1849537656317033  1.0108220798017757
405  0.184907216884724  1.0108193561251164
406  0.18485785343318728  1.010816467753474
407  0.18481091088461432  1.0108137210345574
408  0.18476713479885998  1.0108111595928273
409  0.18472082471564744  1.0108084498809462
410  0.1846702921947322  1.010805493104305
411  0.18462382370790786  1.0108027741238563
412  0.1845807948116086  1.0108002564019383
413  0.1845357373174903  1.010797619981991
414  0.1844883938700972  1.0107948498055417
415  0.18444265599261678  1.0107921735747638
416  0.18439877237033997  1.010789605840819
417  0.18435345078337584  1.0107869539681782
418  0.184306781608213  1.0107842232449828
419  0.18426085743200626  1.0107815361134282
420  0.184216238095129  1.0107789253310917
421  0.18417036196188108  1.010776241010644
422  0.1841232971604989  1.010773487138428
423  0.1840768718913215  1.0107707706867453
424  0.1840318140513315  1.0107681342465602
425  0.1839853478823682  1.0107654154017351
426  0.18393727715780217  1.0107626026705878
427  0.18389029668058088  1.0107598537323768
428  0.18384534492523363  1.010757223499454
429  0.18379844393818967  1.0107544792124001
430  0.18374860916927893  1.0107515632628696
431  0.18370138454558416  1.0107488000390743
432  0.18365756755267004  1.01074623620377
433  0.18361107499299678  1.0107435158147622
434  0.18355995536301883  1.010740524684989
435  0.1835134826456748  1.0107378054570024
436  0.18347056381862237  1.010735294175495
437  0.18342577848466401  1.0107326736802789
438  0.1833791664236898  1.010729946298969
439  0.18333372354419708  1.0107272873292172
440  0.18328979365061393  1.0107247168878293
441  0.183244648060359  1.0107220753131698
442  0.18319854106108224  1.0107193774842076
443  0.18315288237215732  1.0107167058869384
444  0.18310828767268017  1.0107140965461943
445  0.18306261159598858  1.0107114239315258
446  0.1830160531665127  1.010708699688321
447  0.18296990877703267  1.01070599967157
448  0.1829249659307437  1.010703369959937
449  0.18287873432264268  1.0107006648398194
450  0.18283110592251695  1.0106978779901155
451  0.18278443638605946  1.0106951472457797
452  0.1827398128310116  1.0106925362166284
453  0.1826931882906283  1.0106898081051185
454  0.1826433460593162  1.0106868917189455
455  0.18259660832666225  1.01068415698429
456  0.1825538413517256  1.010681654588007
457  0.18250809381323374  1.0106789777919407
458  0.18245668580612528  1.0106759697885435
459  0.1824115030706508  1.01067332604043
460  0.1823696209817225  1.0106708754209084
461  0.1823267262593844  1.0106683655498243
462  0.182283462012924  1.0106658340570152
463  0.18224023440531534  1.0106633047080311
464  0.18219744935826  1.010660801254306
465  0.18215423417889998  1.010658272632528
466  0.1821111093548976  1.0106557492976547
467  0.1820677242535702  1.0106532107333428
468  0.18202460570731294  1.0106506877657948
469  0.18198109027052267  1.0106481415752486
470  0.181937718117111  1.0106456037685498
471  0.18189400589793825  1.0106430460638034
472  0.18185052037459393  1.0106405016235633
473  0.18180660854759478  1.0106379322392938
474  0.18176282765122875  1.0106353705160833
475  0.18171867073723436  1.010632786791197
476  0.18167473293591274  1.0106302158871088
477  0.18163032255197764  1.0106276173311004
478  0.1815859922678308  1.0106250234619187
479  0.18154128980144912  1.0106224078154793
480  0.18149685737521015  1.010619807969724
481  0.18145185650203866  1.0106171748628017
482  0.18140676234185782  1.0106145362974368
483  0.18136143497789003  1.0106118840867702
484  0.18131671624947088  1.0106092674888005
485  0.18127104382893444  1.0106065950880627
486  0.18122431571340358  1.0106038609161276
487  0.18117842470311718  1.0106011757251891
488  0.18113540568786612  1.0105986585814344
489  0.18108924224187073  1.0105959574496421
490  0.18103379237239947  1.0105927129473722
491  0.18099248177941152  1.0105902957674222
492  0.18095158526518607  1.0105879028161944
493  0.18091165939027498  1.0105855666593555
494  0.1808709218033432  1.0105831830073373
495  0.18082979336068328  1.0105807764854313
496  0.18078880076966908  1.0105783779125246
497  0.18074866039012571  1.0105760292045154
498  0.18070766124829585  1.010573630248305
499  0.18066608639802295  1.0105711976060396
500  0.18062482917945977  1.0105687835491528
501  0.1805848383539873  1.0105664435919037
502  0.18054354944176165  1.010564027680546
503  0.18050059438369248  1.0105615142790767
504  0.18045916804555562  1.0105590903266057
505  0.18042075841991256  1.0105568428890777
506  0.18037966939930683  1.0105544386738488
507  0.1803325200767415  1.0105516798560996
508  0.18029313649929202  1.0105493754303605
509  0.18025680079682782  1.010547249342955
510  0.18022027831467635  1.0105451123266307
511  0.1801839782483864  1.0105429883243815
512  0.18014762047763266  1.0105408609457085
513  0.18011155749763164  1.0105387508159356
514  0.18007538608976148  1.010536634341793
515  0.1800395090239003  1.0105345350902937
516  0.18000349254087233  1.0105324276811682
517  0.1799677765738278  1.0105303378559396
518  0.17993188542026728  1.0105282377801357
519  0.17989629442255695  1.010526155267157
520  0.17986049385619618  1.010524060491823
521  0.1798249889876583  1.0105219830184646
522  0.17978924198135737  1.0105198913770561
523  0.17975378179837243  1.0105178165183542
524  0.17971805035244426  1.0105157257874198
525  0.1796825938292247  1.0105136511428594
526  0.17964684078177118  1.0105115591479688
527  0.1796113488094533  1.0105094824291982
528  0.17957553905999868  1.0105073871165404
529  0.17953997587646253  1.010505306231034
530  0.17950407719609995  1.0105032057148196
531  0.1794684106148724  1.0105011187792712
532  0.17943239393193122  1.0104990113584482
533  0.1793965956590089  1.0104969167173088
534  0.17936043508039823  1.0104948008768118
535  0.1793244800404893  1.0104926970628676
536  0.17928815265100229  1.010490571461874
537  0.1792520194214331  1.0104884572216337
538  0.17921550502188044  1.010486320678241
539  0.1791791738148545  1.0104841948538743
540  0.17914245468564216  1.010482046331268
541  0.17910591107572627  1.0104799080787086
542  0.17906897142368616  1.0104777466527928
543  0.17903219440491502  1.0104755947429322
544  0.17899502130202571  1.0104734196572585
545  0.17895802084517476  1.0104712546735104
546  0.1789205988598973  1.0104690650251427
547  0.17888327669078663  1.0104668812172537
548  0.17884561135587274  1.0104646773299264
549  0.1788083316924859  1.0104624960091473
550  0.17877033752834592  1.0104602728812486
551  0.17873128886486112  1.0104579880521134
552  0.17869347754825915  1.010455775623054
553  0.17866122335384216  1.0104538883542835
554  0.17862292713519057  1.010451647552465
555  0.17854973194873325  1.010447364729965
556  0.17834103488191766  1.0104351533737712
557  0.17826973986837047  1.0104309817348567
558  0.17792398865361791  1.0104107510181433
559  0.177872647794992  1.0104077469437613
560  0.17785140570101055  1.0104065040188852
561  0.17784003774938006  1.0104058388533004
562  0.17780776657582587  1.0104039505910403
563  0.1777748554074815  1.0104020248811798
564  0.17774064577124682  1.0104000231949095
565  0.17770825117016553  1.0103981277106147
566  0.177684315792779  1.0103967271953922
567  0.17765242915697477  1.0103948614333405
568  0.17760344566094854  1.0103919952937885
569  0.1775852757281683  1.0103909321282893
570  0.17751932479382548  1.0103870731840172
571  0.17747728232555016  1.0103846131803231
572  0.1774466329046518  1.0103828198106248
573  0.17742918052689427  1.0103817986309578
574  0.1774250765602522  1.0103815584982176
575  0.17740366215653858  1.0103803054910943
576  0.17738215770169374  1.0103790472148668
577  0.1773609272006631  1.0103778049683216
578  0.1773394963130004  1.0103765509966833
579  0.1773182306201675  1.0103753066909829
580  0.1772968143022714  1.010374053571856
581  0.17727563495922316  1.0103728143186845
582  0.17725422542780422  1.0103715615966504
583  0.17723294265620304  1.010370316291631
584  0.17721150111948902  1.0103690616968917
585  0.17719031167166077  1.0103678218524659
586  0.17716882997886174  1.0103665649080993
587  0.17714734895049422  1.0103653080026105
588  0.17712580441445014  1.0103640473811382
589  0.17710474088448136  1.0103628149044623
590  0.17708311299057788  1.0103615494055254
591  0.17706072568983866  1.0103602394719087
592  0.17703916935917052  1.010358978160305
593  0.17701984188646191  1.0103578472644226
594  0.17699837190326173  1.0103565910052124
595  0.17696890732663317  1.010354866963539
596  0.1769553894678243  1.0103540760018288
597  0.17694965281151165  1.0103537403365765
598  0.1769305298991578  1.0103526214100012
599  0.17691125058229684  1.0103514933318307
600  0.17689217385163147  1.0103503771074547
601  0.17687285843713874  1.0103492469171267
602  0.17685359370796616  1.0103481196925161
603  0.17683422176217756  1.010346986194409
604  0.17681517764071852  1.0103458718780745
605  0.17679573116622826  1.0103447340191178
606  0.17677589985758113  1.0103435736426094
607  0.17675644543494762  1.0103424353185881
608  0.17673840494952298  1.0103413797273582
609  0.1767188744893543  1.010340236954202
610  0.17669439926179809  1.0103388048510769
611  0.17667849934339985  1.0103378745094578
612  0.1766604474678024  1.0103368182517622
613  0.17663468729574927  1.0103353109635125
614  0.17662940687634254  1.0103350019937547
615  0.17659875088983656  1.0103332082398875
616  0.17657396574739148  1.010331758002913
617  0.1765444977690066  1.010330033762195
618  0.17650008949263685  1.010327435329505
619  0.17634786228320665  1.0103185281574731
620  0.17614137858177403  1.0103064463104934
621  0.1758114670397708  1.0102871424102842
622  0.17611245330218261  1.010304753824358
623  0.1757922706202315  1.0102860191826306
624  0.17577361064248154  1.0102849273434478
625  0.17575468460759225  1.0102838199366364
626  0.17573544866183466  1.0102826943962109
627  0.17571819979085967  1.0102816851242042
628  0.17571168623147349  1.0102813040005258
629  0.17570748452328266  1.010281058148698
630  0.17569684000224206  1.0102804353127381
631  0.17568650423510634  1.0102798305426954
632  0.17567588290968017  1.0102792090639654
633  0.1756649884366882  1.010278571602729
634  0.17565432938946846  1.0102779479168082
635  0.17564425602115685  1.010277358500338
636  0.17563364453847197  1.0102767375975297
637  0.17562200748441992  1.0102760566861293
638  0.1756115796210106  1.0102754465273167
639  0.17560234415659137  1.0102749061385736
640  0.17559242029830302  1.0102743254702864
641  0.17558128351457603  1.0102736738308788
642  0.1755715041447259  1.01027310161695
643  0.17556240956971614  1.0102725694719772
644  0.17555316597678083  1.0102720286076154
645  0.17554393594687334  1.0102714885368584
646  0.1755346984540922  1.0102709480294312
647  0.17552557052851847  1.0102704139330387
648  0.1755163783542153  1.010269876077302
649  0.1755072588907982  1.0102693424760503
650  0.17549808379364384  1.010268805619538
651  0.1754889930839746  1.0102682737007356
652  0.17547982932416162  1.0102677375075975
653  0.17547073572377958  1.0102672054196529
654  0.17546156871434215  1.0102666690363717
655  0.1754524744199757  1.0102661369078203
656  0.17544329555489546  1.0102655998308376
657  0.175434176696865  1.0102650662650083
658  0.1754249748981629  1.0102645278461255
659  0.17541583765447377  1.0102639932045083
660  0.17540660561070642  1.0102634530159156
661  0.1753974192593073  1.0102629155008909
662  0.17538814827357474  1.0102623730337121
663  0.1753789440028799  1.010261834470187
664  0.1753696279198408  1.0102612893642589
665  0.17536032166537974  1.0102607448334238
666  0.17535095614207685  1.0102601968346294
667  0.17534172278586613  1.0102596565692425
668  0.1753322948151348  1.0102591049165024
669  0.17532264305003054  1.0102585401690272
670  0.17531320254485183  1.010257987782867
671  0.17530452263488117  1.0102574799009212
672  0.1752950208108368  1.0102569239268497
673  0.17528246675563697  1.0102561893595554
674  0.17527572804592617  1.010255795061802
675  0.17527383200832902  1.0102556841201833
676  0.1752652405789462  1.0102551814154446
677  0.1752565631177775  1.0102546736767841
678  0.17524793220992363  1.0102541686620674
679  0.17523920626614686  1.0102536580865753
680  0.17523050762910386  1.0102531491088642
681  0.17522172903436795  1.0102526354526409
682  0.17521301599510375  1.0102521256322223
683  0.17520417619382012  1.0102516083946596
684  0.1751952759145926  1.0102510876183903
685  0.17518638994419822  1.0102505676793645
686  0.17517783422320565  1.0102500670640078
687  0.1751688481039404  1.010249541265036
688  0.17515861308001968  1.0102489423897156
689  0.17515023344149938  1.0102484520773587
690  0.17514324903651757  1.0102480434033971
691  0.1751356611527769  1.0102475994184743
692  0.1751269289383366  1.010247088476071
693  0.17511951944993165  1.0102466549294788
694  0.175112428629704  1.010246240028911
695  0.17510540743404823  1.010245829202241
696  0.17509841279268168  1.0102454199293245
697  0.1750914498916869  1.010245012513612
698  0.17508451205270703  1.0102446065643367
699  0.175077605939697  1.0102442024714227
700  0.17507072386273348  1.0102437997849143
701  0.1750638736058474  1.0102433989602735
702  0.17505704627367402  1.0102429994770115
703  0.17505025094314275  1.010242601866241
704  0.17504347732496028  1.0102422055259106
705  0.17503673598687797  1.0102418110743652
706  0.1750300150292966  1.0102414178153307
707  0.1750233267369492  1.0102410264676158
708  0.1750166573522528  1.0102406362262322
709  0.17501002113432274  1.0102402479255141
710  0.1750034021852176  1.0102398606352356
711  0.17499681702983705  1.0102394753223072
712  0.17499024730967838  1.01023909091253
713  0.1749837121429758  1.0102387085245568
714  0.1749771903502868  1.0102383269191286
715  0.1749707040077727  1.0102379473879737
716  0.17496422871365913  1.0102375685032863
717  0.17495778990245636  1.0102371917533002
718  0.17495135950947405  1.0102368154958838
719  0.1749449667591647  1.0102364414410285
720  0.1749385794502939  1.010236067704565
721  0.17493223105019684  1.010235696244745
722  0.17492588472714354  1.010235324906458
723  0.17491957864845886  1.0102349559229635
724  0.17491327085972241  1.0102345868394098
725  0.1749070046626623  1.0102342201894827
726  0.17490073252409655  1.0102338531919046
727  0.17489450325352307  1.0102334887026334
728  0.17488826336772656  1.0102331235922404
729  0.17488206744652957  1.0102327610543196
730  0.17487585583231158  1.0102323975981633
731  0.174869688969856  1.0102320367605377
732  0.17486350101835035  1.0102316746889424
733  0.17485735816000314  1.0102313152558537
734  0.1748511886374302  1.0102309542625783
735  0.17484506398609112  1.0102305958948246
736  0.1748389071010258  1.0102302356409996
737  0.1748327942350204  1.0102298779628334
738  0.17482664377665746  1.01022951808505
739  0.17482053586461266  1.0102291606967515
740  0.17481438539834493  1.0102288008185056
741  0.17480827547522837  1.0102284433125346
742  0.17480211856080985  1.010228083056992
743  0.17479599980125193  1.0102277250339804
744  0.17478983019020156  1.010227364035528
745  0.17478369611952183  1.0102270051166264
746  0.17477750789957858  1.010226643029324
747  0.17477135251778353  1.0102262828634592
748  0.17476514019507605  1.0102259193658474
749  0.17475895802385177  1.0102255576324697
750  0.17475271655197133  1.0102251924292713
751  0.17474650262860647  1.0102248288380014
752  0.17474022740082262  1.0102244616596654
753  0.17473397724209094  1.010224095948179
754  0.17472766406201068  1.0102237265491651
755  0.1747213736145159  1.0102233584802884
756  0.17471501865649464  1.010222986636749
757  0.17470868424369945  1.0102226159953591
758  0.17470228401024568  1.0102222415026474
759  0.1746959022815494  1.0102218680926929
760  0.1746894535618737  1.0102214907629388
761  0.1746830214465106  1.0102211144047417
762  0.17467652127828748  1.0102207340646117
763  0.17467003594435615  1.0102203545924713
764  0.17466348157957956  1.0102199710811737
765  0.17465694039973378  1.0102195883413574
766  0.17465032927463564  1.0102192015088796
767  0.17464372979301412  1.0102188153576894
768  0.17463705950247654  1.0102184250633028
769  0.17463039942003655  1.010218035366216
770  0.17462366769330107  1.010217641477053
771  0.17461694480112333  1.0102172481048208
772  0.17461014949123244  1.010216850495258
773  0.17460336185164593  1.0102164533345024
774  0.17459650087515843  1.0102160518826326
775  0.1745896458426872  1.0102156507785611
776  0.17458271739901232  1.0102152453790272
777  0.17457579662386258  1.010214840428197
778  0.17456879785466928  1.0102144309137517
779  0.17456178913518183  1.0102140208170916
780  0.17455472424741802  1.0102136074338932
781  0.17454774996292388  1.010213199352105
782  0.17454058066869438  1.010212779859839
783  0.17453279979955327  1.0102123245828867
784  0.1745259302369847  1.0102119226286248
785  0.17452138860776412  1.0102116568872181
786  0.17451511293464927  1.010211289682825
787  0.1745056106300119  1.0102107336806332
788  0.1745024616114066  1.0102105494241487
789  0.17448989088425693  1.0102098138813393
790  0.174479840892518  1.010209225832687
791  0.1744719053801409  1.010208761507195
792  0.17446899749109257  1.0102085913597683
793  0.17446700948435356  1.0102084750368183
794  0.17446212651333692  1.0102081893227004
795  0.1744572442411062  1.0102079036494702
796  0.17445238489127135  1.0102076193174832
797  0.1744475227870782  1.010207334824332
798  0.17444268422431664  1.0102070517086454
799  0.17443784061180334  1.010206768297486
800  0.17443302148336526  1.0102064863189477
801  0.17442819468986004  1.010206203891908
802  0.17442339327915757  1.0102059229500757
803  0.17441858132006505  1.0102056413910325
804  0.17441379555749248  1.0102053613648092
805  0.17440899610535532  1.0102050805375773
806  0.17440422351111617  1.010204801281864
807  0.1743994338630398  1.010204521028291
808  0.17439467150902488  1.0102042423717574
809  0.17438988857379156  1.0102039625109684
810  0.17438513307354242  1.0102036842554647
811  0.17438035338664992  1.010203404584744
812  0.17437560092640092  1.0102031265071179
813  0.1743708206992156  1.0102028468047832
814  0.17436606711660063  1.0102025686614848
815  0.17436128231922776  1.0102022886917377
816  0.1743565232242945  1.0102020102259006
817  0.17435172969288792  1.0102017297451045
818  0.17434696061201116  1.0102014506949666
819  0.17434215416373122  1.010201169458374
820  0.17433737067891164  1.0102008895654273
821  0.1743325472158972  1.0102006073332623
822  0.17432774507577853  1.0102003263487505
823  0.17432290066467093  1.0102000428908633
824  0.17431807585664527  1.0101997605799988
825  0.17431320677899365  1.0101994756788144
826  0.17430835556462276  1.0101991918228523
827  0.1743034583409292  1.0101989052747768
828  0.17429857726347053  1.0101986196714554
829  0.17429364865722075  1.0101983312871126
830  0.17428873453107108  1.0101980437500344
831  0.17428377153953967  1.010197753353728
832  0.1742788214296157  1.0101974637111548
833  0.17427382126705893  1.010197171139884
834  0.17426883246372538  1.0101968792332683
835  0.17426379254099167  1.0101965843355363
836  0.17425876253403538  1.0101962900179997
837  0.17425368043721146  1.0101959926525625
838  0.1742486068908139  1.0101956957874307
839  0.174243480360462  1.0101953958220833
840  0.1742383610902467  1.0101950962815436
841  0.17423318800205922  1.0101947935919875
842  0.1742280209543412  1.0101944912558738
843  0.17422279930160034  1.0101941857246914
844  0.17421758253563535  1.0101938804794461
845  0.17421231041349805  1.010193571995181
846  0.1742070420841978  1.0101932637328435
847  0.17420171767604198  1.0101929521892004
848  0.17419639602526338  1.0101926408068977
849  0.1741910175897251  1.0101923261019854
850  0.17418564091432664  1.010192011500063
851  0.17418020677829382  1.0101916935359838
852  0.17417477350475974  1.0101913756223713
853  0.1741692820367231  1.0101910543036614
854  0.1741637903227694  1.0101907329705626
855  0.17415824001262137  1.0101904082088626
856  0.17415268965559605  1.0101900834444197
857  0.17414707863507806  1.0101897551304133
858  0.17414146096787464  1.0101894264274935
859  0.17413578970821597  1.0101890945887533
860  0.17413014428131746  1.0101887642615486
861  0.17412439964856052  1.0101884281295759
862  0.17411847163412586  1.0101880812675097
863  0.17411274382267883  1.0101877461197912
864  0.17410800391091585  1.0101874687764065
865  0.17410217582859355  1.0101871277616035
866  0.17409041794456148  1.0101864397801565
867  0.17404368886049693  1.0101837055515503
868  0.1738621537815186  1.0101730835071445
869  0.1733008908178374  1.0101402426911603
870  0.17352176864552726  1.0101531667723194
871  0.17322790343579375  1.010135972027785
872  0.17456687000738957  1.0102143181108736
873  0.17310348578482326  1.010128692058421
874  0.17331095428358667  1.0101408315282085
875  0.1730711610708523  1.0101268006633852
876  0.17306948810539835  1.010126702774242
877  0.17305440573295916  1.0101258202691599
878  0.17304619577030378  1.0101253398849368
879  0.17304323315125547  1.0101251665351285
880  0.17303607573064061  1.0101247477376156
881  0.17302754180971602  1.0101242483978323
882  0.1730127538004046  1.010123383116629
883  0.17299718560772315  1.010122472185062
884  0.17304174854908017  1.010125079667564
885  0.1729883072321965  1.0101219526904295
886  0.17298273731207192  1.0101216267813038
887  0.17297509419420565  1.0101211795645024
888  0.17297724244231838  1.0101213052635516
889  0.17297170543896156  1.0101209812804632
890  0.1729684190879679  1.010120788988338
891  0.17296527629080083  1.0101206050958842
892  0.1729620783643565  1.0101204179776873
893  0.17295888211941945  1.010120230957879
894  0.17295568152979868  1.010120043683853
895  0.1729525245848289  1.0101198589635785
896  0.17294932299782462  1.0101196716311933
897  0.17294611242883806  1.0101194837732514
898  0.17294289007754027  1.0101192952258984
899  0.1729397011313174  1.0101191086331551
900  0.17293646283620268  1.010118919152892
901  0.17293320126799594  1.010118728310866
902  0.17292993567110804  1.0101185372331118
903  0.17292671894188538  1.0101183490147199
904  0.17292343274202315  1.0101181567314377
905  0.17292007851352498  1.0101179604676396
906  0.17291676323072191  1.010117766482646
907  0.17291357181299416  1.0101175797452893
908  0.17291024082983053  1.0101173848416303
909  0.17290665224482638  1.0101171748650821
910  0.17290333226005716  1.0101169806049652
911  0.1729003579605667  1.0101168065717074
912  0.1728971238859076  1.010116617338393
913  0.17289328314652042  1.010116392607699
914  0.17289021220889678  1.0101162129199164
915  0.17288716522489678  1.0101160346337166
916  0.1728841576597444  1.0101158586540062
917  0.17288111456265953  1.0101156805952392
918  0.17287806868224342  1.0101155023736126
919  0.17287500714744497  1.0101153232360116
920  0.17287196041736363  1.010115144964669
921  0.1728688858928642  1.0101149650670098
922  0.1728658156106052  1.0101147854175743
923  0.1728627223115049  1.010114604421369
924  0.17285963885577593  1.0101144240011226
925  0.1728565268421216  1.010114241909885
926  0.17285341898380824  1.010114060061786
927  0.17285028490946452  1.0101138766797255
928  0.17284715850436783  1.0101136937464106
929  0.1728440015286229  1.0101135090243352
930  0.17284084684215273  1.0101133244362106
931  0.1728376642637317  1.0101131382160622
932  0.17283448848958172  1.010112952394048
933  0.17283127943665222  1.010112764624814
934  0.17282806908043602  1.0101125767793215
935  0.1728248310507171  1.0101123873145876
936  0.17282160191693718  1.0101121983703758
937  0.17281833427749616  1.0101120071731073
938  0.17281505592480895  1.0101118153489814
939  0.17281175635413126  1.0101116222833413
940  0.17280848054548248  1.0101114306080734
941  0.17280514839909078  1.0101112356363513
942  0.1728017649914797  1.010111037665215
943  0.17279840153162607  1.0101108408612687
944  0.17279514914670757  1.010110650556578
945  0.17279175227910004  1.0101104517978656
946  0.17278803858783875  1.010110234501056
947  0.17278469120455497  1.0101100386377877
948  0.17278178766725105  1.0101098687449914
949  0.1727785682133991  1.0101096803671752
950  0.17277447793508005  1.010109441035371
951  0.1727716582546055  1.0101092760492352
952  0.17276839766352736  1.010109085264383
953  0.17276350783726258  1.0101087991491484
954  0.17276200677003883  1.0101087113181748
955  0.17275561456654853  1.0101083372953155
956  0.17274983848501602  1.0101079993232007
957  0.17274414079128753  1.0101076659377408
958  0.1727396392390519  1.0101074025413328
959  0.1727337038983381  1.0101070552505889
960  0.1727300388393911  1.0101068407993703
961  0.17272446653378926  1.0101065147506647
962  0.1727225560471528  1.0101064029635984
963  0.17271560872445357  1.0101059964594086
964  0.17271236817337154  1.0101058068471438
965  0.1727110466921794  1.0101057295241713
966  0.17270648178879056  1.0101054624209382
967  0.17270185172369834  1.0101051915049406
968  0.17269709940429334  1.0101049134355558
969  0.1726924666722751  1.01010464236351
970  0.17268875094803204  1.0101044249477462
971  0.17268398481232183  1.0101041460699367
972  0.17267617440813487  1.0101036890648192
973  0.17267124261946432  1.0101034004942655
974  0.17265847755306407  1.0101026535802093
975  0.17265058639351305  1.0101021918499056
976  0.17264816068599564  1.010102049916054
977  0.17263783210789652  1.0101014455666586
978  0.1726303868826713  1.0101010099290209
979  0.172628966015679  1.0101009267907517
980  0.17262623470983984  1.0101007669756235
981  0.17262208177898242  1.0101005239778722
982  0.17261787019215658  1.0101002775480221
983  0.17261357216467577  1.0101000260603261
984  0.17260933843106918  1.010099778334616
985  0.17260558751974153  1.0100995588599728
986  0.17260120980175397  1.0100993027093979
987  0.17259279249289028  1.0100988101928603
988  0.1725676643012849  1.0100973398832729
989  0.17255556318896026  1.0100966318187317
990  0.1725095983981456  1.010093942310721
991  0.1725001870506837  1.0100933916306472
992  0.17247823970698561  1.0100921074399516
993  0.1724651562399574  1.0100913418955262
994  0.17245828226869764  1.0100909396833013
995  0.17244946455816768  1.0100904237383208
996  0.17244375087010455  1.0100900894169949
997  0.1724305269030778  1.010089315651584
998  0.17243990128680142  1.0100898641688223
999  0.17242694938185177  1.0100891063224033
1000  0.17242395498851604  1.0100889311134071
1001  0.17242082907244893  1.0100887482087064
1002  0.17241757425421567  1.010088557761637
1003  0.17241440209858794  1.010088372151351
1004  0.172411334533082  1.0100881926608787
1005  0.17240818006252512  1.0100880080853878
1006  0.17240495176640014  1.0100878191901892
1007  0.1724017572249572  1.0100876322700565
1008  0.1723986349503156  1.0100874495784242
1009  0.172395436282897  1.010087262416871
1010  0.17239217156120035  1.0100870713903265
1011  0.17238893542288647  1.010086882036263
1012  0.17238577599975768  1.0100866971709854
1013  0.1723825299518189  1.0100865072370864
1014  0.1723791914911813  1.0100863118959031
1015  0.17237590851850582  1.010086119801451
1016  0.17237274440058836  1.0100859346614701
1017  0.1723694569174289  1.010085742303099
1018  0.1723659890589363  1.0100855393905428
1019  0.17236267420957063  1.0100853454309107
1020  0.17235958168324983  1.0100851644799227
1021  0.17235630093736853  1.0100849725157655
1022  0.17235267546660615  1.0100847603809446
1023  0.17234940535017496  1.0100845690387417
1024  0.1723463956025858  1.010084392931332
1025  0.17234325286100893  1.0100842090421311
1026  0.17233997794542366  1.0100840174191184
1027  0.17233678486105297  1.0100838305842423
1028  0.17233369182361746  1.0100836496033476
1029  0.17233051634681706  1.0100834637987322
1030  0.1723272762250181  1.0100832742115855
1031  0.17232406118869892  1.0100830860922494
1032  0.17232090780335818  1.0100829015802568
1033  0.1723176859544635  1.010082713062301
1034  0.17231441222930877  1.0100825215089428
1035  0.17231115391955376  1.0100823308575764
1036  0.1723079557125603  1.0100821437229637
1037  0.1723046833121531  1.0100819522471196
1038  0.17230134274582576  1.0100817567827276
1039  0.17229803343442307  1.0100815631471345
1040  0.17229481331633112  1.0100813747304518
1041  0.1722914908160047  1.0100811803231438
1042  0.17228803554824268  1.010080978147301
1043  0.17228467980752737  1.01008078179502
1044  0.17228150398466202  1.010080595970155
1045  0.1722781567900563  1.0100804001179267
1046  0.17227449607704826  1.0100801859209994
1047  0.17227115571798846  1.010079990468735
1048  0.1722681090301179  1.0100798121998622
1049  0.17226488091190584  1.010079623315074
1050  0.17226139002730456  1.010079419055206
1051  0.1722581274279963  1.0100792281528472
1052  0.1722550560278796  1.0100790484380033
1053  0.1722518689955551  1.0100788619572467
1054  0.17224857563518714  1.0100786692549863
1055  0.17224534100074984  1.010078479988918
1056  0.1722421921298537  1.0100782957410765
1057  0.17223896510566117  1.0100781069203015
1058  0.1722356773487308  1.0100779145459113
1059  0.17223241140215362  1.0100777234476963
1060  0.1722292069522885  1.0100775359477985
1061  0.17222593152791288  1.010077344295015
1062  0.17222259883142654  1.0100771492911058
1063  0.17221928606093895  1.0100769554531137
1064  0.17221604190032247  1.0100767656296465
1065  0.17221271492097412  1.0100765709602604
1066  0.17220930248887723  1.010076371290833
1067  0.17220593798139894  1.0100761744255877
1068  0.17220268694953145  1.0100759842000675
1069  0.17219931334387018  1.0100757868024661
1070  0.17219575970439283  1.010075578870663
1071  0.17219235851295533  1.0100753798589528
1072  0.1721891875854732  1.0100751943205286
1073  0.17218581776763997  1.010074997144562
1074  0.17218206749423082  1.0100747777072447
1075  0.17217872185402605  1.0100745819459682
1076  0.1721756453683666  1.010074401933557
1077  0.17217244550034871  1.0100742147017538
1078  0.1721691388171971  1.010074021219946
1079  0.17216588829849355  1.0100738310244521
1080  0.1721627144407415  1.0100736453145707
1081  0.1721594719767281  1.0100734555903756
1082  0.17215618608973238  1.0100732633253997
1083  0.17215290717383713  1.0100730714683195
1084  0.1721496704523553  1.0100728820801335
1085  0.17214637835866464  1.0100726894519891
1086  0.17214305520268858  1.0100724950063176
1087  0.17213972906973607  1.0100723003864562
1088  0.1721364405927749  1.0100721079699353
1089  0.17213309424192236  1.010071912167077
1090  0.17212970903067248  1.0100717140904054
1091  0.17212632708311604  1.0100715162047003
1092  0.17212299786293606  1.0100713214041976
1093  0.17211959343722605  1.010071122203243
1094  0.1721161135443282  1.0100709185865253
1095  0.17211267233617655  1.0100707172333434
1096  0.1721093426693019  1.010070522406704
1097  0.1721058848306155  1.0100703200804302
1098  0.17210222171832568  1.0100701057431152
1099  0.17209874469698616  1.0100699022944193
1100  0.17209554490913404  1.0100697150673068
1101  0.17209211039582128  1.0100695141058555
1102  0.17208816825003292  1.0100692834416343
1103  0.1720848207002733  1.0100690875686253
1104  0.1720816778787132  1.0100689036747443
1105  0.1720785178935511  1.010068718776581
1106  0.17207536088420394  1.0100685340525395
1107  0.17207219300286447  1.010068348692352
1108  0.17206903065541523  1.0100681636559654
1109  0.17206585580228528  1.010067977887842
1110  0.1720626867171835  1.01006779245722
1111  0.17205950394723069  1.0100676062258647
1112  0.17205632731926002  1.0100674203538913
1113  0.1720531356907321  1.0100672336042
1114  0.17204995050174243  1.0100670472313014
1115  0.17204674892273775  1.0100668598993845
1116  0.17204355400574378  1.0100666729572771
1117  0.17204034124459888  1.0100664849710668
1118  0.17203713527303877  1.010066297382131
1119  0.17203390995895262  1.0100661086614184
1120  0.1720306914530827  1.0100659203390707
1121  0.17202745208524928  1.0100657307960406
1122  0.1720242194257  1.0100655416455278
1123  0.1720209643889129  1.01006535118567
1124  0.17201771583874204  1.0100651611053597
1125  0.17201444342492989  1.0100649696287316
1126  0.17201117715805836  1.0100647785117751
1127  0.17200788559184443  1.010064585914495
1128  0.17200459972498372  1.0100643936506972
1129  0.17200128719077812  1.0100641998265303
1130  0.17199797981529352  1.0100640063042126
1131  0.1719946444833107  1.010063811146094
1132  0.1719913136938942  1.010063616253772
1133  0.17198795374297393  1.0100634196551417
1134  0.17198459766100038  1.0100632232828928
1135  0.1719812112969049  1.0100630251387654
1136  0.17197782808762352  1.0100628271792336
1137  0.17197441355639065  1.0100626273869808
1138  0.17197100144011757  1.010062427736033
1139  0.17196755703672117  1.01006222619589
1140  0.17196411429492608  1.0100620247529708
1141  0.17196063836793252  1.0100618213683077
1142  0.17195716334524902  1.0100616180365578
1143  0.17195365429831289  1.010061412713969
1144  0.1719501454016814  1.010061207400175
1145  0.17194660169271492  1.0100610000494292
1146  0.17194305738848648  1.0100607926638532
1147  0.1719394775272316  1.0100605831977523
1148  0.1719358963371288  1.010060373653897
1149  0.17193227888171703  1.0100601619880734
1150  0.17192865937804225  1.010059950202401
1151  0.171925002930982  1.0100597362550843
1152  0.1719213437317294  1.0100595221467301
1153  0.17191764693564215  1.010059305838497
1154  0.17191394669926752  1.0100590893289645
1155  0.1719102082325965  1.0100588705824876
1156  0.17190646565375722  1.0100586515953978
1157  0.1719026842265592  1.0100584303351992
1158  0.17189889803009706  1.0100582087959398
1159  0.1718950723801499  1.0100579849481643
1160  0.17189124132094802  1.0100577607838805
1161  0.17188737020966138  1.010057534276055
1162  0.17188349305639183  1.010057307414699
1163  0.17187957526663988  1.0100570781756066
1164  0.17187565083816325  1.010056848548067
1165  0.17187168516612938  1.0100566165072697
1166  0.1718677121898775  1.0100563840390857
1167  0.17186369746184937  1.010056149127907
1168  0.171859675082085  1.010055913769007
1169  0.1718556100697901  1.0100556759155777
1170  0.1718515358350401  1.0100554375225206
1171  0.17184741961110384  1.0100551966725775
1172  0.17184329785785457  1.0100549554991014
1173  0.17183912816394797  1.0100547115205047
1174  0.1718349329023171  1.0100544660458801
1175  0.1718307141199833  1.0100542191950042
1176  0.17182656137675956  1.0100539762082317
1177  0.17182226794424638  1.010053724989398
1178  0.17181754443260033  1.0100534486056227
1179  0.17181341931974115  1.010053207235568
1180  0.17181034764419167  1.0100530275046076
1181  0.17180648018315225  1.0100528012103667
1182  0.17179873099023713  1.0100523477868646
1183  0.17176899492682673  1.010050607859861
1184  0.17167019686947294  1.0100448269531719
1185  0.1715656887344943  1.0100387119364118
1186  0.17131896210099684  1.0100242753808337
1187  0.1713083768547704  1.0100236560131826
1188  0.17130620615377978  1.0100235290003625
1189  0.17130242640843263  1.010023307838573
1190  0.17130050754414516  1.0100231955613108
1191  0.171298850655056  1.0100230986128336
1192  0.17129542055651548  1.010022897909701
1193  0.17129193831724154  1.0100226941556916
1194  0.17128845239516055  1.0100224901861923
1195  0.17128495307768243  1.0100222854328968
1196  0.17128147458085652  1.010022081897867
1197  0.1712779650226941  1.010021876545365
1198  0.17127446124151413  1.010021671530888
1199  0.1712709322281577  1.010021465040017
1200  0.17126741477656382  1.0100212592256521
1201  0.17126386597976528  1.0100210515772052
1202  0.17126032282592518  1.0100208442589413
1203  0.17125675009717112  1.0100206352101795
1204  0.1712531855785363  1.0100204266418111
1205  0.17124958756431374  1.0100202161135372
1206  0.17124599339767121  1.010020005810394
1207  0.1712423671144736  1.010019793628036
1208  0.17123874717274312  1.010019581816732
1209  0.1712350912538515  1.0100193679003195
1210  0.17123143655004014  1.0100191540550045
1211  0.17122774842168986  1.0100189382539408
1212  0.17122406625241127  1.0100187228015567
1213  0.1712203447738193  1.010018505049092
1214  0.17121661973163993  1.0100182870881136
1215  0.17121286248300982  1.01001806724266
1216  0.1712091154865183  1.0100178479970832
1217  0.17120532157250756  1.0100176260062517
1218  0.17120150934304812  1.0100174029437405
1219  0.17119767693370302  1.0100171787004564
1220  0.17119388247902823  1.0100169566779897
1221  0.1711900098421616  1.0100167300808989
1222  0.17118604212810684  1.0100164979206183
1223  0.17118213793492276  1.0100162694770933
1224  0.17117844350400924  1.010016053307252
1225  0.17117450569416437  1.010015822896737
1226  0.17116989817813122  1.010015553300138
1227  0.17116621769746154  1.0100153379465582
1228  0.17116279590796035  1.0100151377296072
1229  0.1711594091965879  1.0100149395651599
1230  0.1711560258396534  1.0100147415969887
1231  0.17115264143798037  1.0100145435676873
1232  0.1711492581177585  1.0100143456016641
1233  0.17114587365363787  1.010014147568709
1234  0.1711424904109814  1.0100139496072245
1235  0.17113910590520154  1.0100137515718315
1236  0.1711357227755652  1.01001355361696
1237  0.1711323382466935  1.010013355580216
1238  0.1711289552648666  1.0100131576339932
1239  0.17112557072831713  1.0100129595968
1240  0.17112218792741107  1.0100127616611634
1241  0.17111880339413799  1.0100125636241617
1242  0.1711154208044171  1.010012365700882
1243  0.17111203627940064  1.0100121676643634
1244  0.17110865392688845  1.0100119697549634
1245  0.1711052694073465  1.010011771718765
1246  0.1711018873121236  1.0100115738244198
1247  0.17109850278535843  1.0100113757877989
1248  0.1710951209594681  1.0100111779092127
1249  0.1710917364002631  1.0100109798706938
1250  0.1710883548451081  1.010010782007949
1251  0.17108497021255864  1.0100105839651385
1252  0.1710815889156554  1.0100103861175045
1253  0.1710782041493032  1.010010188066865
1254  0.17107482308023447  1.0100099902325623
1255  0.1710714380953614  1.0100097921691364
1256  0.1710680572007406  1.0100095943450411
1257  0.17106467188264174  1.0100093962621175
1258  0.17106129107986512  1.010009198443396
1259  0.17105790527692422  1.0100090003321032
1260  0.17105452444646774  1.0100088025117622
1261  0.17105113796183602  1.010008604360582
1262  0.17104775693783691  1.0100084065289163
1263  0.1710443695195324  1.0100082083231048
1264  0.17104098807839052  1.010008010467031
1265  0.17103759940766639  1.0100078121879374
1266  0.17103421725444368  1.0100076142901984
1267  0.1710308269323605  1.0100074159144798
1268  0.17102744368486078  1.0100072179527118
1269  0.17102405121712683  1.0100070194514463
1270  0.17102066638769442  1.0100068213971158
1271  0.17101727116807564  1.010006622734831
1272  0.17101388414350382  1.010006424552058
1273  0.17101048543639563  1.0100062256857116
1274  0.17100709545672277  1.0100060273300286
1275  0.17100369237993152  1.010005828208002
1276  0.1710002985175464  1.0100056296251323
1277  0.17099689002676344  1.0100054301863204
1278  0.1709934911679296  1.0100052313110968
1279  0.1709900760448788  1.0100050314842153
1280  0.1709866708764165  1.0100048322398003
1281  0.17098324772294482  1.01000463194304
1282  0.17097983472722944  1.010004432240634
1283  0.17097640196756259  1.0100042313817927
1284  0.17097297942871026  1.0100040311209955
1285  0.17096953532147996  1.0100038295981815
1286  0.17096610134450418  1.0100036286681127
1287  0.1709626440049392  1.0100034263710436
1288  0.17095919654755343  1.0100032246522042
1289  0.17095572397850534  1.0100030214640225
1290  0.1709522608927121  1.0100028188307282
1291  0.17094877102151196  1.0100026146301568
1292  0.17094529009991555  1.0100024109532477
1293  0.17094178081691636  1.0100022056168465
1294  0.1709382798379384  1.0100020007663326
1295  0.170934749032585  1.0100017941706079
1296  0.17093122579954778  1.010001588017957
1297  0.17092767139075016  1.0100013800411387
1298  0.17092412376197252  1.0100011724610356
1299  0.17092054372113585  1.0100009629844267
1300  0.170916969630301  1.0100007538559665
1301  0.17091336199681284  1.0100005427648466
1302  0.17090975946465015  1.0100003319722173
1303  0.17090612235468683  1.0100001191563597
1304  0.1709024894936123  1.0099999065891145
1305  0.17089882110358523  1.0099996919429866
1306  0.17089515611735995  1.0099994774960233
1307  0.17089145472344158  1.0099992609187602
1308  0.1708877559033639  1.0099990444920985
1309  0.1708840198583399  1.0099988258873178
1310  0.17088028557757462  1.0099986073857679
1311  0.1708765133060559  1.0099983866612896
1312  0.17087274201264557  1.0099981659940427
1313  0.1708689320053819  1.0099979430615575
1314  0.1708651222154265  1.0099977201417873
1315  0.17086127302325937  1.0099974949165011
1316  0.17085742331298748  1.0099972696608994
1317  0.17085353354082689  1.0099970420611823
1318  0.17084964254177604  1.009996814389677
1319  0.17084571084265732  1.0099965843367147
1320  0.1708417772300086  1.0099963541717878
1321  0.17083780230001544  1.0099961215892854
1322  0.17083382480232923  1.0099958888565417
1323  0.1708298053739823  1.0099956536703363
1324  0.17082578271873095  1.0099954182953168
1325  0.1708217175622263  1.0099951804334495
1326  0.17081764863901716  1.0099949423511831
1327  0.17081353653447984  1.009994701742276
1328  0.17080941977403363  1.0099944608609404
1329  0.17080525960648607  1.0099942174397532
1330  0.170801095404157  1.0099939737824817
1331  0.17079688572457585  1.009993727464229
1332  0.17079266622380052  1.009993480571315
1333  0.170788407282509  1.009993231370644
1334  0.17078416209385605  1.009992982974672
1335  0.17077984609236596  1.0099927304352745
1336  0.17077542279909197  1.0099924716179822
1337  0.17077109021875947  1.0099922181085177
1338  0.1707672164017351  1.0099919914423732
1339  0.17076278418719482  1.0099917321030767
1340  0.1707552083862287  1.0099912888251454
1341  0.1707482394709352  1.009990881057522
1342  0.17073370963945145  1.0099900308829106
1343  0.17072466316419443  1.0099895015523679
1344  0.17072283221014273  1.0099893944189402
1345  0.17071196801803878  1.0099887587295098
1346  0.17070373377794534  1.0099882769247566
1347  0.17069985078721106  1.0099880497218368
1348  0.17069830859068047  1.0099879594842907
1349  0.17069288271953575  1.0099876420038094
1350  0.17068737752627294  1.0099873198820046
1351  0.17068169803129452  1.0099869875613965
1352  0.17067622055823428  1.0099866670615658
1353  0.17067232922624276  1.009986439370579
1354  0.17066688926150808  1.0099861210654488
1355  0.17066369893200406  1.0099859343917665
1356  0.17066301765928416  1.0099858945288975
1357  0.17065915048425828  1.009985668251392
1358  0.17065539608194125  1.0099854485724826
1359  0.170651476799773  1.0099852192460657
1360  0.1706471285600366  1.0099849648203325
1361  0.17064333863533643  1.0099847430629252
1362  0.17064019221425508  1.0099845589584278
1363  0.1706366185436704  1.0099843498545575
1364  0.17063163959820937  1.009984058524749
1365  0.17062910794912578  1.0099839103920072
1366  0.1706282793636047  1.0099838619095196
1367  0.1706249211581482  1.0099836654130205
1368  0.17062154096691684  1.009983467630082
1369  0.1706181751609439  1.009983270688859
1370  0.17061477732898622  1.00998307187372
1371  0.1706113836437253  1.0099828733012142
1372  0.17060796327001249  1.0099826731671042
1373  0.17060455435868727  1.0099824737036853
1374  0.1706011114684104  1.0099822722520784
1375  0.17059767106852664  1.00998207094619
1376  0.17059420203448394  1.0099818679648496
1377  0.1705907440113541  1.0099816656277838
1378  0.17058724854049245  1.009981461099563
1379  0.170583750831108  1.009981256440361
1380  0.1705802256208927  1.0099810501720206
1381  0.17057671583880463  1.0099808448064165
1382  0.17057316086639562  1.0099806367966202
1383  0.17056958922504972  1.0099804278114852
1384  0.17056600150775303  1.0099802178857085
1385  0.17056245450783558  1.0099800103424015
1386  0.17055883408074524  1.009979798502698
1387  0.17055513032377279  1.009979581787167
1388  0.17055148145951105  1.0099793682835378
1389  0.17054801395395947  1.0099791653916328
1390  0.17054433892136678  1.009978950356833
1391  0.17054014032134068  1.0099787046868711
1392  0.170536624415783  1.0099784989629683
1393  0.1705334765494556  1.0099783147739063
1394  0.17053022183443056  1.0099781243328758
1395  0.17052689720718328  1.0099779298011167
1396  0.17052360111208886  1.009977736938841
1397  0.1705203587927333  1.00997754722311
1398  0.1705170665190967  1.0099773545844368
1399  0.17051375854763018  1.0099771610272468
1400  0.17051044099117585  1.0099769669092165
1401  0.17050715079067869  1.0099767743918475
1402  0.170503819973991  1.0099765794979296
1403  0.17050048225107195  1.0099763841999119
1404  0.1704971265454338  1.0099761878496831
1405  0.17049379311331625  1.0099759928027303
1406  0.17049041768557338  1.0099757952985147
1407  0.17048703232689222  1.0099755972132165
1408  0.17048362920266935  1.0099753980884147
1409  0.1704802529109828  1.009975200533648
1410  0.1704768261792312  1.009975000027514
1411  0.17047337360553272  1.0099747980093072
1412  0.17046991602111417  1.0099745956979114
1413  0.17046651132423873  1.0099743964810899
1414  0.1704630282990104  1.0099741926810926
1415  0.17045945695352793  1.009973983713269
1416  0.17045594517099294  1.009973778230614
1417  0.17045260008508112  1.0099735825017704
1418  0.17044907370607454  1.0099733761650413
1419  0.17044515403365101  1.0099731468157895
1420  0.17044169586092495  1.0099729444699705
1421  0.1704386252558442  1.0099727648016457
1422  0.17043534414675066  1.009972572816236
1423  0.17043173169130166  1.009972361442972
1424  0.17042843569848443  1.0099721685866807
1425  0.17042534398381448  1.0099719876831843
1426  0.17042216157981438  1.009971801473242
1427  0.17041892562209382  1.0099716121297453
1428  0.17041570732924438  1.0099714238198618
1429  0.1704125344219326  1.009971238165593
1430  0.17040931625891254  1.009971049863306
1431  0.1704060866170547  1.0099708608893658
1432  0.17040284504390146  1.009970671217297
1433  0.17039962814970455  1.009970482989252
1434  0.17039637276131647  1.0099702925088214
1435  0.1703931122567498  1.0099701017290312
1436  0.1703898329866732  1.0099699098512267
1437  0.1703865745181371  1.0099697191905694
1438  0.170383275583037  1.0099695261621184
1439  0.1703799678726322  1.0099693326202033
1440  0.17037664208808712  1.009969138020728
1441  0.17037334208514998  1.0099689449297953
1442  0.17036999294779664  1.0099687489638922
1443  0.17036661866709446  1.0099685515267927
1444  0.1703632395856307  1.0099683538087891
1445  0.17035991336219536  1.0099681591836334
1446  0.1703565091387632  1.0099679599945144
1447  0.1703530142186621  1.00996775549852
1448  0.17034958298310998  1.0099675547288582
1449  0.1703463252198384  1.0099673641094675
1450  0.17034288085925253  1.0099671625718292
1451  0.17033901576459343  1.0099669364160508
1452  0.1703356592223112  1.009966740016868
1453  0.17033266633308342  1.0099665648958807
1454  0.17032950686426707  1.0099663800279297
1455  0.17032614573570937  1.009966183360393
1456  0.17032294335768683  1.0099659959817235
1457  0.17031989456134755  1.0099658175894797
1458  0.1703167452508908  1.0099656333159182
1459  0.17031351135802464  1.009965444093241
1460  0.17031032350462427  1.0099652575644413
1461  0.17030721798868131  1.0099650758534002
1462  0.1703040369639337  1.0099648897241609
1463  0.17030079806375276  1.0099647002084942
1464  0.17029758435792475  1.0099645121670082
1465  0.17029444361533774  1.0099643283947728
1466  0.17029122488798776  1.0099641400594659
1467  0.17028793505242723  1.0099639475634503
1468  0.17028468431780364  1.0099637573553222
1469  0.17028153464365536  1.0099635730604806
1470  0.17027827879911794  1.0099633825533594
1471  0.17027488413215275  1.0099631839234118
1472  0.17027160179215273  1.009962991865979
1473  0.17026851485735206  1.009962811242164
1474  0.1702652516758838  1.0099626203057417
1475  0.1702616601052832  1.0099624101544993
1476  0.1702584181203597  1.009962220458337
1477  0.17025546729826868  1.0099620477987967
1478  0.17025235584853937  1.0099618657405556
1479  0.17024904144589736  1.009961671807062
1480  0.1702458917846581  1.0099614875129757
1481  0.17024290543485454  1.0099613127746252
1482  0.17023981098129193  1.0099611317108699
1483  0.1702366152289353  1.0099609447198836
1484  0.17023348188792542  1.0099607613807322
1485  0.17023044719382963  1.0099605838136436
1486  0.17022732657632156  1.009960401218974
1487  0.1702241292981922  1.0099602141387114
1488  0.17022097486101284  1.0099600295651734
1489  0.17021791265781716  1.0099598503884628
1490  0.17021475960026533  1.00995966589565
1491  0.17021151028567005  1.0099594757706114
1492  0.17020832539009711  1.009959289414881
1493  0.1702052688277731  1.009959110568231
1494  0.17020208894253508  1.0099589245056673
1495  0.17019873177262623  1.0099587280697606
1496  0.17019553029418677  1.009958540743728
1497  0.17019255097170072  1.0099583664165626
1498  0.17018939092855778  1.0099581815150065
1499  0.17018590700366665  1.0099579776623675
1500  0.1701827599501663  1.009957793520866
1501  0.17017986823214892  1.009957624319644
1502  0.17017684660253307  1.0099574475169888
1503  0.17017369425338524  1.0099572630656266
1504  0.17017062996392374  1.0099570837668435
1505  0.17016767525256138  1.0099569108797328
1506  0.17016463597663578  1.0099567330445507
1507  0.17016152788112926  1.0099565511825728
1508  0.17015845469247026  1.0099563713630768
1509  0.1701554574725357  1.0099561959886898
1510  0.17015238567087254  1.00995601625035
1511  0.17014925095875855  1.0099558328309721
1512  0.17014614791657534  1.0099556512646763
1513  0.1701431287263151  1.0099554746047537
1514  0.17014002147638185  1.0099552927922524
1515  0.17013681675704284  1.009955105276587
1516  0.17013367983978211  1.0099549217281807
1517  0.17013068100507456  1.009954746259309
1518  0.17012754841408884  1.0099545629640434
1519  0.1701242021747077  1.0099543671677076
1520  0.17012105898894303  1.0099541832525163
1521  0.17011817267690954  1.0099540143676111
1522  0.170115092719074  1.0099538341520347
1523  0.17011165498975012  1.009953633002407
1524  0.1701085989150335  1.009953454184288
1525  0.1701057695342275  1.009953288630563
1526  0.17010285356687427  1.0099531180104555
1527  0.1700998865736254  1.0099529444047026
1528  0.1700969373103126  1.0099527718363701
1529  0.17009403027245085  1.0099526017387481
1530  0.17009108245155025  1.0099524292548145
1531  0.17008812541032403  1.009952256231378
1532  0.17008515704757932  1.0099520825454928
1533  0.17008221077811847  1.0099519101523378
1534  0.1700792303568036  1.0099517357608772
1535  0.1700762470184376  1.009951561198733
1536  0.17007324566065773  1.0099513855822306
1537  0.1700702622843453  1.0099512110178663
1538  0.1700672433308671  1.0099510343717983
1539  0.17006421892264034  1.0099508574065603
1540  0.17006117623139128  1.0099506793715396
1541  0.17005815451247563  1.0099505025636593
1542  0.17005509063772695  1.0099503232891422
1543  0.17005200927458308  1.0099501429913378
1544  0.17004891863974503  1.0099499621510248
1545  0.17004586806616417  1.0099497836547904
1546  0.17004275406216984  1.009949601447093
1547  0.17003957568993633  1.0099494154730588
1548  0.17003643547126923  1.0099492317314793
1549  0.17003342338033745  1.0099490554869552
1550  0.17003026509315966  1.0099488706881448
1551  0.17002680257793912  1.0099486680882361
1552  0.1700236864920326  1.0099484857587213
1553  0.1700209393860379  1.0099483250190888
1554  0.17001795053045632  1.0099481501341196
1555  0.17001443628444157  1.0099479445073203
1556  0.1700115582031959  1.009947776104018
1557  0.1700087369113159  1.009947611023595
1558  0.1700059576131071  1.0099474484003204
1559  0.1700031544253061  1.0099472843792097
1560  0.17000035634812083  1.009947120657133
1561  0.16999754542169154  1.0099469561832168
1562  0.16999474667946335  1.0099467924222272
1563  0.16999193045981398  1.0099466276385922
1564  0.16998912448177805  1.0099464634542181
1565  0.16998630022752304  1.0099462982004597
1566  0.1699834865564127  1.0099461335659456
1567  0.16998065270920382  1.0099459677508809
1568  0.16997782880198586  1.0099458025174284
1569  0.16997498333981576  1.0099456360227448
1570  0.16997214740554834  1.0099454700855612
1571  0.16996928843680015  1.009945302800576
1572  0.16996643828957425  1.0099451360317588
1573  0.16996356386495248  1.0099449678424144
1574  0.16996069760353572  1.0099448001307179
1575  0.16995780585822806  1.009944630927899
1576  0.16995492147292057  1.0099444621557312
1577  0.16995201058138465  1.0099442918326216
1578  0.16994910630991045  1.0099441218968674
1579  0.16994617454583882  1.0099439503524565
