0  0.9946239253583181  1.0581977850314068
1  0.9922721502214827  1.0580601771372407
2  0.9812830585407367  1.0574171795388307
3  0.9675160919728966  1.0566116419477647
4  0.9620676192185282  1.0562928389931767
5  0.9400322924097897  1.0550035001988682
6  0.9260904672484536  1.054187731220264
7  0.9152928911336211  1.0535559396480225
8  0.871941900016153  1.051019371204785
9  0.8786367717088212  1.0514111038925367
10  0.8533674840657857  1.0499325384441776
11  0.8015243491163391  1.046899074693489
12  0.7910741687224633  1.0462876100618865
13  0.7314664354973818  1.0427998214052914
14  0.6924787008177016  1.040518557357745
15  0.6663322066758894  1.0389886644941262
16  0.6356563805702384  1.0371937497652106
17  0.6071160942939027  1.0355237904940755
18  0.5967830685707715  1.034919180857783
19  0.5593655952255281  1.0327297964938582
20  0.5404576454457364  1.0316234478844857
21  0.5230704514382426  1.0306060822718668
22  0.5090105201197376  1.0297834026242443
23  0.4919698358979697  1.0287863121141108
24  0.4638703936226154  1.0271421476622506
25  0.4334080276284923  1.0253597229864766
26  0.4254990977501858  1.0248969528990586
27  0.4113703997251855  1.0240702495497134
28  0.38740612460966617  1.0226680434534705
29  0.36583732348943665  1.021406002174373
30  0.3580276198845309  1.020949038049572
31  0.333007719838357  1.0194850648560156
32  0.34460254460482487  1.0201635053218354
33  0.3251053694264948  1.0190226797486528
34  0.3180335564042389  1.0186088913372155
35  0.3109854469952411  1.018196489879936
36  0.30446845044936655  1.0178151650853504
37  0.2978549961684439  1.0174281963218377
38  0.29167039278012397  1.0170663206326234
39  0.28536657000211674  1.0166974691365385
40  0.2794504389447352  1.0163513023948012
41  0.2734226303591665  1.0159986011382462
42  0.26781954440149314  1.0156707514015133
43  0.26206196392877634  1.0153338618273644
44  0.2564562979130117  1.0150058611253645
45  0.2512164869537161  1.0146992674631374
46  0.2495934520424553  1.0146042998734226
47  0.24808130883888346  1.01451582081832
48  0.24527016273681168  1.0143513340486283
49  0.24318903826183436  1.0142295625612043
50  0.24068662211382097  1.0140831403071964
51  0.2362105155072466  1.0138212327827285
52  0.2302000010393328  1.01346954344567
53  0.2271803816165947  1.0132928584116982
54  0.22400709845525701  1.013107182150994
55  0.22221348542580144  1.0130022336344175
56  0.22004451517137646  1.0128753220838425
57  0.21829162145378644  1.0127727561499669
58  0.21747945164346694  1.0127252341843025
59  0.21687035758226347  1.0126895946583125
60  0.21612746261789295  1.0126461261268054
61  0.21529534583234  1.0125974370167088
62  0.21490846507445505  1.0125747997136978
63  0.21474895396066307  1.012565466343291
64  0.2145425541145196  1.0125533894028818
65  0.2144094955775705  1.0125456038349574
66  0.21413347320531173  1.0125294531168065
67  0.2138359159114258  1.0125120423397453
68  0.2135020795711179  1.0124925087903571
69  0.21321944416472804  1.0124759711280267
70  0.21296412205415105  1.0124610316308695
71  0.21270725787510292  1.0124460019036599
72  0.21245630434633422  1.0124313180224984
73  0.21220555342079184  1.0124166459961284
74  0.2119620633463266  1.012402398819231
75  0.21171676596646094  1.0123880458926442
76  0.2114768978287871  1.0123740106437866
77  0.21123525701823842  1.01235987167167
78  0.21099903354378835  1.012346049680629
79  0.21076010287867453  1.0123320692854954
80  0.21052488716593687  1.0123183062609624
81  0.21028776131781657  1.0123044314699157
82  0.21005577812865217  1.0122908575879392
83  0.20981981356706036  1.0122770507464984
84  0.20958362791313045  1.0122632309684252
85  0.20934896779013856  1.0122495004527547
86  0.2091283842147742  1.0122365935889912
87  0.20889310607769107  1.012222826911863
88  0.20860990629895204  1.012206256226779
89  0.20841217185205574  1.0121946863192588
90  0.20821629586766988  1.0121832251547507
91  0.20802834440019402  1.0121722276723641
92  0.20783441422718207  1.0121608803618558
93  0.20763474774031154  1.012149197406133
94  0.20744175419031285  1.01213790489964
95  0.20726460540029112  1.0121275395073168
96  0.20707412799921576  1.0121163942266147
97  0.20685080052853133  1.0121033268110828
98  0.2066757292282354  1.0120930829775694
99  0.2065094498877852  1.0120833535823037
100  0.206348905735938  1.012073959766411
101  0.20618760323646346  1.0120645215778152
102  0.2060282829621085  1.012055199373873
103  0.20586882452690647  1.0120458690858145
104  0.20571175839078826  1.0120366787768018
105  0.20555405323835507  1.0120274510774416
106  0.20539849605202498  1.0120183490606298
107  0.20524208871895155  1.0120091972997325
108  0.20508772336124081  1.0120001650196162
109  0.20493226052220592  1.0119910685232862
110  0.20477864154845626  1.0119820799158508
111  0.20462377446260005  1.0119730182784406
112  0.20447060122742466  1.0119640557522174
113  0.204316039641116  1.0119550119903042
114  0.20416298977806557  1.011946056682874
115  0.20400847851048554  1.0119370158652279
116  0.2038553646604867  1.0119280568137712
117  0.20370069515315337  1.0119190067371449
118  0.20354724533724244  1.0119100280275324
119  0.20339223791959493  1.011900958178979
120  0.20323844107281863  1.0118919591637745
121  0.2030829431978961  1.0118828606174124
122  0.20292831219733976  1.0118738127939084
123  0.2027722163830219  1.0118646792607062
124  0.20261759403616642  1.0118556319435505
125  0.20246070647245618  1.0118464520832293
126  0.2023029746730729  1.0118372228246935
127  0.2021456289012198  1.0118280161535362
128  0.20199526854595384  1.0118192182155317
129  0.20183616766061507  1.0118099088485568
130  0.20164804496498678  1.0117989013472082
131  0.20150837121773246  1.0117907287077712
132  0.20138109181980335  1.0117832812908625
133  0.20125877887833776  1.0117761244730015
134  0.2011362076821035  1.0117689525440468
135  0.2010147263012001  1.0117618443827499
136  0.2008932857842971  1.0117547386125016
137  0.20077309724209524  1.0117477060982378
138  0.2006527805205729  1.0117406660839006
139  0.20053372608624043  1.0117336999289552
140  0.20041440031811564  1.0117267178976317
141  0.20029634878919  1.0117198104250404
142  0.20017787300630285  1.011712878128352
143  0.20006066415892387  1.0117060199630397
144  0.19994288027200313  1.0116991281508119
145  0.19982633635008595  1.0116923088918521
146  0.19970907597363108  1.0116854477114523
147  0.19959300943868874  1.0116786563855276
148  0.19947610155696216  1.0116718158304234
149  0.19936032734296838  1.0116650416088846
150  0.19924360686259068  1.0116582120190742
151  0.19912795249135873  1.0116514448098173
152  0.1990112667592483  1.0116446172532099
153  0.1988955782091053  1.0116378480440642
154  0.198778790489209  1.0116310145199114
155  0.19866293365481458  1.011624235464059
156  0.19854592393059833  1.0116173889499112
157  0.1984297837837139  1.0116105933167783
158  0.19831244795931113  1.0116037277217418
159  0.19819592632111527  1.0115969097666553
160  0.19807817465050848  1.0115900198394794
161  0.19796118816789132  1.0115831746852524
162  0.1978429434770499  1.011576255910303
163  0.1977254207690149  1.0115693793802658
164  0.19760661677080182  1.0115624278789268
165  0.1974884982007512  1.0115555164836016
166  0.19736907783924396  1.0115485289173969
167  0.19725030888712736  1.0115415794666875
168  0.1971302236140955  1.0115345529949455
169  0.19701077074780982  1.0115275635268097
170  0.19688997683207488  1.0115204955907167
171  0.1967697597170306  1.0115134614045886
172  0.1966482297666866  1.0115063504013795
173  0.19652741173034527  1.011499281053933
174  0.19640507034064114  1.0114921225714988
175  0.19628263448185224  1.011484958561456
176  0.1961597226312709  1.0114777667000143
177  0.1960410964657352  1.0114708256040834
178  0.19591625800705337  1.0114635210122704
179  0.1957656318888178  1.0114547075238498
180  0.19566440667078167  1.011448784598281
181  0.1955690963721456  1.0114432077685567
182  0.19548164414583635  1.0114380907331249
183  0.19538881368415006  1.0114326590044929
184  0.19528712004691073  1.0114267086706146
185  0.19519527866289654  1.0114213348152432
186  0.1951117011805159  1.0114164445001914
187  0.1950241887191111  1.0114113239402625
188  0.19493277315875546  1.0114059750008348
189  0.19484480725853148  1.0114008279091342
190  0.19476160795381492  1.0113959597221471
191  0.19467529715708776  1.0113909094744447
192  0.19458601107811313  1.0113856851359806
193  0.19449940416100697  1.0113806175615785
194  0.19441757699193252  1.0113758296614745
195  0.1943321349280085  1.0113708302453714
196  0.19424190317108025  1.0113655505730663
197  0.19415657624127125  1.0113605578937315
198  0.194078353182771  1.0113559808786132
199  0.19399503111495897  1.0113511055084685
200  0.19390248416459466  1.0113456903687508
201  0.19382075449220593  1.011340908173407
202  0.19374652640130696  1.0113365649132389
203  0.19366948937152262  1.0113320572954503
204  0.19359058100122606  1.0113274401811274
205  0.19351315274808545  1.0113229096719403
206  0.1934384840866885  1.011318540632956
207  0.19336197445068903  1.0113140638742182
208  0.19328451250724743  1.0113095313937321
209  0.19320780876324695  1.0113050432772788
210  0.19313366507236873  1.0113007049555542
211  0.19305739378590325  1.0112962421432081
212  0.1929791962074383  1.0112916666189868
213  0.19290279133336918  1.011287195990116
214  0.19283077063289766  1.011282981889553
215  0.19275491199469996  1.0112785432222275
216  0.1926719424005553  1.011273688476146
217  0.19259750081360716  1.0112693327238218
218  0.19253176034730712  1.01126548609453
219  0.19246100353125717  1.0112613459468167
220  0.1923811452947506  1.011256673253588
221  0.19231194550191555  1.0112526242109652
222  0.19224759774211808  1.011248859072206
223  0.19218265496775244  1.0112450591177453
224  0.19211819999285784  1.011241287705579
225  0.19205369466838418  1.0112375133473404
226  0.19199000036303526  1.0112337864437377
227  0.1919260385607683  1.0112300438882618
228  0.19186280010926482  1.01122634365774
229  0.19179924136117732  1.0112226246859117
230  0.19173640731786323  1.011218948118264
231  0.19167316058333828  1.0112152474030833
232  0.19161059116882606  1.0112115863194893
233  0.1915475498646153  1.0112078976245193
234  0.19148515192730864  1.01120424657446
235  0.19142222290417354  1.0112005644493196
236  0.1913598862063114  1.0111969169825241
237  0.19129698161590858  1.0111932362870006
238  0.1912346338305364  1.0111895881714488
239  0.19117167893622677  1.011185904532525
240  0.1911092291582639  1.0111822504491472
241  0.19104615694089144  1.0111785599453753
242  0.1909835715751107  1.011174897928435
243  0.19092032542610393  1.0111711972475141
244  0.1908574928850515  1.0111675207677675
245  0.19079402455131023  1.0111638070862954
246  0.1907310359826898  1.0111601214770087
247  0.19066729469918986  1.0111563918246043
248  0.1906037322869243  1.0111526726383764
249  0.19053971758768717  1.011148926987774
250  0.19047673674726007  1.0111452418306823
251  0.19041227531537153  1.0111414700407018
252  0.19034548915266047  1.0111375622252539
253  0.19028149740589928  1.0111338179176548
254  0.19022667788869918  1.011130610298779
255  0.19016263766643915  1.0111268631547645
256  0.1900504791022477  1.0111203004933988
257  0.18992009031546042  1.0111126711388354
258  0.189684054069994  1.0110988601030024
259  0.18958577590294656  1.0110931096163178
260  0.18950407299949423  1.0110883289872878
261  0.18948509401811597  1.0110872184824526
262  0.18945743885630506  1.0110856003138955
263  0.1894111000531532  1.0110828889215433
264  0.18936523369010594  1.0110802051727728
265  0.18931940087123733  1.0110775233867513
266  0.18927399037928327  1.0110748663120706
267  0.18922858139840737  1.0110722093258064
268  0.18918360774937804  1.0110695778118326
269  0.18913858617282453  1.0110669434935067
270  0.18909400589837  1.0110643349968043
271  0.18904932579900424  1.0110617206591117
272  0.1890050888252166  1.0110591322497386
273  0.1889606981347135  1.0110565348460394
274  0.18891674622609278  1.0110539631164996
275  0.18887258719706468  1.011051379267858
276  0.1888288556465848  1.0110488204319914
277  0.18878486669130345  1.0110462465347645
278  0.18874128724339911  1.0110436965987775
279  0.18869740551770353  1.011041128975806
280  0.1886539101694107  1.0110385839606848
281  0.18861007434579014  1.0110360190235514
282  0.1885665987406423  1.0110334751636483
283  0.18852275122726214  1.0110309095425196
284  0.1884792367307785  1.011028363406993
285  0.18843532494270032  1.0110257940250007
286  0.18839171935348897  1.0110232425594243
287  0.1883476961080106  1.0110206666557975
288  0.1883039534858304  1.0110181071720998
289  0.18825977681914285  1.011015522291437
290  0.1882158568612079  1.0110129524314073
291  0.1881714895450225  1.011010356395394
292  0.18812735683322745  1.0110077740866354
293  0.1880827657831755  1.0110051649594276
294  0.18803838900906233  1.0110025683700088
295  0.18799354469085483  1.0109999444234856
296  0.1879488960217084  1.0109973319248489
297  0.1879037719034019  1.0109946916065637
298  0.1878588262779235  1.010992061732314
299  0.18781339836100774  1.0109894036380578
300  0.18776813335825382  1.0109867550762923
301  0.18772237972755756  1.0109840779237567
302  0.1876767739480788  1.0109814094223437
303  0.18763067460122296  1.0109787120411426
304  0.18758471189893755  1.0109760226553368
305  0.18753824765969962  1.010973303923424
306  0.18749189779092268  1.0109705918835963
307  0.18744505394273836  1.0109678509398716
308  0.1873983599623309  1.0109651187652628
309  0.18735110591720583  1.0109623538199504
310  0.18730374289429685  1.0109595824980917
311  0.18725614710870442  1.0109567975567408
312  0.1872098154589671  1.0109540865829516
313  0.18716143178684796  1.0109512555405071
314  0.18710510255076984  1.010947959584429
315  0.18706262104911664  1.010945473891859
316  0.18702906636491035  1.0109435105283724
317  0.18699261459849192  1.0109413776497918
318  0.18695056011116817  1.0109389169428347
319  0.18691502069217036  1.0109368374478473
320  0.18688093539676565  1.0109348430370515
321  0.18684722215997152  1.0109328703962799
322  0.18681358754891142  1.0109309023560846
323  0.18678011071933565  1.0109289435480553
324  0.1867467084967327  1.0109269891054555
325  0.18671346683806334  1.010925044057829
326  0.18668028987320073  1.0109231027955892
327  0.18664727640737155  1.0109211711000623
328  0.18661431670536255  1.010919242550383
329  0.18658152410158568  1.0109173237780145
330  0.18654877312311102  1.0109154074412399
331  0.18651619348557513  1.0109135011300268
332  0.18648364194940237  1.0109115964630906
333  0.18645126658440003  1.0109097021043438
334  0.18641890422988872  1.0109078085068717
335  0.18638672335409523  1.0109059255281458
336  0.1863545386587523  1.0109040423259292
337  0.18632254104432178  1.010902170070257
338  0.18629052090019216  1.010900296496319
339  0.18625869346021062  1.0108984341979537
340  0.18622682282291958  1.0108965693720124
341  0.18619515015571353  1.0108947161297663
342  0.1861634116949734  1.010892859037786
343  0.1861318756293875  1.010891013788422
344  0.18610024942923276  1.0108891632650723
345  0.18606882864424568  1.010887324761047
346  0.18603729202106012  1.0108854794790565
347  0.18600596184469498  1.0108836462767552
348  0.18597448936242755  1.0108818047478005
349  0.18594322186938683  1.0108799752132478
350  0.1859117856207515  1.0108781358044083
351  0.1858805501198484  1.0108763081417906
352  0.18584912029793488  1.010874469108994
353  0.18581788421086365  1.010872641412078
354  0.185786429919802  1.010870800947534
355  0.1857551599197923  1.0108689712662926
356  0.1857236500937407  1.0108671275522654
357  0.18569231326628055  1.0108652939607927
358  0.18566071752858315  1.0108634452198733
359  0.18562928231772435  1.0108616058717563
360  0.18559757164457724  1.0108597504056933
361  0.18556600846201454  1.0108579035696512
362  0.18553415559584874  1.0108560397835402
363  0.18550243710384706  1.0108541838599774
364  0.1854704167372928  1.010852310273025
365  0.18543851788767962  1.0108504437963142
366  0.18540630667645175  1.0108485590425909
367  0.18537420459791687  1.010846680674478
368  0.1853417810650192  1.0108447834973144
369  0.1853094548720493  1.0108428920157388
370  0.18527679925355234  1.0108409812587014
371  0.18524422982587196  1.0108390755448908
372  0.18521132389292005  1.0108371501413653
373  0.1851784936542189  1.010835229166889
374  0.18514532053263622  1.0108332881295286
375  0.1851122132437215  1.0108313509441922
376  0.1850787572430871  1.0108293933549133
377  0.18504535781579512  1.0108274390758736
378  0.185011604273702  1.010825464076744
379  0.1849778986080316  1.0108234918789767
380  0.18494383375148338  1.0108214986641062
381  0.18490980859313266  1.0108195077720707
382  0.18487541941721952  1.0108174955805114
383  0.18484106224021657  1.0108154852612836
384  0.18480633640209965  1.0108134533708273
385  0.18477163529077634  1.0108114229271934
386  0.1847365610209757  1.0108093706491796
387  0.1847015046394226  1.0108073194178495
388  0.18466607065258478  1.0108052460919459
389  0.1846306479186255  1.0108031734244745
390  0.18459484339893506  1.0108010784178223
391  0.18455904459436745  1.0107989837455753
392  0.18452285886480047  1.0107968664334366
393  0.1844866696708256  1.0107947489185873
394  0.18445009364264275  1.0107926087691588
395  0.18441352694910007  1.010790469165922
396  0.18437654436251127  1.010788305227805
397  0.18433945665422546  1.0107861351387701
398  0.18430209848216206  1.0107839492242638
399  0.18426531007267033  1.0107817966479054
400  0.18422732375037487  1.0107795739788514
401  0.1841851033458216  1.010777103563687
402  0.18414953733029538  1.0107750225124743
403  0.1841260344255966  1.0107736473022462
404  0.1840943461786062  1.0107717931483904
405  0.18403628604758526  1.0107683959135785
406  0.18392342392478467  1.010761792085344
407  0.18377898329309095  1.010753340524288
408  0.18390197484162651  1.0107605370490442
409  0.18375303799717113  1.0107518224040053
410  0.18372714248549749  1.0107503071967163
411  0.18370127463682717  1.0107487936080544
412  0.18367546745424568  1.0107472835691083
413  0.18364968485152577  1.0107457749683875
414  0.1836239645407215  1.0107442700125133
415  0.1835982657131856  1.0107427663136757
416  0.18357263112281907  1.0107412663735056
417  0.18354701455928268  1.0107397674881282
418  0.18352146447494266  1.0107382724926046
419  0.18349592853688512  1.0107367783248133
420  0.18347046163377512  1.0107352881964193
421  0.18344500450588075  1.010733798639996
422  0.18341961929964445  1.0107323132918782
423  0.1833942389332306  1.0107308282269498
424  0.183368933718983  1.0107293475593513
425  0.18334362776269386  1.0107278668483342
426  0.18331840053785176  1.0107263907440793
427  0.18329316625242043  1.0107249142266925
428  0.18326801461943365  1.0107234425454947
429  0.18324284877375385  1.010721970032679
430  0.18321776981883608  1.010720502604046
431  0.18319266856500804  1.0107190338706515
432  0.18316765870931573  1.0107175704851765
433  0.1831426174353764  1.0107161052613463
434  0.18311767225624986  1.0107146456602494
435  0.18309268541726376  1.0107131836215364
436  0.18306779943981066  1.0107117274844688
437  0.18304286037139705  1.0107102682409241
438  0.18301802683545976  1.0107088151723327
439  0.18299312755894426  1.0107073582571058
440  0.1829683381740499  1.0107059077718958
441  0.18294346920934001  1.0107044526302837
442  0.1829187139206928  1.0107030041401255
443  0.18289386413094355  1.0107015501204855
444  0.1828691309317424  1.0107001029228326
445  0.18284428743105352  1.0106986492711802
446  0.18281956226691276  1.0106972025436778
447  0.18279471042519113  1.010695748403972
448  0.1827699772390482  1.010694301207083
449  0.1827451008124661  1.0106928456288593
450  0.182720341765363  1.0106913969187852
451  0.1826954231632152  1.0106899388727697
452  0.1826706190335573  1.010688487524809
453  0.18264563970419556  1.0106870259255016
454  0.18262077042145775  1.010685570765281
455  0.18259571130974073  1.0106841044977204
456  0.18257075653780286  1.0106826443353256
457  0.1825455985478286  1.0106811722821656
458  0.18252053822139058  1.0106797059435286
459  0.18249526262128757  1.0106782270087236
460  0.18247007736418575  1.0106767533600998
461  0.18244466609263088  1.0106752664868388
462  0.1824193374917612  1.010673784450834
463  0.1823937733553601  1.0106722886330914
464  0.18236828410188244  1.0106707971969249
465  0.18234255087505802  1.010669291485304
466  0.18231688480331976  1.010667789703085
467  0.1822909672530284  1.0106662732062643
468  0.18226510931055617  1.0106647601972376
469  0.18223899316946746  1.0106632320804025
470  0.18221292934598754  1.0106617070247936
471  0.1821866012541521  1.010660166506222
472  0.18216031849014325  1.010658628639888
473  0.18213376592009278  1.0106570749865678
474  0.18210725200819  1.010655523595227
475  0.18208046318365922  1.0106539561181016
476  0.182053706671368  1.0106523905316416
477  0.18202667048607102  1.010650808580856
478  0.1819996605837123  1.0106492281679471
479  0.18197236652394477  1.0106476311283197
480  0.18194509302147455  1.0106460352915485
481  0.18191753109438724  1.0106444225783744
482  0.1818899842836822  1.0106428107496954
483  0.18186214495238895  1.0106411818049488
484  0.1818343155675073  1.0106395534421901
485  0.18180618969168227  1.010637907731049
486  0.1817780688242605  1.0106362623129617
487  0.18174964761176338  1.0106345993209773
488  0.18172122675541025  1.0106329363498319
489  0.1816925016994948  1.0106312555792545
490  0.18166377230916086  1.0106295745550602
491  0.1816347352235096  1.0106278755268894
492  0.1816056904158977  1.0106261760468882
493  0.18157633302598364  1.0106244582769617
494  0.18154695931292963  1.0106227395519296
495  0.18151727515376748  1.0106210026619658
496  0.18148759403307557  1.0106192659497901
497  0.18145756786434752  1.0106175090480423
498  0.18142741097895265  1.0106157444977546
499  0.18139708109367458  1.0106139698248373
500  0.18136737165936212  1.010612231455965
501  0.1813364841727897  1.0106104241564842
502  0.18130114354580895  1.0106083562932855
503  0.18127314113917536  1.0106067178066171
504  0.18125261497743594  1.0106055167726202
505  0.1812279415893452  1.0106040730746562
506  0.1811851008672134  1.0106015663632515
507  0.18113926237923594  1.010598884245517
508  0.18105102606891377  1.0105937213314855
509  0.18099562844245387  1.010590479886077
510  0.18098044023999327  1.0105895911886313
511  0.18096325570511262  1.010588585681081
512  0.1809309240604381  1.0105866938805135
513  0.1808981205945004  1.010584774472574
514  0.1808645346407859  1.010582809279435
515  0.18083172629359479  1.0105808895858819
516  0.18080471993041003  1.0105793093800584
517  0.1807709154919801  1.0105773314028645
518  0.1807072102161199  1.0105736038573516
519  0.18054439212188056  1.0105640769877418
520  0.1805351587269346  1.0105635367200883
521  0.18042764927440302  1.0105572460891799
522  0.180364214303388  1.0105535343598393
523  0.18031186351676087  1.0105504711921949
524  0.1801966928068841  1.0105437322831015
525  0.18014061177126384  1.0105404508498157
526  0.180126755480859  1.010539640085677
527  0.18005720986019147  1.010535570807854
528  0.18000845922879782  1.0105327182937593
529  0.17998123343219952  1.0105311252483709
530  0.1799744329728752  1.0105307273375024
531  0.1799408854897967  1.0105287643953702
532  0.17990620786054712  1.0105267353257281
533  0.17986554958143863  1.0105243563141972
534  0.17983672694987973  1.0105226698342396
535  0.17981845705225408  1.010521600819562
536  0.17979543036248868  1.0105202534737898
537  0.17974983208906126  1.0105175854115735
538  0.17958584378080422  1.0105079900699894
539  0.17923134718367228  1.0104872476403854
540  0.17890603618037249  1.0104682129285152
541  0.17883267125457492  1.010463920174167
542  0.17876812690283383  1.010460143532351
543  0.1785958988474402  1.0104500660637836
544  0.17870908297277244  1.0104566887331434
545  0.17849922035104504  1.0104444091775908
546  0.17847855248010813  1.0104431998518555
547  0.17846317104257792  1.0104422998477716
548  0.17844260645322085  1.0104410965652844
549  0.17843780191263903  1.0104408154403157
550  0.1784155277886803  1.0104395121289385
551  0.17838988906030906  1.0104380119466443
552  0.1783451890125054  1.0104353964417214
553  0.1782954542932791  1.0104324863463336
554  0.17820150403100687  1.0104269890955355
555  0.17815286622882065  1.0104241431833432
556  0.17813836646619663  1.0104232947681313
557  0.17812405164088452  1.0104224571740368
558  0.1780978439691019  1.0104209237015256
559  0.17806820347217966  1.010419189366342
560  0.17801560515904113  1.0104161117153394
561  0.17794513009777269  1.0104119880537612
562  0.17782395883533975  1.0104048980382254
563  0.177790133964139  1.010402918865462
564  0.1777486385423177  1.0104004908707422
565  0.17769346474582792  1.0103972625221518
566  0.17767535654689615  1.0103962029688454
567  0.17766019761949292  1.0103953159843522
568  0.17764641566299122  1.010394509569665
569  0.17763906292232623  1.0103940793435164
570  0.17762027882410425  1.0103929802417528
571  0.1776006890696118  1.0103918339991462
572  0.17758036226850715  1.0103906446302091
573  0.17756046163817973  1.0103894801975264
574  0.17754110330105455  1.010388347495694
575  0.17752128641722675  1.010387187963216
576  0.17750115019574697  1.0103860097455408
577  0.1774811038573424  1.0103848367871358
578  0.17746136741171004  1.0103836819612855
579  0.17744125972434643  1.0103825054132087
580  0.17742091335626042  1.0103813148993612
581  0.17740059306618172  1.0103801259113994
582  0.1773805585551249  1.0103789536450403
583  0.17736013084961366  1.0103777583719489
584  0.17733939752705274  1.0103765452164852
585  0.17731874933222302  1.0103753370420452
586  0.17729851181532275  1.010374152897337
587  0.17727774745331448  1.010372937925682
588  0.1772563843324635  1.010371687919239
589  0.1772354010492716  1.0103704601379913
590  0.17721527971194606  1.0103692827912227
591  0.17719424848875032  1.0103680522048923
592  0.17717164280359732  1.0103667294930898
593  0.1771505655348221  1.0103654962125244
594  0.17713133585464413  1.0103643710387127
595  0.17711072345277856  1.0103631649586031
596  0.17708742891907014  1.0103618019406517
597  0.17706703862461448  1.0103606088565693
598  0.1770479699876858  1.0103594931057769
599  0.1770285562212408  1.010358357160645
600  0.17700904448763954  1.010357215483224
601  0.17698947864085546  1.0103560706395138
602  0.17696998954292864  1.0103549302865595
603  0.17695035923375846  1.0103537816710033
604  0.1769307563054474  1.010352634657566
605  0.17691102544927373  1.010351480158768
606  0.17689133611386165  1.0103503280894477
607  0.17687150199626012  1.0103491675485807
608  0.1768517010890105  1.0103480089509298
609  0.1768317501214075  1.0103468415728947
610  0.1768118324009399  1.0103456761402276
611  0.1767917547270823  1.0103445013483114
612  0.17677170537211595  1.0103433282134002
613  0.17675148930350748  1.0103421453236818
614  0.17673129878072347  1.0103409639287095
615  0.17671093360784018  1.0103397723145493
616  0.17669058908362123  1.0103385819085908
617  0.1766700637016151  1.010337380920218
618  0.17664955527277104  1.0103361809238147
619  0.17662885920853388  1.0103349699484232
620  0.17660817491570147  1.0103337596618043
621  0.17658729767963588  1.0103325380856227
622  0.17656642837294956  1.0103313169734083
623  0.1765453600682384  1.010330084217351
624  0.17652429411810033  1.0103288515990654
625  0.1765030249120486  1.0103276070877985
626  0.17648175482635797  1.0103263625250616
627  0.17646027548804155  1.0103251057184615
628  0.17643878857107098  1.0103238484684167
629  0.1764170898822841  1.0103225788271049
630  0.17639538290330026  1.010321308700714
631  0.17637345624730272  1.010320025720504
632  0.17635150970594182  1.0103187415767554
633  0.17632934650592913  1.0103174447557992
634  0.17630717423500686  1.0103161474040827
635  0.17628476596824072  1.0103148362436944
636  0.1762623099858429  1.0103135222913524
637  0.1762396502393032  1.0103121964162909
638  0.176217023535309  1.0103108724746266
639  0.17619409864029534  1.0103095310851047
640  0.17617097524172476  1.0103081780806726
641  0.17614780198242896  1.0103068221587723
642  0.17612506439820375  1.0103054917292449
643  0.17610157572814644  1.0103041173519192
644  0.17607645740583355  1.0103026476198074
645  0.17605315051687964  1.0103012838789214
646  0.1760332288033557  1.0103001182126112
647  0.17601033259310828  1.0102987785015023
648  0.17597509800439282  1.0102967168428518
649  0.17596180003706252  1.010295938747509
650  0.17591318156651636  1.0102930939664565
651  0.1758695876245493  1.0102905431823876
652  0.17583271990799532  1.0102883859655865
653  0.17582688186557205  1.0102880443679945
654  0.17581251552355037  1.0102872037595358
655  0.17579230374781996  1.0102860211210039
656  0.17577218482658596  1.0102848439156067
657  0.17575192477177337  1.010283658452152
658  0.1757316895179697  1.0102824744398626
659  0.1757113323126206  1.0102812832919015
660  0.17569101716476054  1.010280094604823
661  0.17567056283166604  1.0102788977736892
662  0.17565014409732982  1.0102777030255221
663  0.1756295798511881  1.0102764997631173
664  0.17560905162915708  1.0102752986085681
665  0.1755883679544673  1.0102740883581183
666  0.17556771707130603  1.0102728800263776
667  0.17554690280041807  1.0102716621344368
668  0.1755261189410977  1.0102704460219485
669  0.17550516333890032  1.0102692198603804
670  0.17548423447782258  1.0102679952634983
671  0.17546312650581697  1.0102667601864146
672  0.17544204176259437  1.0102655264685014
673  0.17542077066408757  1.0102642818465022
674  0.17539951858459735  1.0102630383373508
675  0.17537807368529168  1.010261783545858
676  0.17535664378385585  1.0102605296319263
677  0.17533501476369806  1.0102592640670895
678  0.175313396222743  1.010257999115416
679  0.1752915729876633  1.0102567221866074
680  0.17526975612333462  1.0102554456305666
681  0.1752477289773301  1.0102541567704502
682  0.17522570349512046  1.0102528680076865
683  0.1752034629942293  1.0102515666636742
684  0.17518122038712347  1.0102502651964222
685  0.17515875749088916  1.0102489508395351
686  0.17513628731218522  1.010247636056534
687  0.17511359320180975  1.010246308170764
688  0.17509088941408746  1.0102449797187494
689  0.1750679556293675  1.0102436378090696
690  0.17504500447213023  1.0102422948828833
691  0.17502182284502843  1.0102409384713629
692  0.17499862810951827  1.0102395812928386
693  0.17497519031661712  1.010238209892455
694  0.17495171546930854  1.010236836323931
695  0.17492801517819923  1.0102354495641597
696  0.17490432729573502  1.0102340635304474
697  0.17488035196691842  1.0102326606775731
698  0.17485623296152097  1.010231249417844
699  0.17483199469696864  1.0102298311799816
700  0.17480807013173716  1.010228431297404
701  0.17478350435392587  1.0102269938959705
702  0.17475767313348134  1.0102254824505124
703  0.17473315709123183  1.0102240479592235
704  0.17471185064624628  1.0102228012690189
705  0.17468739021536184  1.0102213700316816
706  0.17464867650241356  1.01021910480129
707  0.1746303492542184  1.0102180324308963
708  0.17457324413712771  1.0102146910761953
709  0.17452487505857284  1.0102118608876545
710  0.17449354898933545  1.0102100279256707
711  0.17447394698165375  1.0102088809661012
712  0.17445054300896035  1.0102075115446172
713  0.17440987515061945  1.010205131972583
714  0.17436604910126663  1.0102025676073652
715  0.1742814103064252  1.0101976151924252
716  0.17422501860227357  1.0101943155811934
717  0.1742123450401587  1.0101935740212682
718  0.17414325133195407  1.0101895311859066
719  0.17409085985962802  1.0101864656376462
720  0.17407171716938064  1.0101853455538201
721  0.17405856046781842  1.0101845757242698
722  0.17402626461925796  1.010182686018217
723  0.17399347637210405  1.0101807675007646
724  0.1739595763508216  1.0101787839307932
725  0.17392695208243203  1.010176875008124
726  0.17390300173623807  1.0101754736170416
727  0.17387034581009608  1.0101735628420028
728  0.17383845110248997  1.0101716966076508
729  0.17380496043219928  1.0101697369897686
730  0.17376191652080786  1.0101672183892823
732  0.17376190965061444  1.0101672179872911
734  0.1737619066774484  1.010167217813324
735  0.1737581106445626  1.0101669956985126
736  0.17373951210513616  1.0101659074542306
737  0.1737340307843691  1.0101655867292616
739  0.1737340279014089  1.0101655865605728
741  0.173734026645591  1.0101655864870918
742  0.17373390221438723  1.0101655792063295
744  0.17373390190277682  1.0101655791880966
746  0.17373390176703318  1.0101655791801538
748  0.1737339017078955  1.0101655791766935
749  0.17373389944120587  1.0101655790440642
751  0.1737338994264176  1.0101655790431987
752  0.17373389923716365  1.0101655790321251
754  0.1737338992334767  1.0101655790319093
756  0.1737338992318621  1.010165579031815
757  0.17373389923028126  1.0101655790317225
759  0.17373389922985416  1.0101655790316975
760  0.17373389922944948  1.010165579031674
761  0.17373356677551488  1.0101655595790122
763  0.17373356677545082  1.0101655595790084
764  0.1737335667753157  1.0101655595790004
766  0.1737335667753973  1.0101655595790053
767  0.1737335667752734  1.010165559578998
768  0.17373356677536866  1.0101655595790036
769  0.17373356677527352  1.010165559578998
770  0.1737335667752734  1.010165559578998
778  0.17373359040379377  1.0101655609615583
780  0.17373348039548664  1.0101655545247137
