0  0.9973476548374071  1.0583571568489007
1  0.995785449670794  1.0582657485506046
2  0.9881171129090829  1.0578170561322662
3  0.9585373022991073  1.056086271847614
4  0.932448849528717  1.054559775121139
5  0.8839798292135547  1.0517237387529526
6  0.795534005738654  1.0465485656143576
7  0.7379908839996764  1.0431815822313724
8  0.7586678877090443  1.0443914423466296
9  0.6923955109326101  1.0405136897219218
10  0.6919142155564675  1.040485527997552
11  0.6367820165309162  1.0372596133725427
12  0.5963646651814037  1.0348946990914687
13  0.5800367823516928  1.0339393162671524
14  0.5702208242997975  1.0333649614763447
15  0.5468805140347703  1.031999265030946
16  0.5229154164719413  1.0305970108113767
17  0.5013232158431942  1.0293336003720046
18  0.4782783117717888  1.0279851888377316
19  0.45507707005960896  1.0266276296204218
20  0.43531407016651935  1.0254712500180114
21  0.42609087271072266  1.0249315790437372
22  0.4222204408314676  1.0247051109719918
23  0.41069769491553365  1.024030888009232
24  0.39960554568342066  1.0233818602711204
25  0.3904655343950292  1.0228470567151384
26  0.38063073148671955  1.0222715992674625
27  0.37003176094866086  1.021651428574599
28  0.36212800799928135  1.0211889614014675
29  0.35665944680496686  1.0208689830250144
30  0.35039367644377284  1.0205023580653285
31  0.3414208413275238  1.0199773363803437
32  0.33971431222013626  1.0198774833488518
33  0.3304688808466083  1.0193365114157613
34  0.3317637648690547  1.0194122781252257
35  0.3262792937897665  1.0190913688239855
36  0.32223174819005584  1.01885453741192
37  0.3183919063905818  1.0186298592376846
38  0.3145025771655898  1.0184022854377974
39  0.3106806239076333  1.0181786539641964
40  0.3068359656195968  1.017953693965888
41  0.3030773448200146  1.0177337682233718
42  0.29925882266439996  1.017510337511638
43  0.29547363004872806  1.017288856989671
44  0.29165974418850416  1.0170656975584842
45  0.28794097767556714  1.0168481037840094
46  0.28413253455006626  1.0166252628200316
47  0.28029610301390384  1.0164007841883227
48  0.27650788327793563  1.0161791265424278
49  0.273036690960076  1.0159760189163523
50  0.26926337298819436  1.0157552332077202
51  0.26447717130497284  1.0154751812910354
52  0.2618442964091924  1.0153211255888825
53  0.26114595910018434  1.0152802642305812
54  0.25790725784066126  1.0150907602031018
55  0.2546521607928095  1.0149002968194878
56  0.25165209720629356  1.0147247560434847
57  0.24845851667592234  1.014537892135983
58  0.24461725906318976  1.0143131311191842
59  0.2425165639700575  1.0141902145088657
60  0.2419525751603535  1.01415721419722
61  0.23948860022146234  1.014013041228764
62  0.23692692661620474  1.0138631516815708
63  0.23416728518118257  1.0137016785710768
64  0.23215840780861818  1.0135841344315262
65  0.23149802110345963  1.0135454936523083
66  0.2309450999123619  1.013513140933056
67  0.2298317953078548  1.0134479988623741
68  0.22871396204134375  1.0133825918090278
69  0.2277170893492605  1.0133242624433667
70  0.22666736536429455  1.0132628406242634
71  0.22554647702898745  1.0131972548116568
72  0.22467615411075503  1.0131463301708838
73  0.22417638735803302  1.0131170876428293
74  0.22406168958056705  1.0131103764061233
75  0.22349857186211552  1.0130774270640754
76  0.22294292233185142  1.0130449147032816
77  0.22245305180717  1.0130162512268042
78  0.2219391509799108  1.0129861816808081
79  0.22141124862606298  1.0129552928725625
80  0.22095106163840805  1.0129283662496462
81  0.22065911899303192  1.0129112839988739
82  0.2202635660559984  1.0128881392662659
83  0.21965938286685527  1.0128527870869497
84  0.2194470131801436  1.0128403608371288
85  0.21880883305450138  1.012803019417104
86  0.21954589469569308  1.0128461466271532
87  0.2186036194678629  1.012791011887528
88  0.21840967607665218  1.012779663803592
89  0.21821752877409373  1.0127684208130268
90  0.2180393953109343  1.0127579978051626
91  0.21785719508067936  1.0127473368411914
92  0.21767944996374933  1.0127369365563785
93  0.21750347559270367  1.0127266398820718
94  0.2173439808499834  1.012717307469575
95  0.21717177544589616  1.0127072313263887
96  0.2169569707212856  1.0126946625967737
97  0.21683564606135408  1.0126875636055896
98  0.21680637288792637  1.0126858507633676
99  0.21666106201357938  1.012677348282367
100  0.2165124878116963  1.0126686548563977
101  0.2163620625009689  1.0126598531176967
102  0.21621704147769782  1.0126513675965643
103  0.21609862539064917  1.0126444387928197
104  0.2159542369010815  1.012635990282722
105  0.21566714643693652  1.012619191944485
106  0.2146111980358557  1.0125574059201559
107  0.21198415794701841  1.0124036916262795
108  0.22590174210651992  1.0132180422068564
109  0.21150056904708747  1.012375395702439
110  0.21122708155102943  1.0123593933058563
111  0.21105104900666816  1.012349093227692
112  0.21097234884870364  1.0123444882963624
113  0.2109368828265773  1.0123424130959986
114  0.2108294597109157  1.0123361275168634
115  0.21071719913194153  1.012329558886373
116  0.2105926038451793  1.012322268523121
117  0.2104903251283905  1.0123162839548623
118  0.21041534925881988  1.0123118969404055
119  0.21032435088673485  1.0123065724116447
120  0.21015946865610635  1.01229692476456
121  0.20988130189423637  1.0122806485731297
122  0.20946613064759112  1.012256355927088
123  0.20942224985016888  1.0122537883584317
124  0.20936893461469497  1.0122506687586175
125  0.20927219048855872  1.0122450080322742
126  0.20918145144198452  1.0122396986772588
127  0.2090821720515913  1.0122338896066414
128  0.20893683792601903  1.012225385765157
129  0.20890023099777  1.012223243807693
130  0.2087186713103517  1.0122126203233897
131  0.2085645338555563  1.0122036013784088
132  0.20842654302149644  1.0121955272101808
133  0.2083998310651234  1.0121939642307922
134  0.20834943942743556  1.01219101569756
135  0.20827244023203395  1.0121865102935501
136  0.20819687445177015  1.012182088762031
137  0.20811937160030725  1.0121775538879207
138  0.20803955972631882  1.012172883907472
139  0.20796137603866294  1.0121683091960345
140  0.20788708416754254  1.0121639622039353
141  0.20780873295196878  1.0121593776900457
142  0.20772200855335077  1.012154303241524
143  0.20764472038734982  1.0121497809291646
144  0.2075754764722536  1.0121457293048446
145  0.20750172486388307  1.0121414139247895
146  0.20742115642929504  1.0121366996762007
147  0.20734684795787395  1.012132351712779
148  0.20727706767747855  1.0121282687044637
149  0.2072049665195721  1.012124049896147
150  0.2071311575681155  1.0121197311608132
151  0.2070581128271728  1.0121154571412339
152  0.20698646353539496  1.0121112647726669
153  0.2069134893690182  1.0121069948825714
154  0.20683984956841717  1.012102686044652
155  0.20676619955176323  1.0120983766089673
156  0.20669341064151658  1.0120941175586438
157  0.20661947564961058  1.0120897914483868
158  0.20654502039842826  1.0120854348965362
159  0.20647042658474168  1.0120810702370673
160  0.2063966932721666  1.0120767559275425
161  0.20632168613093738  1.0120723670833072
162  0.20624587626607438  1.0120679312698242
163  0.20617016518229536  1.0120635012362549
164  0.20609581902546315  1.0120591510677712
165  0.2060196609715973  1.0120546948809308
166  0.20594152444418667  1.0120501229289502
167  0.205864682864484  1.0120456267474058
168  0.20579118493651594  1.0120413262107877
169  0.20571413652983594  1.0120368179273103
170  0.20563037515809945  1.0120319168524599
171  0.2055537671186618  1.0120274343359055
172  0.20548507570228336  1.0120234150395846
173  0.20541098157150184  1.0120190796177375
174  0.20532609631599252  1.0120141127818045
175  0.20525344515314914  1.0120098617914055
176  0.2051846385263293  1.0120058357538506
177  0.20511575028088525  1.012001804940598
178  0.20504704189787448  1.0119977846515196
179  0.20497823171345708  1.0119937584058014
180  0.2049096161415438  1.0119897435473184
181  0.20484087868355705  1.011985721556995
182  0.20477235174125707  1.0119817118844392
183  0.20470367975339054  1.011977693724926
184  0.20463523445464493  1.0119736888295268
185  0.2045666177623462  1.0119696739054873
186  0.20449824384215143  1.011965673186615
187  0.2044296688568764  1.0119616607029516
188  0.20436135212671758  1.0119576633304026
189  0.2042928013347749  1.011953652262348
190  0.20422452304969707  1.0119496571393112
191  0.20415597456033985  1.0119456462059864
192  0.20408771086967392  1.0119416519369029
193  0.20401913809444427  1.0119376395825546
194  0.2039508596827998  1.0119336444521119
195  0.20388223123093752  1.011929628839993
196  0.20381390327022653  1.011925630810318
197  0.20374518313934487  1.0119216098338437
198  0.2036767656560834  1.0119176065659938
199  0.20360791376528065  1.011913577879937
200  0.20353936246560522  1.0119095667821738
201  0.20347033551817262  1.011905527853142
202  0.20340160301030374  1.011901506152461
203  0.2033323555989368  1.011897454323566
204  0.20326339284368888  1.0118934191505695
205  0.20319387865131933  1.0118893517116905
206  0.20312463641036915  1.0118853001853283
207  0.203054809343577  1.011881214439431
208  0.20298523941898516  1.0118771437395284
209  0.20291505454649572  1.011873037057578
210  0.2028451106955672  1.0118689444783662
211  0.20277452493016446  1.0118648143392286
212  0.20270416344002462  1.0118606973229642
213  0.20263313596488886  1.0118565413383513
214  0.20256231593697582  1.0118523974919635
215  0.2024908084165543  1.0118482134187723
216  0.20241949183608043  1.0118440405179263
217  0.20234746846586715  1.0118398262611503
218  0.20227562012897182  1.0118356222459854
219  0.20220304757638174  1.0118313758552573
220  0.2021306349333304  1.011827138821212
221  0.20205748221218423  1.011822858483457
222  0.20198447516831897  1.0118185866696223
223  0.20191071347817524  1.0118142706996591
224  0.20183708418041169  1.0118099624762855
225  0.2017626867320138  1.0118056093066117
226  0.20168840935716414  1.0118012631627233
227  0.20161335119754897  1.0117968713332823
228  0.20153840175341076  1.0117924858650396
229  0.20146265959854426  1.0117880540134279
230  0.2013870157380705  1.0117836279132522
231  0.20131056781762957  1.0117791547656367
232  0.2012342086813933  1.011774686812994
233  0.20115703459574585  1.0117701711757445
234  0.20107994063483947  1.0117656602267824
235  0.20100202123166733  1.0117611009792515
236  0.20092417419290176  1.0117565459659326
237  0.20084549143046404  1.011751942052456
238  0.20076687373513502  1.011747341946209
239  0.200687410685639  1.0117426923763018
240  0.20060800769421383  1.0117380463205332
241  0.2005277478973424  1.0117333501310632
242  0.2004475358207427  1.0117286567338184
243  0.20036646628065935  1.0117239131643685
244  0.2002854775135977  1.0117191743211384
245  0.20020357041357595  1.0117143817440866
246  0.2001215100677094  1.0117095802002605
247  0.20003883884580476  1.0117047429126405
248  0.19995747828152355  1.0116999823146802
249  0.19987349114541386  1.0116950680298253
250  0.19978014608952777  1.0116896061910763
251  0.19970180503876478  1.0116850222719536
252  0.1996511154977726  1.0116820563076983
253  0.19958197785063003  1.011678010901366
254  0.19946160961297565  1.0116709678726985
255  0.1993299325064738  1.0116632631355185
256  0.1990801276270967  1.0116486464645345
257  0.19893360082818645  1.0116400728369284
258  0.19886307187240093  1.0116359460218554
259  0.19883643941420837  1.011634387694092
260  0.1987396645184618  1.0116287251673466
261  0.19864125614678352  1.0116229670620824
262  0.19853808847275722  1.0116169304788454
263  0.19844216214539045  1.0116113176038315
264  0.19839594370921343  1.011608613254434
265  0.19837852945322  1.0116075943053608
266  0.19831518478047327  1.0116038878595843
267  0.19825433643185375  1.0116003274796035
268  0.19819035729368173  1.0115965839097627
269  0.1981180568149591  1.0115923534387161
270  0.1980573309773176  1.0115888002271407
271  0.19800587869018793  1.011585789632815
272  0.19794998862546997  1.011582519373686
273  0.19788560992029147  1.0115787524242401
274  0.19783097436779462  1.0115755555695713
275  0.1977786334295426  1.0115724929781789
276  0.19772676476583062  1.0115694580206804
277  0.19767504866351804  1.011566431989908
278  0.19762352253107252  1.0115634170747192
279  0.19757214206826645  1.0115604106830038
280  0.19752095352104748  1.0115574155207205
281  0.19746990532352215  1.0115544285706282
282  0.19741905150884742  1.0115514529943335
283  0.1973683320015993  1.011548485276682
284  0.19731780979849534  1.0115455291037603
285  0.1972674150409116  1.0115425803879756
286  0.1972172210300679  1.0115396434183548
287  0.19716714666758228  1.0115367134496407
288  0.19711727708490878  1.0115337954630752
289  0.19706751828331714  1.011530883958571
290  0.1970179689537478  1.0115279847107679
291  0.19696852031135248  1.0115250913544078
292  0.19691928655655055  1.0115222105716262
293  0.19687014198809283  1.0115193350073475
294  0.19682121850005996  1.0115164723790042
295  0.19677237108524326  1.011513614201884
296  0.1967237517559547  1.0115107693705843
297  0.19667519354430896  1.0115079281154216
298  0.1966268712396647  1.0115051006637323
299  0.19657859300296754  1.0115022757905623
300  0.19653055926799268  1.011499465223763
301  0.19648255019205574  1.0114966560998222
302  0.19643479487433557  1.0114938618238714
303  0.19638704218464187  1.0114910677016924
304  0.1963395529659533  1.0114882889958217
305  0.196292041487916  1.0114855089875041
306  0.19624480332233274  1.011482744971341
307  0.19619751498855653  1.011479978019719
308  0.1961505094621563  1.0114772276158217
309  0.19610342279774973  1.0114744724643487
310  0.1960566274537634  1.0114717343587187
311  0.1960097170968642  1.0114689895234126
312  0.19596310481174406  1.0114662621289874
313  0.1959163411567807  1.0114635258775566
314  0.19586987970173309  1.0114608073085536
315  0.19582322877809955  1.011458077653298
316  0.19577688073880684  1.0114553657205176
317  0.1957303044402925  1.0114526404317534
318  0.19568402766110027  1.011449932668569
319  0.19563748440106044  1.0114472093129636
320  0.19559123303181825  1.011444503036575
321  0.19554467880629645  1.0114417790393535
322  0.19549840485514625  1.0114390714416446
323  0.19545179457325712  1.011436344164433
324  0.19540544967506246  1.0114336324154454
325  0.1953587385222484  1.011430899236039
326  0.19531227554716468  1.0114281805780951
327  0.19526542014433745  1.011425438958281
328  0.19521879436955547  1.011422710774544
329  0.1951717535848989  1.0114199583076031
330  0.19512492335643417  1.0114172181608003
331  0.19507765875142224  1.011414452597604
332  0.19503058571882204  1.01141169824376
333  0.19498306169434487  1.0114089175013208
334  0.19493571075388227  1.0114061468864342
335  0.1948878944894965  1.0114033490443508
336  0.19484023356000824  1.0114005602912772
337  0.19479209483057336  1.0113977435810053
338  0.19474409455100838  1.0113949349717608
339  0.19469560548314035  1.0113920977623632
340  0.19464723888883617  1.0113892677191818
341  0.19459837369803323  1.0113864085019464
342  0.19454961590591147  1.0113835555688608
343  0.19450035063849647  1.0113806729422021
344  0.19445117855979333  1.0113777957682342
345  0.19440149085231573  1.011374888423614
346  0.19435188293123018  1.0113719857474834
347  0.19430175179345233  1.0113690524567136
348  0.19425168779389668  1.011366123094359
349  0.19420109341478886  1.0113631626982493
350  0.19415055418628102  1.0113602055291309
351  0.1940994777703362  1.0113572169279126
352  0.1940484452214324  1.0113542308934578
353  0.1939968688192546  1.0113512130368687
354  0.19394532521868657  1.011348197099579
355  0.19389323170075545  1.0113451489853313
356  0.19384116192127387  1.0113421022600761
357  0.1937885343804494  1.0113390228988928
358  0.19373591487955866  1.011335944008145
359  0.19368273902624078  1.0113328325639084
360  0.19362959190046503  1.0113297228005877
361  0.19357584248245807  1.0113265777957323
362  0.1935219469509475  1.011323424241432
363  0.19346766647482228  1.011320248163117
364  0.19341419233927304  1.0113171192656851
365  0.19335904246234425  1.0113138923166844
366  0.19329836946596257  1.0113103421969754
367  0.19324603551395436  1.0113072800143643
368  0.19321055647195873  1.0113052040521773
369  0.19316295333003008  1.01130241868039
370  0.19307544416803024  1.0112972983135171
371  0.19289921643032548  1.0112869868141314
372  0.19269450351117867  1.0112750085797877
373  0.19330987240208708  1.0113110152608205
374  0.19265311663598172  1.011272586936386
375  0.1926117960339807  1.011270169170785
376  0.19257012908411908  1.0112677311395564
377  0.19252864783186896  1.0112653039739314
378  0.19248669033631316  1.0112628489421909
379  0.19244469755872573  1.0112603918460157
380  0.1924024107772272  1.0112579175469798
381  0.1923604388098149  1.0112554616684568
382  0.19231781501014034  1.0112529676496953
383  0.19227476959542977  1.011250448961246
384  0.1922318004146768  1.0112479347334253
385  0.19218995596271926  1.0112454863161313
386  0.19214660857312438  1.0112429499584217
387  0.19210039150242453  1.0112402456889216
388  0.1920572909821665  1.0112377237761174
389  0.19201952461940863  1.0112355139774134
390  0.19197724237052316  1.0112330399435916
391  0.19191963868687734  1.011229669416589
392  0.19188928671469319  1.0112278934513148
393  0.19188028157878623  1.0112273665396345
394  0.19184098021841045  1.01122506692461
395  0.19180138156380833  1.011222749914201
396  0.19176197471283385  1.0112204441266732
397  0.1917221390382554  1.011218113247668
398  0.1916823101497197  1.0112157827657302
399  0.1916421846699986  1.0112134349295445
400  0.19160228423081316  1.01121110026101
401  0.19156187348780207  1.0112087357333983
402  0.1915213208778922  1.0112063629048207
403  0.19148057713228372  1.011203978892444
404  0.19144029135147322  1.0112016216766644
405  0.19139922351843486  1.01119921870117
406  0.19135739298260634  1.0111967710981415
407  0.1913160075722785  1.011194349540453
408  0.19127635082520966  1.011192029130917
409  0.19123467339755484  1.011189590486608
410  0.19118840426637818  1.011186883170927
411  0.1911477253761289  1.01118450295339
412  0.1911122447382957  1.0111824268978267
413  0.19107373991939747  1.0111801738903172
414  0.19102917877628967  1.0111775665130351
415  0.19099156531075379  1.011175365660707
416  0.19095536856802153  1.0111732477041624
417  0.190919501091262  1.0111711490137438
418  0.1908836155336232  1.0111690492653707
419  0.19084781411041063  1.0111669544399005
420  0.19081199991857045  1.0111648588673081
421  0.190776275646241  1.0111627685561178
422  0.1907405304974067  1.011160677023394
423  0.19070487993201202  1.0111585910249696
424  0.19066919953048223  1.0111565032807628
425  0.19063361880572316  1.0111544213688783
426  0.1905979981837227  1.0111523371225124
427  0.19056248270002552  1.011150259028036
428  0.190526916038826  1.0111481779390434
429  0.19049146027178032  1.0111461033387286
430  0.19045594071394323  1.0111440250058645
431  0.19042053798634417  1.0111419535090127
432  0.19038505742419676  1.0111398774578781
433  0.19034969964623483  1.011137808591135
434  0.19031424849333722  1.011135734260805
435  0.19027892587937134  1.01113366745159
436  0.19024349283757025  1.0111315941809826
437  0.19020819361685415  1.0111295287405617
438  0.19017276545918838  1.0111274557557368
439  0.1901374756094173  1.011125390863632
440  0.19010203700738482  1.0111233172676823
441  0.19006674005220447  1.0111212519598234
442  0.19003127348245663  1.011119176727417
443  0.1899959504031027  1.011117109890971
444  0.1899604361698718  1.0111150318696625
445  0.18992506548067056  1.0111129622474524
446  0.1898894818821505  1.0111108801674173
447  0.1898540399029871  1.011108806373864
448  0.18981836355004467  1.0111067188665497
449  0.18978282487355358  1.011104639415008
450  0.1897470311397904  1.011102545039466
451  0.18971136924450738  1.0111004583781031
452  0.18967543279649912  1.0110983556520148
453  0.1896396207177471  1.0110962602030642
454  0.18960351605575554  1.0110941476343798
455  0.1895675270142827  1.0110920418309242
456  0.18953122895596097  1.0110899179461659
457  0.18949503686692304  1.0110878002619197
458  0.18945852092800197  1.0110856636284553
459  0.18942210075547594  1.0110835325985077
460  0.18938534341064472  1.0110813818398157
461  0.18934867137232103  1.011079236072608
462  0.1893116502038782  1.0110770698769758
463  0.18927470385343703  1.0110749080591208
464  0.18923739760883307  1.0110727251830123
465  0.18920015583040706  1.0110705460789713
466  0.18916254441359492  1.011068345346519
467  0.18912498735967742  1.0110661477949676
468  0.1890870517789438  1.0110639280949218
469  0.18904916077627631  1.0110617110032436
470  0.18901088306657865  1.0110594712844276
471  0.18897264050720797  1.01105723362234
472  0.1889340036400411  1.0110549728883758
473  0.18889539286900314  1.0110527136813574
474  0.18885638065857835  1.0110504309851764
475  0.1888173858646205  1.0110481493080739
476  0.1887779828758892  1.0110458437465353
477  0.18873858898989515  1.011043538717619
478  0.18869878045159372  1.0110412094264214
479  0.18865897305220103  1.0110388802018637
480  0.18861874477671037  1.0110365263508558
481  0.1885785100099855  1.0110341721200304
482  0.18853784832010212  1.0110317929089272
483  0.18849717281376743  1.0110294128893909
484  0.18845606447857555  1.01102700754402
485  0.18841493531448594  1.0110246009799015
486  0.18837336748539646  1.0110221687484622
487  0.1883317719981189  1.0110197348986771
488  0.18828973218061273  1.0110172750500857
489  0.18824765848018732  1.0110148132189245
490  0.18820513438171194  1.0110123250339145
491  0.1881625688469688  1.0110098344243712
492  0.18811954884086557  1.0110073172226395
493  0.18807648736397387  1.0110047975943546
494  0.18803295792653418  1.0110022505845973
495  0.18798935076876655  1.0109996990272407
496  0.1879453098529703  1.010997122089682
497  0.1879013473164165  1.010994549738277
498  0.1878567306802853  1.0109919391139675
499  0.1878112623766085  1.010989278656587
500  0.18776641287383666  1.0109866544067028
501  0.18772581523772336  1.010984278943536
502  0.1876797044262809  1.010981580891515
503  0.18760080682383784  1.0109769644072446
504  0.1875276804373629  1.010972685610393
505  0.18737587206517403  1.010963802945513
506  0.18727938816138767  1.0109581574453914
507  0.1872628630240062  1.0109571905207395
508  0.18722614297150886  1.0109550419441093
509  0.18717291560588878  1.0109519274857668
510  0.18711889862355657  1.0109487668250934
511  0.18706317531854688  1.010945506323467
512  0.1870094380562628  1.0109423620298712
513  0.18697083717925056  1.0109401034017758
514  0.1869173005175253  1.0109369708457905
515  0.18688041426474966  1.0109348125443915
516  0.18682806819281017  1.0109317496526147
517  0.18681779285259048  1.0109311484182928
518  0.18675523598144195  1.0109274880686405
519  0.1866916294516442  1.0109237663009922
520  0.18662394347699884  1.0109198058354316
521  0.1865627363012785  1.0109162244596333
522  0.18654580885267202  1.010915233994805
523  0.18652691941914223  1.010914128729625
524  0.186491144883851  1.0109120354774306
525  0.1864561220052181  1.0109099862064348
526  0.18642007191148702  1.010907876830668
527  0.18638249511230154  1.0109056781237744
528  0.18634626690005607  1.0109035583258743
529  0.18631284950490934  1.0109016029954931
530  0.18627672260742867  1.0108994891257583
531  0.18623325581422123  1.0108969457814625
532  0.18620012235994177  1.0108950070651292
533  0.18616677519232294  1.010893055843926
534  0.18613358968045324  1.0108911140815806
535  0.18610007263631823  1.0108891529205029
536  0.1860665923753625  1.0108871939116952
537  0.18603285076278142  1.0108852196105897
538  0.18599924146129576  1.0108832530513174
539  0.18596527986477884  1.010881265878434
540  0.18593133334295608  1.010879279587607
541  0.18589711110795515  1.010877277164153
542  0.18586302551341094  1.0108752827358536
543  0.18582854423667006  1.0108732651552583
544  0.18579401105381033  1.010871244537514
545  0.1857592334260444  1.0108692096167233
546  0.185724675114053  1.0108671875286144
547  0.18568960633959097  1.0108651355721459
548  0.18565425449442619  1.0108630670525447
549  0.18561886561272423  1.0108609963658486
550  0.18558413671545126  1.0108589642963937
551  0.18554843365906282  1.0108568752265978
552  0.18551126194841483  1.0108547002223873
553  0.18547540583504019  1.0108526021968673
554  0.18544250592302214  1.010850677145641
555  0.18540668993635323  1.010848581468029
556  0.18536216463930721  1.0108459761881843
557  0.18533098026925598  1.010844151517353
558  0.18529681967800482  1.01084215270082
559  0.18525510220016306  1.01083971171308
560  0.18522368574624026  1.0108378734624759
561  0.18519065918567845  1.0108359410007455
562  0.18515539039884754  1.0108338773410828
563  0.18512206894255057  1.0108319276243094
564  0.18509083261008819  1.010830099913035
565  0.1850581585451443  1.0108281880766523
566  0.18502373923626048  1.0108261741219422
567  0.18499068390056983  1.0108242399765113
568  0.1849592998612799  1.0108224036225635
569  0.18492665149099174  1.0108204932896354
570  0.18489255728689968  1.0108184983575712
571  0.18485953290119705  1.0108165660230968
572  0.184828030177276  1.010814722724632
573  0.18479527660316808  1.0108128062359811
574  0.18476101017351643  1.0108108012265944
575  0.18472791327878035  1.010808864649446
576  0.18469651267144138  1.0108070273260625
577  0.18466370820464872  1.010805107859561
578  0.18462898571982644  1.0108030761653135
579  0.18459589977157798  1.01080114022867
580  0.18456489526519992  1.0107993260820853
581  0.1845322984671809  1.010797418766772
582  0.18449738220842737  1.0107953757343562
583  0.1844645510022619  1.0107934547032709
584  0.18443394029255922  1.010791663598656
585  0.18440181471433692  1.010789783855521
586  0.18436773160060793  1.0107877895723802
587  0.1843352626938921  1.0107858897402877
588  0.18430461184825808  1.010784096287225
589  0.1842726631814453  1.0107822268955928
590  0.18423922386310043  1.0107802702824338
591  0.18420690058479794  1.0107783789714022
592  0.18417608268364594  1.0107765757435283
593  0.18414406574031594  1.0107747023568765
594  0.18411066505808504  1.0107727480044075
595  0.18407829889175253  1.0107708541838964
596  0.18404746776571368  1.010769050182203
597  0.18401535377219413  1.0107671711169166
598  0.18398158833582146  1.0107651954218249
599  0.18394917221158436  1.0107632986781594
600  0.18391862326084418  1.0107615111872066
601  0.18388657707889045  1.0107596360897342
602  0.18385235774959352  1.0107576338362998
603  0.1838200893876829  1.0107557457385556
604  0.18379003610184985  1.0107539872501223
605  0.1837584124591607  1.0107521368764159
606  0.18372459256584517  1.0107501579949203
607  0.18369269984217784  1.0107482918766533
608  0.1836628263481892  1.0107465439082635
609  0.18363159049499678  1.0107447162250325
610  0.18359873884402633  1.0107427939976736
611  0.183567138709536  1.0107409449994873
612  0.18353709619163527  1.0107391871411109
613  0.18350587327548762  1.0107373602148568
614  0.18347332987687393  1.0107354560240687
615  0.1834417557400574  1.010733608547067
616  0.183411606282198  1.0107318444313824
617  0.1833802757143016  1.0107300112061715
618  0.18334752146992683  1.0107280946783015
619  0.1833158756999319  1.0107262430098747
620  0.18328587097038407  1.0107244873625836
621  0.18325450444382974  1.010722652033347
622  0.18322124076921997  1.010720705697516
623  0.1831896327677498  1.0107188562390141
624  0.18316010254532566  1.0107171283562508
625  0.18312900778577124  1.0107153089287408
626  0.1830955916392072  1.010713353671417
627  0.1830643055076394  1.0107115230462802
628  0.18303519655908485  1.0107098198132418
629  0.18300465543980704  1.010708032780526
630  0.18297231661693703  1.0107061405599456
631  0.18294144117540345  1.0107043339652486
632  0.1829122357706019  1.0107026250883282
633  0.1828818363571313  1.0107008463471527
634  0.1828501090446326  1.010698989907482
635  0.18281936006445132  1.0106971907123359
636  0.18278999034858712  1.0106954722211892
637  0.1827595056844442  1.010693688491796
638  0.18272774675995884  1.0106918302024337
639  0.18269694296899763  1.0106900278001802
640  0.18266760395703996  1.010688311105591
641  0.18263703096601602  1.0106865222079846
642  0.18260483616086498  1.0106846384142194
643  0.18257399995007373  1.0106828341150054
644  0.1825450317634303  1.0106811391182775
645  0.18251458282582156  1.010679357479328
646  0.18248191526508928  1.010677446023522
647  0.18245130032097212  1.0106756546711415
648  0.1824228906010822  1.0106739923516166
649  0.18239298593222775  1.0106722425591121
650  0.1823610385550991  1.0106703732429425
651  0.18233086728854997  1.0106686078511795
652  0.18230255242360272  1.0106669510818407
653  0.18227299408591513  1.010665221553987
654  0.18224202016621127  1.0106634091971007
655  0.18221211745905874  1.01066165951938
656  0.1821836128080513  1.0106599916452121
657  0.1821540278589493  1.0106582605602623
658  0.18212325660773032  1.0106564600619858
659  0.18209335101915713  1.0106547102156662
660  0.1820647765259502  1.0106530382548673
661  0.18203508259310186  1.010651300793022
662  0.18200401785163012  1.0106494831219401
663  0.18197404358433333  1.0106477292570673
664  0.18194569272807348  1.0106460703817919
665  0.18191600039057865  1.0106443330132946
666  0.18188436651406636  1.010642482040783
667  0.18185448646604196  1.0106407336889012
668  0.18182670169231918  1.0106391079364465
669  0.18179739663828842  1.0106373932288155
670  0.1817658286058177  1.010635546108994
671  0.18173635429914392  1.0106338214979926
672  0.18170892940076167  1.0106322168026904
673  0.18168020465556  1.0106305360502936
674  0.1816499418826416  1.0106287653042783
675  0.18162088473303206  1.0106270651021179
676  0.18159327257303315  1.0106254494496978
677  0.18156460036873767  1.0106237717715933
678  0.18153479773297432  1.010622027949285
679  0.18150580437496322  1.010620331479721
680  0.18147803855365874  1.010618706836217
681  0.18144924961749254  1.0106170223278559
682  0.1814192925689614  1.010615269470493
683  0.18139021558126334  1.0106135681075596
684  0.1813625388734733  1.0106119486782965
685  0.18133366726475642  1.0106102593325703
686  0.18130316191201634  1.010608474392639
687  0.18127407276691776  1.0106067723183474
688  0.1812468791250551  1.010605181154408
689  0.18121821307224817  1.0106035038362413
690  0.18118725613717346  1.0106016924731656
691  0.18115848417406577  1.0106000089579381
692  0.1811318639104088  1.0105984513437059
693  0.18110387914606962  1.0105968138893298
694  0.1810741518525918  1.0105950744754757
695  0.18104587291116858  1.0105934198081066
696  0.18101917103455145  1.0105918574185082
697  0.18099138288012662  1.0105902314682405
698  0.1809624244062159  1.0105885370398273
699  0.1809343144144503  1.0105868922581
700  0.18090741112978392  1.010585318083643
701  0.1808795341761278  1.0105836869375235
702  0.18085059734963227  1.0105819937757516
703  0.18082242861437403  1.0105803455568043
704  0.18079550456773086  1.010578770167515
705  0.1807675092080543  1.010577132093181
706  0.18073815045295205  1.010575414243374
707  0.1807099103199139  1.0105737618467745
708  0.18068331030497575  1.0105722054173427
709  0.18065536807945048  1.0105705704520125
710  0.1806253795233661  1.010568815751069
711  0.180597310888849  1.0105671733892516
712  0.18057133908996814  1.0105656537182186
713  0.18054393535906121  1.010564050261475
714  0.18051447475538096  1.010562326452268
715  0.18048687153298604  1.0105607113228083
716  0.18046107807504075  1.010559202086923
717  0.18043413646478246  1.0105576256699453
718  0.1804059168213623  1.0105559744722419
719  0.18037865023665023  1.010554379040245
720  0.18035260840820055  1.010552855271617
721  0.18032562847546285  1.0105512766123008
722  0.18029767734210067  1.0105496411257524
723  0.1802703992484811  1.0105480450203421
724  0.18024421472871854  1.01054651290251
725  0.18021708611375475  1.010544925543447
726  0.18018886851569138  1.0105432744654224
727  0.18016147311498676  1.0105416714960986
728  0.18013541483796225  1.0105401467650261
729  0.18010819976367776  1.010538554347025
730  0.18007933989721936  1.010536865688366
731  0.18005194119053747  1.0105352625256017
732  0.18002642885692766  1.010533769738962
733  0.17999947884512246  1.0105321928303903
734  0.17997024518938698  1.0105304823004415
735  0.1799432152367515  1.0105289007143436
736  0.17991821006337538  1.0105274376028424
737  0.17989198286812957  1.0105259029879672
738  0.1798643088716807  1.0105242837173514
739  0.1798377644727185  1.010522730542141
740  0.1798125204189298  1.0105212534531847
741  0.1797863390355786  1.0105197215188715
742  0.1797592046812987  1.010518133823988
743  0.17973271748516562  1.0105165839958494
744  0.17970724231619184  1.0105150933838
745  0.17968090417555105  1.0105135522772493
746  0.17965364624914482  1.0105119573518697
747  0.17962703085037635  1.0105104000222938
748  0.17960152959445108  1.0105089078838356
749  0.1795750303961292  1.0105073573534211
750  0.17954723652701832  1.0105057310687735
751  0.17952050756860916  1.0105041670945558
752  0.1794953607362776  1.010502695694256
753  0.17946890084767575  1.0105011474639454
754  0.17944035400781733  1.0104994771212086
755  0.1794138081829716  1.0104979238625664
756  0.17938931878819364  1.0104964909304837
757  0.17936347562699917  1.0104949787863442
758  0.1793357308674175  1.010493355375211
759  0.17930966203800736  1.0104918300266934
760  0.17928521532111819  1.0104903995917944
761  0.17925973073849455  1.0104889084289304
762  0.17923313727012935  1.0104873523825537
763  0.17920732870049005  1.0104858422624474
764  0.17918257145465022  1.0104843936577692
765  0.17915697695956312  1.0104828960636687
766  0.17913054528287442  1.0104813494841034
767  0.17910465890955474  1.010479834811521
768  0.17907971427262726  1.0104783752421493
769  0.1790539203784295  1.0104768659807377
770  0.17902716934661966  1.0104753007149534
771  0.17900110832363803  1.0104737758232085
772  0.17897622926059653  1.010472320090719
773  0.17895028704878368  1.0104708021508952
774  0.178922839516217  1.0104691961312136
775  0.1788967035779816  1.0104676668560009
776  0.17887232293766953  1.0104662402873976
777  0.1788465603716075  1.0104647328590688
778  0.1788185400678738  1.0104630933251992
779  0.1787927168617759  1.0104615823486793
780  0.1787688599707029  1.010460186425876
781  0.1787438277759108  1.0104587217332879
782  0.1787174000830608  1.0104571753868266
783  0.17869204394004634  1.0104556917392662
784  0.17866789339017175  1.0104542786337958
785  0.1786428680044404  1.0104528143396219
786  0.17861697130562482  1.0104512990628702
787  0.17859163505019093  1.0104498165789788
788  0.17856718541976757  1.010448385973602
789  0.17854195672333162  1.0104469097832407
790  0.17851593302738133  1.010445387075588
791  0.17849042003424442  1.0104438942503582
792  0.17846584309063163  1.0104424561955871
793  0.17844038785497152  1.0104409667498833
794  0.1784138540955833  1.0104394141972193
795  0.1783881435985819  1.0104379098155736
796  0.1783637624758092  1.0104364832187405
797  0.17833820809003342  1.01043498797153
798  0.1783108354701023  1.0104333863351629
799  0.1782851436550672  1.010431883046643
800  0.1782613725273482  1.0104304921420553
801  0.17823622122433502  1.010429020480165
802  0.17820892368078478  1.0104274232366934
803  0.1781836296453665  1.0104259432231946
804  0.1781600770127718  1.0104245651032704
805  0.17813548807797275  1.010423126346867
806  0.17810980021745826  1.0104216232897356
807  0.17808486380928468  1.0104201642018478
808  0.17806087643861346  1.0104187606443762
809  0.1780361338888189  1.0104173128995984
810  0.17801069461373487  1.010415824387785
811  0.17798564876727818  1.0104143588964059
812  0.1779613336923659  1.0104129361641885
813  0.17793631713606317  1.010411472386645
814  0.1779106106357109  1.010409968238853
815  0.1778853102628063  1.0104084878545327
816  0.17786084520857615  1.010407056346673
817  0.1778355458499552  1.0104055760217008
818  0.17780921607542322  1.0104040354046706
819  0.17778365812616725  1.0104025399489522
820  0.17775940188910233  1.0104011206594758
821  0.1777339597768084  1.0103996319816508
822  0.17770660492748003  1.0103980313850833
823  0.17768105211415364  1.0103965362298803
824  0.17765749352201576  1.0103951577612493
825  0.17763252395502593  1.0103936967331613
826  0.17760532481074454  1.0103921052472624
827  0.17758021550197378  1.0103906360425539
828  0.17755681289231762  1.0103892667008245
829  0.17753243440706756  1.0103878402583193
830  0.1775070948942543  1.010386357583831
831  0.17748235413935531  1.0103849099440765
832  0.17745840520201406  1.0103835086354296
833  0.17743379284406913  1.010382068508483
834  0.1774086294541457  1.010380596139359
835  0.177383717830762  1.0103791385016876
836  0.17735937365664456  1.0103777140668075
837  0.17733443203574206  1.0103762546739108
838  0.17730897296884296  1.0103747650040316
839  0.17728374816200576  1.0103732890412598
840  0.17725915129058145  1.010371849820466
841  0.17723385676443826  1.0103703697782536
842  0.1772077945340269  1.010368844815859
843  0.17718222237790315  1.0103673485288636
844  0.17715766195217442  1.010365911440593
845  0.17713207770025097  1.0103644144458437
846  0.17710492828511037  1.010362825869714
847  0.17707916909206622  1.0103613186387483
848  0.17705529041563062  1.010359921441232
849  0.17702989408825776  1.0103584354423902
850  0.17700171662848452  1.0103567867129513
851  0.1769764225220729  1.0103553066952984
852  0.17695306042595815  1.0103539397241117
853  0.17692880044714043  1.0103525202156964
854  0.17690379591393224  1.0103510571416527
855  0.17687916504291934  1.0103496159314627
856  0.17685507668238276  1.0103482064648368
857  0.17683049179549482  1.0103467679452862
858  0.17680561067821954  1.0103453120925987
859  0.1767807598395963  1.0103438580115867
860  0.17675620884600451  1.0103424214752126
861  0.17673125295808567  1.0103409612475192
862  0.1767060841190078  1.0103394885595527
863  0.17668087630240026  1.010338013590919
864  0.1766559365192002  1.0103365543055507
865  0.17663057163049  1.010335070146259
866  0.17660493466371963  1.0103335700670402
867  0.1765793036764487  1.010332070337696
868  0.1765540490693044  1.010330592631238
869  0.17652824239040255  1.0103290826217635
870  0.1765018970508313  1.0103275410939858
871  0.1764758126495639  1.0103260148343225
872  0.17645053379293785  1.0103245357089705
873  0.17642431127928548  1.0103230013680264
874  0.17639659523156437  1.0103213796368917
875  0.17637021759798588  1.0103198362195158
876  0.17634590566767128  1.0103184136712964
877  0.1763198107143178  1.0103168867942056
878  0.17628979871584172  1.0103151307215925
879  0.17626442360928396  1.0103136459644304
880  0.176240582981379  1.0103122509932234
881  0.1762166524432046  1.010310850761155
882  0.1761927490016092  1.0103094521145708
883  0.1761687684538492  1.010308048956324
884  0.17614482305350743  1.0103066478546352
885  0.17612079185277363  1.0103052417325638
886  0.17609679847436366  1.0103038378235651
887  0.17607271102585098  1.0103024284103037
888  0.17604866424817955  1.010301021376789
889  0.17602451438939104  1.0102996083117555
890  0.17600040777587467  1.0102981977771046
891  0.17597618843723095  1.0102967806466416
892  0.1759520145457396  1.0102953661753982
893  0.17592771770711357  1.010293944510229
894  0.17590346801296453  1.0102925256035937
895  0.17587908466801783  1.0102910988767362
896  0.17585474953500635  1.010289674970872
897  0.17583026969500348  1.0102882425978617
898  0.175805838395805  1.0102868130650882
899  0.17578125113805632  1.0102853744068128
900  0.1757567119330461  1.0102839385602165
901  0.1757320054967486  1.010282492928524
902  0.1757073457714724  1.0102810500300032
903  0.17568250769704752  1.0102795966958544
904  0.17565771414916187  1.010278145967058
905  0.17563273145038893  1.0102766841705986
906  0.1756077903080614  1.0102752248057043
907  0.17558264966107096  1.010273753767323
908  0.17555754690955439  1.0102722849462953
909  0.17553223484076463  1.0102708038776214
910  0.17550695643439007  1.0102693247786145
911  0.17548145949137484  1.010267832892515
912  0.17545599153369085  1.0102663427024152
913  0.17543029642781438  1.0102648392213407
914  0.175404625310833  1.0102633371439127
915  0.1753787190264292  1.0102618213062857
916  0.17535283152763026  1.0102603065678486
917  0.17532670139775752  1.010258777632497
918  0.17530058473904653  1.0102572494853748
919  0.17527421849144775  1.0102557067342195
920  0.17524786036695517  1.0102541644583662
921  0.17522124614563883  1.0102526071976856
922  0.17519463472608554  1.0102510501009427
923  0.17516776109433774  1.0102494776615476
924  0.17514088501486513  1.0102479050789306
925  0.17511374094503074  1.010246316815567
926  0.17508658928240284  1.0102447281079314
927  0.17505916413691125  1.0102431233981701
928  0.17503172638040587  1.0102415179505089
929  0.1750040098875284  1.0102398961933268
930  0.1749762759070026  1.0102382734129014
931  0.17494825813394455  1.0102366340271076
932  0.17492021814685  1.010234993341518
933  0.17489188947202494  1.0102333357641309
934  0.17486353401188115  1.0102316766194712
935  0.17483488509759193  1.0102300003041196
936  0.1748062049824336  1.0102283221631319
937  0.1747772267488792  1.0102266265785356
938  0.1747482130563447  1.0102249289191507
939  0.174718896657037  1.010223213547681
940  0.17468954068932252  1.0102214958609705
941  0.17465987748961975  1.010219760197394
942  0.17463017077944698  1.0102180219879175
943  0.17460015233295978  1.010216265538016
944  0.1745700865255524  1.0102145063169157
945  0.174539704568915  1.0102127285971805
946  0.17450927175159425  1.0102109479014674
947  0.17447851813565107  1.010209148435072
948  0.1744477094957887  1.0102073457490977
949  0.17441657639603136  1.010205524078212
950  0.17438538758441247  1.0102036991474943
951  0.17435386648306372  1.010201854773723
952  0.17432227444855186  1.0102000062494856
953  0.17429036085990202  1.0101981389103591
954  0.17425842939910074  1.0101962705254912
955  0.1742260996439745  1.0101943788354855
956  0.17419346907313926  1.0101924695440452
957  0.17416080495346975  1.010190558289584
958  0.17412925797379986  1.0101887124016111
959  0.1740958814244179  1.0101867594612117
960  0.17405489535284224  1.0101843612697727
961  0.17402779870371488  1.0101827757811064
962  0.1740002051746783  1.010181161218828
963  0.17397215524047394  1.0101795199512098
964  0.17394429528727973  1.0101778897998273
965  0.17391729988014437  1.010176310235068
966  0.1738892188063199  1.0101746671453973
967  0.173859078146828  1.0101729035445257
968  0.1738310855165378  1.0101712656298942
969  0.17380616323945253  1.0101698073688496
970  0.17377879183733513  1.0101682058037396
971  0.17374480083869304  1.010166216910469
972  0.17372023048677832  1.010164779241394
973  0.17369338047008764  1.0101632081837713
974  0.17366117000077386  1.0101613234734592
975  0.17363580353861607  1.0101598392221014
976  0.17361009191028431  1.010158334774259
977  0.17358429375683437  1.0101568252636286
978  0.1735583858048323  1.0101553093284266
979  0.1735326414712055  1.0101538029669204
980  0.17350660653312355  1.0101522796014641
981  0.17348054024039805  1.0101507544013741
982  0.17345430868771694  1.0101492195315354
983  0.17342820719017893  1.0101476922715287
984  0.17340180636875868  1.010146147497378
985  0.1733753619495103  1.0101446001722156
986  0.17334874425942737  1.0101430427085694
987  0.17332227328699723  1.0101414938297182
988  0.17329545859409945  1.0101399248389737
989  0.17326852588416797  1.0101383489427753
990  0.17324147064468332  1.0101367658770843
991  0.1732146777039404  1.0101351981591098
992  0.17318740707521396  1.0101336024904881
993  0.1731597417652485  1.0101319837281386
994  0.17313222098190428  1.0101303734223817
995  0.1731054812868038  1.010128808819935
996  0.17307775765719868  1.0101271866451662
997  0.17304830270357463  1.0101254631665573
998  0.17302058352496252  1.0101238412522269
999  0.17299567367351099  1.0101223837182354
1000  0.17296838037543738  1.0101207867231765
1001  0.17293446530865708  1.0101188022728578
1002  0.17291020447152072  1.0101173827142202
1003  0.17288363576208376  1.0101158281165468
1004  0.17285144742241576  1.0101139447010923
1005  0.1728266824654453  1.0101124956452174
1006  0.17280107918581922  1.0101109975371128
1007  0.17277466946494124  1.0101094522422338
1008  0.17274876300175224  1.0101079363941456
1009  0.17272371241940476  1.0101064706256584
1010  0.17269789264289648  1.010104959849812
1011  0.17267129480122145  1.0101034035475427
1012  0.17264520081392942  1.0101018767269783
1013  0.172620069420946  1.010100406230071
1014  0.1725940322477032  1.01009888273383
1015  0.1725668544432506  1.0100972924965748
1016  0.17254058360222002  1.0100957553278822
1017  0.17251577061653545  1.0100943034617347
1018  0.17248969402115977  1.0100927776588122
1019  0.172461565582822  1.0100911317977326
1020  0.17243542911032583  1.010089602491259
1021  0.17241139416651852  1.0100881961501715
1022  0.17238595422837422  1.0100867075995608
1023  0.17235840340127628  1.0100850955358731
1024  0.17233280944183516  1.0100835979731142
1025  0.1723089279087746  1.0100822006084502
1026  0.172284043093207  1.0100807445393674
1027  0.1722581468818667  1.0100792292911391
1028  0.17223294149617652  1.0100777544647443
1029  0.17220866912070198  1.0100763342309715
1030  0.17218365872704644  1.0100748708140193
1031  0.17215798926833703  1.0100733688336208
1032  0.17213271043504685  1.010071889709634
1033  0.17210820439985053  1.0100704558038813
1034  0.1720829774636904  1.0100689797165179
1035  0.17205702862860806  1.0100674613891505
1036  0.17203155590143926  1.0100659709199773
1037  0.17200705485845302  1.0100645373063304
1038  0.17198163128358468  1.0100630497131737
1039  0.1719549735480438  1.0100614899063733
1040  0.17192936413375282  1.010059991439315
1041  0.17190538487823703  1.0100585883566802
1042  0.17188003520280226  1.0100571050875533
1043  0.17185227368158007  1.0100554806956568
1044  0.17182701606463469  1.0100540028130884
1045  0.17180391583933707  1.010052651164579
1046  0.17177960227418831  1.0100512285207015
1047  0.17175379498703758  1.0100497184756367
1048  0.17172920414653792  1.0100482796077264
1049  0.17170589605647246  1.0100469157965606
1050  0.17168172647818203  1.0100455015776928
1051  0.17165672344546923  1.0100440385914466
1052  0.17163227769813372  1.0100426082132783
1053  0.17160870948232276  1.0100412291815435
1054  0.17158440603988578  1.0100398071299697
1055  0.17155938922196934  1.0100383433371187
1056  0.17153484430457444  1.0100369071562771
1057  0.17151120499459294  1.0100355239646552
1058  0.17148673857985053  1.0100340923771884
1059  0.17146128191585852  1.0100326028479094
1060  0.17143660871367028  1.0100311591608226
1061  0.17141325749350944  1.0100297928260136
1062  0.17138875728716385  1.0100283592613208
1063  0.17136242884215935  1.0100268187220842
1064  0.1713378809938022  1.0100253823697452
1065  0.17131533593405068  1.0100240632052775
1066  0.17129141422328154  1.0100226634897214
1067  0.17126529240547972  1.0100211350407284
1068  0.17124133263282015  1.0100197330980816
1069  0.17121911455023486  1.0100184330658166
1070  0.17119597267896447  1.0100170789805039
1071  0.1711719610985335  1.010015674006462
1072  0.17114853333068347  1.0100143031926678
1073  0.1711259206978215  1.0100129800743387
1074  0.17110267355466857  1.01001161982932
1075  0.1710789194228527  1.0100102299192026
1076  0.17105544766785497  1.0100088565316165
1077  0.17103262313232392  1.010007521014364
1078  0.17100918703053625  1.0100061497129311
1079  0.1709851959262313  1.010004745936996
1080  0.17096155186494433  1.010003362467364
1081  0.1709387296056034  1.0100020270832966
1082  0.17091510616681405  1.0100006448203351
1083  0.17089044847430812  1.0099992020407567
1084  0.1708666657041622  1.009997810454943
1085  0.17084437282003573  1.0099965060458644
1086  0.17082078813631008  1.0099951260505533
1087  0.1707948206846468  1.0099936066338862
1088  0.17077143141643347  1.009992238072796
1089  0.17075016955240974  1.0099909939911282
1090  0.17072777732351596  1.0099896837691535
1091  0.17070401426482307  1.0099882933367035
1092  0.1706813747447492  1.0099869686451401
1093  0.17065991744083575  1.009985713127825
1094  0.1706376810854766  1.0099844120263775
1095  0.17061471585347587  1.0099830682766433
1096  0.17059223856006922  1.0099817530773438
1097  0.17057055683234779  1.0099804844284639
1098  0.17054821203312898  1.009979176981711
1099  0.17052523983761425  1.0099778328245255
1100  0.17050268604077345  1.00997651314883
1101  0.17048096571732407  1.0099752422416233
1102  0.170458485604292  1.0099739268773409
1103  0.17043509276156532  1.0099725581070975
1104  0.17041243736597922  1.0099712324866208
1105  0.17039103915432896  1.0099699804269329
1106  0.17036855406638252  1.0099686647715567
1107  0.1703442899955412  1.0099672450237074
1108  0.17032180692447707  1.0099659294863437
1109  0.1703012398524425  1.0099647260585893
1110  0.1702794062540829  1.0099634485234008
1111  0.1702555810761358  1.0099620544562073
1112  0.1702337056426021  1.0099607744731445
1113  0.17021339702786786  1.0099595861683346
1114  0.17019226599469484  1.0099583497418874
1115  0.17017038757729774  1.009957069584232
1116  0.1701490047432921  1.009955818424326
1117  0.17012834142725985  1.0099546093651088
1118  0.1701071155098386  1.0099533673867616
1119  0.17008545558950583  1.009952100013883
1120  0.1700640340131805  1.0099508465870728
1121  0.1700431916732278  1.009949627052745
1122  0.17002179944991525  1.009948375343449
1123  0.1699999149353114  1.0099470948290312
1124  0.1699783395958  1.0099458324051758
1125  0.16995751754394062  1.009944614057952
1126  0.16993595952856133  1.009943352647772
1127  0.1699134390468613  1.009942034921424
1128  0.16989174634615067  1.0099407656304884
1129  0.16987145964408246  1.00993957860784
1130  0.1698499599608021  1.0099383206108086
1131  0.1698261668925336  1.0099369284224275
1132  0.16980490378198332  1.0099356842678224
1133  0.16978557371405878  1.0099345532200876
1134  0.16976529666180684  1.009933366762073
1135  0.16974399895426917  1.0099321205831169
1136  0.16972347392310672  1.0099309196152726
1137  0.1697038524781046  1.00992977151838
1138  0.16968359702913072  1.0099285863244236
1139  0.16966279342757218  1.0099273690567705
1140  0.16964233235010562  1.0099261718310075
1141  0.16962251754131275  1.0099250124199446
1142  0.1696021349063237  1.0099238197840354
1143  0.16958122906503548  1.0099225965340952
1144  0.16956066332494624  1.009921393184276
1145  0.16954083568969203  1.0099202330227066
1146  0.1695203144494749  1.0099190322766796
1147  0.16949893286301998  1.009917781189771
1148  0.16947826305754343  1.0099165717508412
1149  0.16945881011587915  1.009915433513475
1150  0.1694383032444301  1.0099142336081983
1151  0.16941596473245302  1.009912926529327
1152  0.16939553394804807  1.0099117310760821
1153  0.16937692902093038  1.0099106424580413
1154  0.16935721995890973  1.0099094892344709
1155  0.16933592032726397  1.0099082429429305
1156  0.16931608864846848  1.009907082544764
1157  0.16929754966001953  1.0099059977849498
1158  0.16927826983434402  1.0099048696770072
1159  0.16925829223509636  1.009903700740692
1160  0.16923878772241174  1.009902559485784
1161  0.1692199769400735  1.0099014588226702
1162  0.1692006168371245  1.0099003260175154
1163  0.16918078798228353  1.0098991657845853
1164  0.16916124302535518  1.0098980221631892
1165  0.1691423063333568  1.0098969141328051
1166  0.16912280581162364  1.0098957731114173
1167  0.1691027310914761  1.0098945984923298
1168  0.16908306091125103  1.0098934475438244
1169  0.16906421888930623  1.0098923450528077
1170  0.1690446059334001  1.009891197452632
1171  0.16902388397342083  1.0098899849620193
1172  0.16900417665946021  1.009888831840732
1173  0.16898592735374207  1.0098877640309356
1174  0.16896652006062862  1.0098866284645733
1175  0.16894497249550755  1.0098853676658626
1176  0.1689257493425248  1.0098842428739725
1177  0.1689081155882739  1.00988321108154
1178  0.16888978755789275  1.0098821386653787
1179  0.16887089408681444  1.0098810331639523
1180  0.16885234054254705  1.0098799475524427
1181  0.16883430065858696  1.0098788919964061
1182  0.16881585345347527  1.0098778126070507
1183  0.16879716405931544  1.0098767190466449
1184  0.168778560701634  1.0098756305204353
1185  0.16876030867371683  1.009874562551357
1186  0.16874169192822197  1.009873473241795
1187  0.1687228478993319  1.0098723706333472
1188  0.16870408028069195  1.0098712724958427
1189  0.1686857131421412  1.0098701977913704
1190  0.1686668975509773  1.0098690968468809
1191  0.16864765482510258  1.0098679709097347
1192  0.16862868668976583  1.009866861039527
1193  0.16861045391034113  1.0098657941967228
1194  0.16859146620437349  1.0098646831813913
1195  0.1685712592106543  1.0098635008226662
1196  0.1685522524539016  1.0098623886926283
1197  0.16853494779604006  1.0098613761563997
1198  0.1685163065215154  1.0098602854115866
1199  0.1684947525760323  1.0098590242395458
1200  0.16847674980454008  1.009857970855047
1201  0.16845969165137598  1.0098569727423878
1202  0.16844275138986942  1.009855981527847
1203  0.16842585317905567  1.009854992773791
1204  0.16840897769242413  1.0098540053493803
1205  0.16839213841067135  1.0098530200434024
1206  0.16837532065978789  1.0098520359972463
1207  0.16835853981318027  1.009851054110446
1208  0.16834177908997905  1.0098500734011135
1209  0.16832505608970338  1.0098490948990382
1210  0.1683083516441911  1.009848117482646
1211  0.1682916858771204  1.00984714232942
1212  0.16827503691094925  1.009846168159254
1213  0.16825842772946653  1.0098451963169839
1214  0.16824183338225263  1.009844225342702
1215  0.16822528009093662  1.009843256770697
1216  0.16820873942291625  1.0098422889373107
1217  0.16819224126107335  1.0098413235910608
1218  0.16817575323114675  1.0098403588376532
1219  0.16815930935005108  1.0098393966674977
1220  0.16814287278812068  1.0098384349256035
1221  0.1681264822215245  1.0098374758750046
1222  0.16811009579379976  1.0098365170665808
1223  0.1680937574200082  1.0098355610699055
1224  0.1680774195857988  1.0098346051048026
1225  0.1680611320792782  1.009833652084491
1226  0.16804484103765738  1.0098326988573325
1227  0.16802860280792853  1.009831748720322
1228  0.16801235643264023  1.0098307981066958
1229  0.16799616554809682  1.0098298507399632
1230  0.16797996130934623  1.0098289025918448
1231  0.16796381540387062  1.0098279578569433
1232  0.16794765027627578  1.0098270119973107
1233  0.16793154643729746  1.009826069723819
1234  0.1679154167945569  1.0098251259404887
1235  0.16789935143290224  1.0098241859183956
1236  0.16788325293186301  1.0098232439572392
1237  0.1678672216367747  1.0098223059284615
1238  0.16785114909678578  1.0098213654863473
1239  0.1678351464841742  1.0098204291358481
1240  0.16781909377186122  1.009819489853898
1241  0.16780311334031994  1.0098185548012657
1242  0.16778707327478248  1.0098176162593082
1243  0.1677711072912792  1.0098166820520644
1244  0.16775507158897862  1.00981574376541
1245  0.1677391110323755  1.0098148098757072
1246  0.16772307031258848  1.0098138712954678
1247  0.16770710490441698  1.009812937121888
1248  0.1676910487724318  1.009811997639845
1249  0.16767506711612867  1.009811062515549
1250  0.1676589843304962  1.0098101214739381
1251  0.16764297416023755  1.0098091846812234
1252  0.16762685287327106  1.009808241386809
1253  0.16761080138538487  1.0098073021765028
1254  0.16759462942781622  1.0098063559172323
1255  0.16757852364322834  1.0098054135298984
1256  0.16756228881265656  1.0098044635917804
1257  0.1675461159116013  1.0098035172773043
1258  0.16752980622604408  1.009802562959245
1259  0.1675135538113003  1.009801611992236
1260  0.16749715770279539  1.0098006526173668
1261  0.16748081397444636  1.009799696307384
1262  0.16746432041543036  1.0097987312304564
1263  0.16744787426336238  1.009797768927421
1264  0.1674312728323959  1.0097967975386517
1265  0.1674147138646075  1.0097958286345032
1266  0.16739799476483663  1.0097948503606555
1267  0.16738131329190287  1.0097938742884425
1268  0.1673644673367085  1.0097928885919858
1269  0.16734765432974075  1.0097919048234072
1270  0.16733067290804182  1.0097909112004866
1271  0.16731371994298727  1.0097899192426314
1272  0.16729659497358684  1.009788917220397
1273  0.167279494170537  1.009787916612193
1274  0.16726221805202124  1.0097869057458686
1275  0.16724496201464922  1.0097858960545392
1276  0.1672275275749926  1.0097848759244725
1277  0.16721010933354907  1.0097838567422015
1278  0.16719250978189126  1.0097828269510434
1279  0.16717492274015078  1.00978179789187
1280  0.1671571516221163  1.0097807580619595
1281  0.16713938951184992  1.0097797187591147
1282  0.16712144066873302  1.009778668530092
1283  0.16710349750251008  1.0097776186332375
1284  0.16708536503546134  1.0097765576599464
1285  0.1670672350880742  1.0097754968340866
1286  0.16704891332301797  1.0097744247845242
1287  0.16703059103048046  1.0097733527040975
1288  0.16701207450098843  1.0097722692584095
1289  0.16699355471044686  1.0097711856219103
1290  0.16697483807978641  1.0097700904678322
1291  0.16695611481245798  1.0097689949254274
1292  0.1669371931068636  1.0097678877719332
1293  0.16691826520637754  1.009766780255961
1294  0.1668991324858201  1.0097656607554848
1295  0.16687997523228704  1.0097645398195265
1296  0.16686063171204157  1.0097634079846647
1297  0.16684134798921468  1.0097622796486907
1298  0.1668217597444801  1.0097611334944236
1299  0.16680171561565682  1.0097599606653063
1300  0.16678208545164863  1.009758812058244
1301  0.16676486851424233  1.0097578046547455
1302  0.16674472078136449  1.0097566257635113
1303  0.16670664437046823  1.0097543978231616
1304  0.16660690657548305  1.0097485619302136
1305  0.16661615271521524  1.009749102943594
1306  0.16653954926705883  1.0097446206956866
1307  0.16649244452347378  1.0097418644863583
1308  0.16647278533366527  1.009740714180928
1309  0.1664064030235063  1.0097368299958425
1310  0.16636668046773118  1.0097345057356846
1311  0.1663507806373924  1.009733575399218
1312  0.16634166291863905  1.009733041900051
1313  0.16631681922128227  1.0097315882368911
1314  0.16629136979404902  1.0097300991310516
1315  0.16626280225661916  1.0097284275772513
1316  0.16624005736587233  1.0097270967202023
1317  0.16623311238011462  1.0097266903527524
1318  0.16622652352871825  1.0097263048235614
1319  0.16621301261155663  1.0097255142680235
1320  0.16619950280812612  1.0097247237776523
1321  0.166186030955626  1.0097239355078793
1322  0.16617255630618888  1.0097231470744512
1323  0.16615912155560553  1.0097223609755985
1324  0.16614568083255354  1.009721574527283
1325  0.16613228229278765  1.0097207905472105
1326  0.16611887413674797  1.0097200060044673
1327  0.16610551061349876  1.0097192240732935
1328  0.1660921333219405  1.0097184413365037
1329  0.166078803254881  1.0097176613629304
1330  0.16606545470477063  1.0097168803078704
1331  0.1660521560710574  1.0097161021735361
1332  0.16603883362764915  1.0097153226460405
1333  0.16602556382946798  1.009714546198941
1334  0.1660122642453693  1.0097137680089974
1335  0.16599901998380562  1.0097129930561053
1336  0.16598573929316995  1.0097122159716627
1337  0.16597251643510147  1.0097114422711395
1338  0.16595924985161092  1.009710666012139
1339  0.16594604330205942  1.009709893265866
1340  0.16593278513374354  1.009709117499257
1341  0.16591958873281454  1.0097083453468034
1342  0.16590633233071805  1.0097075696835403
1343  0.16589313880009005  1.0097067976990346
1344  0.16587987655947167  1.0097060216941458
1345  0.1658666775249502  1.0097052493875944
1346  0.16585340095465706  1.0097044725442428
1347  0.16584018706436487  1.0097036993684454
1348  0.1658268869304661  1.0097029211463318
1349  0.16581364807027432  1.0097021465094866
1350  0.16580031460464073  1.0097013663370549
1351  0.1657870401869871  1.0097005896196591
1352  0.16577366333496968  1.0096998069085878
1353  0.16576034261475903  1.0096990274819206
1354  0.16574691228588612  1.0096982416417928
1355  0.16573353465095397  1.0096974588849112
1356  0.16572004093830717  1.0096966693360498
1357  0.16570659613589334  1.0096958826490412
1358  0.16569302948237852  1.0096950888322378
1359  0.1656795077676383  1.009694297644908
1360  0.16566585907338882  1.0096934990277084
1361  0.1656522512864841  1.0096927028040938
1362  0.16563851196379298  1.009691898884011
1363  0.1656248095520022  1.0096910971236717
1364  0.1656109715398455  1.009690287429036
1365  0.16559716654274492  1.0096894796661893
1366  0.16558322229361766  1.0096886637553786
1367  0.16556930730622532  1.009687849556741
1368  0.1655552497560424  1.0096870270164193
1369  0.16554121788103437  1.0096862059784124
1370  0.16552704041010236  1.0096853764212455
1371  0.16551288520602936  1.009684548166965
1372  0.1654985815965505  1.009683711229135
1373  0.16548429702694334  1.0096828754053728
1374  0.16546986142049103  1.0096820307440897
1375  0.16545544180512106  1.0096811870184823
1376  0.1654408686621448  1.0096803343096135
1377  0.16542630863457009  1.0096794823681579
1378  0.1654115926967611  1.0096786213040276
1379  0.16539688715993173  1.0096777608484833
1380  0.16538202341673724  1.0096768911359124
1381  0.1653671675240974  1.009676021882696
1382  0.1653521511799967  1.009675143241087
1383  0.165337140245566  1.0096742649160109
1384  0.1653219667024014  1.009673377076315
1385  0.1653067964073175  1.0096724894266722
1386  0.1652914611972507  1.0096715921274657
1387  0.1652761265631031  1.0096706948619578
1388  0.16526062553477006  1.0096697878603347
1389  0.16524512554635118  1.0096688809195595
1390  0.1652294537835065  1.0096679639278585
1391  0.1652137682312672  1.0096670461293076
1392  0.1651979258474906  1.0096661191541747
1393  0.1651821388291973  1.0096651954186064
1394  0.1651660978995706  1.009664256826089
1395  0.16514968645909334  1.00966329655411
1396  0.1651336163419922  1.0096623562537648
1397  0.165119578718381  1.0096615348793936
1398  0.1651030844266046  1.0096605697595904
1399  0.1650715279085062  1.0096587233135017
1400  0.1649809875785868  1.0096534255858653
1401  0.16494897112261808  1.0096515522277303
1402  0.16479298683784793  1.0096424252203842
1403  0.16475043596262284  1.0096399354686034
1404  0.1647126729434536  1.0096377258655405
1405  0.16463154734305552  1.00963297901587
1406  0.16461301474924694  1.0096318946302212
1407  0.16458560924830745  1.0096302910699089
1408  0.16457809099518195  1.0096298511592372
1409  0.1645564874608666  1.0096285870856372
1410  0.1645280799528508  1.0096269248955343
1411  0.1645404033644784  1.0096276459673308
1412  0.16451622931434295  1.009626231486805
1413  0.16450492110876824  1.009625569817102
1414  0.16449454983655587  1.0096249629695735
1415  0.16448341584161397  1.0096243114933445
1416  0.16447064729475136  1.0096235643756388
1417  0.16445986883898767  1.0096229337028433
1418  0.16444981778331536  1.0096223455919375
1419  0.16443972684025687  1.0096217551471274
1420  0.16442968346497944  1.00962116748562
1421  0.16441961965919671  1.0096205786286754
1422  0.16440961389475917  1.0096199931678667
1423  0.1643995786308483  1.0096194059809742
1424  0.16438960250859846  1.0096188222545996
1425  0.1643795895399085  1.009618236372253
1426  0.16436963713444142  1.009617654033603
1427  0.1643596398110918  1.0096170690667021
1428  0.16434970360651457  1.0096164876760043
1429  0.16433971421324345  1.0096159031731111
1430  0.16432978561843092  1.0096153222276785
1431  0.16431979559150744  1.0096147376877085
1432  0.1643098650741307  1.0096141566297823
1433  0.16429986520809525  1.0096135715141028
1434  0.16428992264165532  1.0096129897511572
1435  0.1642799033833492  1.0096124035007905
1436  0.16426993843656168  1.0096118204283184
1437  0.16425989019340026  1.0096112324819795
1438  0.16424989270651813  1.00961064750551
1439  0.16423980611941047  1.0096100573155768
1440  0.1642297663864566  1.00960946986719
1441  0.16421963252785732  1.0096088769112905
1442  0.16420954146607403  1.0096082864595335
1443  0.16419935195554047  1.0096076902473086
1444  0.16418920117330627  1.0096070963011674
1445  0.164178948222775  1.009606496376919
1446  0.164168730019429  1.0096058984858098
1447  0.16415840642925383  1.0096052944282696
1448  0.16414811375185168  1.0096046921795085
1449  0.16413771287670964  1.0096040835998432
1450  0.16412733925996192  1.0096034766151305
1451  0.1641168549595784  1.0096028631540581
1452  0.1641063944539668  1.0096022510852738
1453  0.1640958210381841  1.0096016324098498
1454  0.16408526815032665  1.009601014935563
1455  0.16407460032415577  1.009600390735965
1456  0.16406394993627338  1.0095997675567225
1457  0.16405318274957437  1.0095991375433062
1458  0.16404243011444153  1.0095985083813366
1459  0.16403155891085364  1.0095978722816477
1460  0.1640206994483251  1.009597236868956
1461  0.16400971984164725  1.0095965944263474
1462  0.1639987496215728  1.009595952532971
1463  0.16398765738468146  1.0095953035001037
1464  0.16397657113073627  1.0095946548173127
1465  0.16396536249379057  1.0095939989736045
1466  0.16395416155366715  1.0095933435802555
1467  0.16394283163056445  1.009592680639809
1468  0.16393148837146643  1.0095920169190422
1469  0.16392003892462637  1.0095913469849807
1470  0.16390866772254853  1.0095906816292044
1471  0.16389706697016393  1.0095900028418996
1472  0.16388502479228817  1.0095892982257513
1473  0.16387347973320687  1.0095886226971929
1474  0.16386399085619208  1.0095880674806827
1475  0.1638523356305045  1.009587385506017
1476  0.16382885396300795  1.0095860115384274
1477  0.16373621594797116  1.0095805910703013
1478  0.16339013526525903  1.0095603410756426
1479  0.16276780505507804  1.0095239270714473
1480  0.16242895816869574  1.0095041003432244
1481  0.16212099315429762  1.009486080585959
1482  0.16216837905916348  1.009488853246695
1483  0.1620683385526459  1.0094829996413832
1484  0.16209346402801705  1.0094844697920373
1485  0.16204683186301738  1.0094817412343935
1486  0.16205279591999833  1.0094820902053938
1487  0.16203727935869217  1.0094811822949
1488  0.16202953369017925  1.0094807290776189
1489  0.16202132485643206  1.0094802487594507
1490  0.16201274097611418  1.0094797464964258
1491  0.16200539042404616  1.0094793163983373
1492  0.16200011390550328  1.009479007656828
1493  0.1619935794184988  1.0094786253086256
1494  0.16198096472881807  1.009477887193465
1495  0.16194219928274578  1.0094756189360468
1496  0.1619190359887076  1.009474263597237
1497  0.1618974049891  1.0094729979165782
1498  0.16187507070790585  1.0094716910852597
1499  0.1618469548442213  1.0094700459599526
1500  0.1618313026737409  1.0094691301146468
1501  0.161827353079102  1.009468899014576
1502  0.1618085158170779  1.0094677968020735
1503  0.16178959019644668  1.0094666894195008
1504  0.16177465260973412  1.0094658153861722
1505  0.1617547603086963  1.0094646514408556
1506  0.16180167945302848  1.0094673967903351
1507  0.16175012197064687  1.009464380040788
1508  0.16174569426945606  1.0094641209655781
1509  0.16174112122975137  1.0094638533862703
1510  0.16173640572012093  1.0094635774707117
1511  0.16173178212148176  1.0094633069330816
1512  0.16172732384349775  1.0094630460687517
1513  0.1617227113091747  1.0094627761785209
1514  0.16171791647937672  1.0094624956217528
1515  0.16171325538110692  1.009462222889931
1516  0.16170881712099827  1.0094619631968942
1517  0.16170417818063088  1.0094616917615835
1518  0.16169924039783012  1.009461402840299
1519  0.16169456979693875  1.0094611295524567
1520  0.16169023044600017  1.0094608756468277
1521  0.1616856397629055  1.0094606070351635
1522  0.16168064316100028  1.009460314672235
1523  0.1616760356202156  1.0094600450741877
1524  0.1616717637000885  1.0094597951140944
1525  0.16166729456408335  1.0094595336144363
1526  0.16166260741268057  1.0094592593581844
1527  0.1616580758451871  1.0094589942055132
1528  0.16165373105270364  1.0094587399814867
1529  0.16164924285623727  1.0094584773665563
1530  0.16164461909754624  1.009458206819561
1531  0.16164007558166837  1.0094579409677615
1532  0.16163567273316393  1.009457683346741
1533  0.16163113903707949  1.0094574180695206
1534  0.16162647546289843  1.0094571451928276
1535  0.1616218908749718  1.0094568769378058
1536  0.1616174632792785  1.009456617868769
1537  0.1616128823501508  1.0094563498278324
1538  0.16160811223453064  1.0094560707171492
1539  0.16160348574920813  1.0094558000106122
1540  0.16159909890214985  1.0094555433258738
1541  0.16159449664793057  1.0094552740371558
1542  0.16158954846562656  1.0094549845073721
1543  0.16158492795377877  1.0094547141503574
1544  0.16158067024722467  1.0094544650219337
1545  0.1615761577660605  1.009454200986048
1546  0.16157124398651068  1.0094539134692506
1547  0.16156670888044788  1.009453648109529
1548  0.16156248600772427  1.0094534010193148
1549  0.16155808568603192  1.0094531435461438
1550  0.1615535098838906  1.0094528758051993
1551  0.16154904709084228  1.0094526146766825
1552  0.1615447346062695  1.0094523623430678
1553  0.16154029929588132  1.0094521028226262
1554  0.1615357604815817  1.009451837245927
1555  0.16153127370736986  1.0094515747142159
1556  0.1615268999109032  1.0094513187930982
1557  0.16152241252878208  1.009451056225817
