0  0.9989480588147931  
1  0.5643597596629457  
2  0.3324246458945047  
3  0.2539136898206261  
4  0.21349497690567398  
5  0.20172577019899007  
6  0.19725459945745483  
7  0.19441465302161498  
8  0.19224482894594785  
9  0.19050856497599233  
10  0.18909250961537805  
11  0.1879180364285442  
12  0.18692518431385396  
13  0.18606907100050374  
14  0.1853173748542517  
15  0.18464712131248806  
16  0.18404142478302066  
17  0.18348699254364798  
18  0.18297266176333138  
19  0.1824887710000711  
20  0.18202699945296064  
21  0.18158036564112345  
22  0.18114321449983206  
23  0.18071113936543148  
24  0.18028084939622735  
25  0.17985001178152504  
26  0.17941709315114474  
27  0.1789812131481402  
28  0.17854201358396093  
29  0.1780995411271571  
30  0.17765413954222287  
31  0.17720634793188272  
32  0.1767568031854363  
33  0.17630614704430103  
34  0.17585494018241865  
35  0.17540358696868097  
36  0.17495227487388365  
37  0.1745009318240135  
38  0.17404920344320118  
39  0.17359645047812988  
40  0.17314176516224777  
41  0.17268400416742424  
42  0.1722218352342716  
43  0.17175379453051154  
44  0.17127835209631814  
45  0.1707939831723455  
46  0.17029924354337844  
47  0.1697928470778478  
48  0.16927374327843536  
49  0.1687411918631081  
50  0.16819483029720517  
51  0.16763472910511457  
52  0.16706142918552813  
53  0.16647595577310448  
54  0.16587980549849834  
55  0.16527490611185525  
56  0.16466355216514728  
57  0.16404832315847118  
58  0.16343199226390126  
59  0.16281743332044574  
60  0.1622075318547932  
61  0.16160510356708535  
62  0.1610128220978353  
63  0.16043315734486896  
64  0.15986832574081478  
65  0.15932025399178995  
66  0.15879055727515  
67  0.15828053175584422  
68  0.15779115988573134  
69  0.15732312580699714  
70  0.15687683764116422  
71  0.15645245357933035  
72  0.15604990932370444  
73  0.15566894527852004  
74  0.1553091326828263  
75  0.15496989845084308  
76  0.15465054878724338  
77  0.1543502917141304  
78  0.15406825856967177  
79  0.15380352440467226  
80  0.1535551270830139  
81  0.1533220848232052  
82  0.15310341191310506  
83  0.15289813237877925  
84  0.15270529147337952  
85  0.15252396495172804  
86  0.15235326619356981  
87  0.1521923513204816  
88  0.1520404225119869  
89  0.15189672976351887  
90  0.1517605713443333  
91  0.1516312932108398  
92  0.15150828761515245  
93  0.1513909911236312  
94  0.1512788822311213  
95  0.1511714787253221  
96  0.15106833492580263  
97  0.15096903889442226  
98  0.150873209689657  
99  0.15078049471682364  
100  0.15069056720939789  
101  0.15060312386328623  
102  0.15051788263601895  
103  0.15043458071528815  
104  0.15035297265617298  
105  0.1502728286830617  
106  0.15019393315037766  
107  0.15011608315534442  
108  0.1500390872959665  
109  0.14996276456778923  
110  0.14988694339396857  
111  0.149811460783984  
112  0.14973616161752434  
113  0.149660898051025  
114  0.14958552904531475  
115  0.14950992001346197  
116  0.1494339425885216  
117  0.14935747451101733  
118  0.14928039963584472  
119  0.14920260805787233  
120  0.1491239963544999  
121  0.14904446794220927  
122  0.14896393354224058  
123  0.1488823117483924  
124  0.14879952968728027  
125  0.14871552375838415  
126  0.14863024043786643  
127  0.14854363712680496  
128  0.1484556830209217  
129  0.14836635997541936  
130  0.1482756633358362  
131  0.14818360270307496  
132  0.14809020259927475  
133  0.14799550300043696  
134  0.14789955970219126  
135  0.14780244448686086  
136  0.14770424506297064  
137  0.1476050647529592  
138  0.14750502191056802  
139  0.14740424905629534  
140  0.1473028917274012  
141  0.1472011070475827  
142  0.14709906203073597  
143  0.14699693164252037  
144  0.14689489665257494  
145  0.1467931413188761  
146  0.14669185095292914  
147  0.14659120942087367  
148  0.14649139663947297  
149  0.1463925861282469  
150  0.14629494267860932  
151  0.1461986201981158  
152  0.14610375978300028  
153  0.14601048806472883  
154  0.14591891586756123  
155  0.14582913720391166  
156  0.14574122862356442  
157  0.14565524892216808  
158  0.14557123920412485  
159  0.14548922328599379  
160  0.14540920841838734  
161  0.1453311862979616  
162  0.14525513433569348  
163  0.1451810171434167  
164  0.1451087881970663  
165  0.14503839163181675  
166  0.1449697641208738  
167  0.14490283678624905  
168  0.14483753708585745  
169  0.14477379061764561  
170  0.14471152277890176  
171  0.1446506602184684  
172  0.14459113202300133  
173  0.14453287058725595  
174  0.14447581213285698  
175  0.14441989686097034  
176  0.14436506874908672  
177  0.14431127502879315  
178  0.14425846540557363  
179  0.14420659109966905  
180  0.14415560379609205  
181  0.14410545459086932  
182  0.14405609301013245  
183  0.14400746616185023  
184  0.14395951805976137  
185  0.1439121891391445  
186  0.14386541596689284  
187  0.14381913113542666  
188  0.14377326332181606  
189  0.14372773748930445  
190  0.1436824752075312  
191  0.1436373950690123  
192  0.14359241318193527  
193  0.14354744372236583  
194  0.14350239953191424  
195  0.14345719275004487  
196  0.14341173547247976  
197  0.1433659404295491  
198  0.14331972168004392  
199  0.1432729953174683  
200  0.1432256801866576  
201  0.14317769860919327  
202  0.14312897711621853  
203  0.14307944718674925  
204  0.143029045988728  
205  0.14297771711879392  
206  0.14292541133469916  
207  0.142872087272358  
208  0.14281771213681438  
209  0.14276226235395972  
210  0.14270572416724359  
211  0.14264809416135105  
212  0.14258937969305674  
213  0.14252959920843344  
214  0.14246878242568617  
215  0.14240697036385686  
216  0.14234421520041096  
217  0.1422805799443443  
218  0.14221613791702414  
219  0.14215097203899218  
220  0.14208517392873088  
221  0.14201884282674238  
222  0.14195208436634832  
223  0.1418850092195576  
224  0.1418177316526672  
225  0.14175036803041086  
226  0.14168303531027715  
227  0.1416158495685953  
228  0.14154892459839896  
229  0.1414823706147681  
230  0.14141629309787707  
231  0.14135079179680332  
232  0.1412859599095313  
233  0.14122188344663322  
234  0.14115864077850904  
235  0.14109630235940496  
236  0.14103493061576122  
237  0.14097457998223906  
238  0.14091529706582295  
239  0.14085712091691693  
240  0.14080008338610828  
241  0.1407442095458924  
242  0.1406895181582165  
243  0.14063602217064575  
244  0.14058372922639628  
245  0.1405326421757147  
246  0.1404827595787531  
247  0.14043407619207915  
248  0.1403865834331246  
249  0.14034026981853875  
250  0.14029512137394473  
251  0.1402511220136634  
252  0.1402082538899998  
253  0.14016649771240974  
254  0.14012583303715376  
255  0.14008623852880242  
256  0.14004769219476199  
257  0.14001017159441487  
258  0.13997365402447093  
259  0.139938116681962  
260  0.13990353680662315  
261  0.13986989180395648  
262  0.13983715935056307  
263  0.1398053174829612  
264  0.1397743446712244  
265  0.13974421987864738  
266  0.1397149226084703  
267  0.13968643293876182  
268  0.13965873154644504  
269  0.13963179972135886  
270  0.13960561937123572  
271  0.1395801730184818  
272  0.13955544378949314  
273  0.1395314153974081  
274  0.13950807211893235  
275  0.13948539876614252  
276  0.1394633806539215  
277  0.13944200356385628  
278  0.13942125370529623  
279  0.13940111767437913  
280  0.13938158241173182  
281  0.139362635159616  
282  0.13934426341915063  
283  0.13932645490850515  
284  0.13930919752241533  
285  0.13929247929395905  
286  0.13927628835888684  
287  0.13926061292319503  
288  0.1392454412342199  
289  0.13923076155568792  
290  0.13921656214697586  
291  0.13920283124666177  
292  0.1391895570605739  
293  0.13917672775419765  
294  0.13916433144945817  
295  0.13915235622561317  
296  0.1391407901240278  
297  0.13912962115657868  
298  0.13911883731723163  
299  0.13910842659639622  
300  0.1390983769977131  
301  0.13908867655671509  
302  0.13907931336091273  
303  0.1390702755709634  
304  0.13906155144231325  
305  0.13905312934703906  
306  0.13904499779544044  
307  0.13903714545703205  
308  0.13902956118069754  
309  0.13902223401361014  
310  0.13901515321886782  
311  0.13900830829151611  
312  0.13900168897293486  
313  0.13899528526341076  
314  0.1389890874329327  
315  0.13898308603009601  
316  0.13897727188921116  
317  0.13897163613556152  
318  0.13896617018900237  
319  0.13896086576579436  
320  0.1389557148789764  
321  0.1389507098371765  
322  0.13894584324215342  
323  0.13894110798503512  
324  0.1389364972414847  
325  0.13893200446584364  
326  0.13892762338438658  
327  0.13892334798782868  
328  0.138919172523152  
329  0.13891509148487002  
330  0.13891109960582937  
331  0.13890719184764821  
332  0.1389033633908271  
333  0.13889960962466363  
334  0.1388959261370033  
335  0.13889230870389446  
336  0.1388887532792109  
337  0.1388852559842515  
338  0.1388818130974413  
339  0.13887842104409454  
340  0.1388750763862977  
341  0.13887177581299492  
342  0.13886851613022821  
343  0.13886529425166116  
344  0.13886210718933611  
345  0.13885895204476062  
346  0.13885582600037072  
347  0.1388527263114132  
348  0.13884965029827978  
349  0.13884659533946075  
350  0.13884355886511335  
351  0.13884053835142718  
352  0.13883753131588106  
353  0.13883453531356982  
354  0.13883154793476493  
355  0.13882856680393296  
356  0.13882558958041413  
357  0.1388226139611065  
358  0.13881963768528527  
359  0.13881665854205694  
360  0.13881367438058767  
361  0.13881068312349176  
362  0.13880768278362088  
363  0.13880467148447395  
364  0.13880164748434942  
365  0.13879860920417342  
366  0.1387955552588258  
367  0.1387924844914975  
368  0.1387893960102916  
369  0.13878628922592062  
370  0.13878316388906575  
371  0.1387800201253664  
372  0.13877685846581733  
373  0.13877367986995937  
374  0.1387704857390989  
375  0.13876727791685184  
376  0.13876405867462505  
377  0.13876083068022016  
378  0.13875759694876266  
379  0.13875436077621806  
380  0.1387511256573304  
381  0.1387478951911133  
382  0.13874310687962355  
383  0.1387371131150511  
384  0.13873224807546625  
385  0.13872785620573458  
386  0.1387238026697215  
387  0.13872001617158647  
388  0.13871644608273503  
389  0.1387130530055869  
390  0.13870980492767915  
391  0.13870667535514158  
392  0.13870364225390674  
393  0.13870068733716945  
394  0.13869779551081596  
395  0.13869495439948465  
396  0.13869215392438794  
397  0.1386893859251318  
398  0.13868664382510465  
399  0.13868392234108495  
400  0.13868121723620397  
401  0.1386785251137571  
402  0.13867584324769477  
403  0.13867316944526697  
404  0.13867050193664177  
405  0.1386678392871451  
406  0.13866518032766062  
407  0.13866252409982416  
408  0.13865986981285883  
409  0.1386572168096143  
410  0.13865456453990277  
411  0.13865191253947828  
412  0.13864926041343006  
413  0.1386466078230807  
414  0.13864395447556932  
415  0.13864130011556464  
416  0.13863864451862673  
417  0.1386359874859049  
418  0.13863332883984314  
419  0.1386306684207287  
420  0.13862800608387715  
421  0.13862534169734442  
422  0.13862267514005921  
423  0.13862000630027482  
424  0.1386173350742994  
425  0.13861466136548328  
426  0.13861198508329287  
427  0.13860930614265643  
428  0.13860662446330185  
429  0.13860393996929132  
430  0.13860125258859968  
431  0.13859856225273104  
432  0.13859586889646192  
433  0.1385931724575611  
434  0.1385904728765982  
435  0.13858777009676593  
436  0.1385850640637154  
437  0.1385823547254671  
438  0.13857964203227024  
439  0.13857692593655246  
440  0.13857420639282247  
441  0.1385714833576367  
442  0.13856875678953617  
443  0.13856602664903517  
444  0.1385632928985645  
445  0.13856055550249136  
446  0.13855781442707704  
447  0.1385550696404897  
448  0.1385523211128138  
449  0.13854956881603275  
450  0.13854681272405034  
451  0.1385440528127413  
452  0.1385412890599067  
453  0.13853852144534395  
454  0.13853574995087492  
455  0.13853297456034475  
456  0.13853019525967536  
457  0.13852741203691377  
458  0.13852462488223638  
459  0.1385218337880172  
460  0.13851903874886662  
461  0.13851623976165484  
462  0.1385134368255977  
463  0.13851062994226582  
464  0.13850781911565557  
465  0.1385050043522439  
466  0.13850218566102457  
467  0.1384993630535818  
468  0.1384965365441302  
469  0.13849370614958834  
470  0.13849087188961284  
471  0.13848803378668595  
472  0.13848519186613995  
473  0.1384823461562582  
474  0.13847949668828208  
475  0.13847664349652977  
476  0.13847378661841392  
477  0.13847092609450895  
478  0.13846806196861827  
479  0.13846519428782766  
480  0.1384623231025759  
481  0.13845944846668856  
482  0.13845657043744564  
483  0.13845368907563704  
484  0.1384508044456112  
485  0.13844791661533118  
486  0.1384450256564167  
487  0.13844213164419017  
488  0.1384392346577321  
489  0.13843633477991135  
490  0.13843343209742642  
491  0.13843052670083478  
492  0.13842761868460296  
493  0.13842470814710606  
494  0.13842179519069087  
495  0.1384188799216609  
496  0.13841596245030563  
497  0.13841304289092027  
498  0.13841012136180786  
499  0.13840719798526724  
500  0.13840427288762658  
501  0.13840134619919497  
502  0.1383984180542761  
503  0.13839548859114537  
504  0.13839255795202243  
505  0.1383896262830373  
506  0.13838669373420753  
507  0.13838376045938805  
508  0.13838082661623452  
509  0.13837789236613396  
510  0.13837495787415421  
511  0.1383720233089868  
512  0.13836908884286547  
513  0.1383661546514925  
514  0.1383632209139436  
515  0.13836028781261178  
516  0.13835735553306983  
517  0.1383544242639979  
518  0.13835149419706616  
519  0.13834856552681363  
520  0.1383456384505578  
521  0.13834271316823377  
522  0.13833978988229734  
523  0.13833686879756757  
524  0.13833395012109917  
525  0.13833103406203517  
526  0.13832812083147195  
527  0.13832521064227743  
528  0.13832230370895537  
529  0.1383194002474979  
530  0.1383165004751865  
531  0.13831360461045694  
532  0.1383107128727108  
533  0.1383078254821558  
534  0.13830494265962134  
535  0.1383020646263904  
536  0.13829919160400772  
537  0.1382963238141236  
538  0.13829346147828725  
539  0.13829060481778976  
540  0.13828775405345894  
541  0.1382849094054951  
542  0.1382820710932865  
543  0.13827923933522412  
544  0.13827641434851756  
545  0.13827359634902647  
546  0.13827078555107974  
547  0.13826798216729597  
548  0.13826518640840924  
549  0.13826239848310096  
550  0.1382596185978301  
551  0.1382568469566665  
552  0.13825408376113013  
553  0.13825132921001837  
554  0.13824858349926883  
555  0.13824584682179397  
556  0.13824311936733003  
557  0.1382404013223032  
558  0.1382376928696818  
559  0.13823499418882967  
560  0.13823230545539889  
561  0.13822962684118778  
562  0.13822695851400502  
563  0.1382243006375813  
564  0.138221653371439  
565  0.13821901687078542  
566  0.13821639128641316  
567  0.13821377676461544  
568  0.1382111734470618  
569  0.13820858147075843  
570  0.13820600096792235  
571  0.13820343206594288  
572  0.13820087488728394  
573  0.13819832954943467  
574  0.13819579616485145  
575  0.13819327484089583  
576  0.13819076567979693  
577  0.13818826877859502  
578  0.13818578422911987  
579  0.1381833121179452  
580  0.13818085252636614  
581  0.1381784055303883  
582  0.1381759712006898  
583  0.1381735496026183  
584  0.13817114079621273  
585  0.13816874483613284  
586  0.13816636177173014  
587  0.1381639916470213  
588  0.1381616345007014  
589  0.13815929036616592  
590  0.13815695927152616  
591  0.13815464123963173  
592  0.1381523362881003  
593  0.1381500444293431  
594  0.13814776567061737  
595  0.13814550001403092  
596  0.13814324745661666  
597  0.138141007990359  
598  0.1381387816022387  
599  0.13813656827429366  
600  0.13813436798366552  
601  0.13813218070265199  
602  0.13813000639877104  
603  0.1381278450347998  
604  0.13812569656886708  
605  0.1381235609544912  
606  0.13812143814065325  
607  0.13811932807185734  
608  0.13811723068819703  
609  0.1381151459254435  
610  0.1381130737150713  
611  0.13811101398437264  
612  0.13810896665648775  
613  0.1381069316505057  
614  0.1381049088815216  
615  0.13810289826068856  
616  0.13810089969533235  
617  0.13809891308896094  
618  0.1380969383413928  
619  0.13809497534876836  
620  0.1380930240036642  
621  0.13809108419512683  
622  0.13808915580874936  
623  0.13808723872674022  
624  0.13808533282797342  
625  0.13808343798804623  
626  0.13808155407935319  
627  0.13807968097112155  
628  0.1380778185294852  
629  0.13807596661751376  
630  0.1380741250952786  
631  0.13807229381989838  
632  0.13807047264556005  
633  0.1380686614235893  
634  0.1380668600024627  
635  0.13806506822786835  
636  0.138063285942698  
637  0.13806151298711344  
638  0.13805974919854413  
639  0.13805799441171773  
640  0.13805624845866904  
641  0.13805451116875422  
642  0.13805278236865837  
643  0.13805106188240002  
644  0.1380493495313201  
645  0.13804764513408563  
646  0.1380459485066714  
647  0.13804425946235277  
648  0.13804257781166185  
649  0.13804090336238917  
650  0.1380392359195265  
651  0.1380375752852363  
652  0.13803592125882402  
653  0.13803427363665488  
654  0.1380326322121268  
655  0.13803099677558262  
656  0.13802936711427338  
657  0.13802774301224408  
658  0.13802612425027672  
659  0.1380245106057747  
660  0.13802290185269706  
661  0.13802129776142957  
662  0.13801969809866965  
663  0.1380181026273074  
664  0.13801651110630442  
665  0.13801492329054066  
666  0.1380133389306618  
667  0.13801175777294894  
668  0.13801017955909733  
669  0.1380086040260886  
670  0.13800703090597977  
671  0.13800545992569868  
672  0.13800389080682474  
673  0.13800232326539374  
674  0.13800075701162728  
675  0.13799919174970554  
676  0.1379976271774893  
677  0.137996062986254  
678  0.13799449886039072  
679  0.13799293447710514  
680  0.1379913695060706  
681  0.1379898036091297  
682  0.13798823643989988  
683  0.1379866676434074  
684  0.13798509685571214  
685  0.13798352370345746  
686  0.13798194780347317  
687  0.13798036876227848  
688  0.1379787861756424  
689  0.13797719962804922  
690  0.1379756086921753  
691  0.13797401292834577  
692  0.13797241188394382  
693  0.13797080509279547  
694  0.1379691920745354  
695  0.13796757233393164  
696  0.13796594536017015  
697  0.13796431062613312  
698  0.13796266758759157  
699  0.13796101568241514  
700  0.1379593543297244  
701  0.1379576829289365  
702  0.13795600085889725  
703  0.13795430747684345  
704  0.1379526021173788  
705  0.13795088409138268  
706  0.13794915268488606  
707  0.13794740715786125  
708  0.13794564674295418  
709  0.13794387064420488  
710  0.1379420780356414  
711  0.13794026805983717  
712  0.13793843982640996  
713  0.13793659241042433  
714  0.137934724850731  
715  0.13793283614824103  
716  0.13793092526408268  
717  0.13792899111771317  
718  0.1379270325849199  
719  0.13792504849573828  
720  0.13792303763227998  
721  0.1379209987264458  
722  0.13791893045757286  
723  0.1379168314499526  
724  0.1379147002702441  
725  0.13791253542482318  
726  0.13791033535695008  
727  0.13790809844390328  
728  0.13790582299396825  
729  0.13790350724331235  
730  0.13790114935277575  
731  0.1378987474045389  
732  0.1378962993986892  
733  0.13789380324970624  
734  0.13789125678281788  
735  0.13788865773034265  
736  0.13788600372786108  
737  0.1378832923104163  
738  0.13788052090859815  
739  0.13787768684466317  
740  0.13787478732854885  
741  0.13787181945401528  
742  0.13786878019475135  
743  0.1378656664005865  
744  0.13786247479380365  
745  0.1378592019656366  
746  0.13785584437294363  
747  0.13785239833516827  
748  0.13784886003163588  
749  0.13784522549923217  
750  0.1378414906305706  
751  0.13783765117276547  
752  0.13783370272684092  
753  0.1378296407479529  
754  0.13782546054650724  
755  0.13782115729033495  
756  0.13781672600803563  
757  0.13781216159368537  
758  0.13780745881303014  
759  0.13780261231140845  
760  0.13779761662349854  
761  0.13779246618517538  
762  0.13778715534763097  
763  0.13778167839397892  
764  0.1377760295585242  
765  0.13777020304896648  
766  0.13776419307165277  
767  0.13775799386012144  
768  0.13775159970707496  
769  0.1377450049999257  
770  0.13773820426002614  
771  0.13773119218560093  
772  0.13772396369844264  
773  0.13771651399427998  
774  0.13770883859664707  
775  0.1377009334141066  
776  0.13769279480043695  
777  0.13768441961742428  
778  0.1376758052996041  
779  0.13766694992048978  
780  0.13765785225927152  
781  0.137648511867271  
782  0.13763892913299758  
783  0.13762910534475736  
784  0.1376190427495113  
785  0.13760874460673844  
786  0.13759821523585702  
787  0.13758746005594902  
788  0.13757648561626967  
789  0.13756529961640096  
790  0.13755391091469837  
791  0.13754232952410816  
792  0.13753056659439256  
793  0.1375186343802165  
794  0.1375065461947581  
795  0.13749431634873144  
796  0.13748196007526792  
797  0.13746949344118586  
798  0.13745693324574337  
799  0.13744429690814353  
800  0.13743160234552176  
801  0.13741886784323154  
802  0.1374061119196357  
803  0.1373933531877004  
804  0.1373806102156757  
805  0.1373679013893766  
806  0.13735524477829708  
807  0.13734265800784218  
808  0.13733015813966953  
809  0.1373177615618838  
810  0.13730548389065433  
811  0.13729333988433345  
812  0.13728134337097542  
813  0.13726950718972364  
814  0.13725784314618783  
815  0.13724636198170703  
816  0.13723507335600793  
817  0.137223985842577  
818  0.13721310693585353  
819  0.13720244306911966  
820  0.1371919996419736  
821  0.13718178105603118  
822  0.13717179075766972  
823  0.13716203128633742  
824  0.1371525043273948  
825  0.13714321076806402  
826  0.13713415075553415  
827  0.13712532375609676  
828  0.13711672861445956  
829  0.13710836361244738  
830  0.13710022652635434  
831  0.13709231468245342  
832  0.13708462501018925  
833  0.13707715409266852  
834  0.13706989821426985  
835  0.13706285340510782  
836  0.1370560154823537  
837  0.13704938008828882  
838  0.13704294272519602  
839  0.13703669878708113  
840  0.1370306435884019  
841  0.13702477238986122  
842  0.13701908042146616  
843  0.1370135629030217  
844  0.13700821506216254  
845  0.13700303215021814  
846  0.13699800945595508  
847  0.13699314231749382  
848  0.1369884261324794  
849  0.13698385636672172  
850  0.1369794285614293  
851  0.13697513833922104  
852  0.13697098140897723  
853  0.1369669535697562  
854  0.13696305071380233  
855  0.13695926882879506  
856  0.13695560399943052  
857  0.13695205240841646  
858  0.13694861033696382  
859  0.13694527416481173  
860  0.13694204036991398  
861  0.13693890552781407  
862  0.13693586631067511  
863  0.13693291948617992  
864  0.13693006191615564  
865  0.13692729055510355  
866  0.13692460244857485  
867  0.13692199473143807  
868  0.1369194646260692  
869  0.13691700944050278  
870  0.13691462656649933  
871  0.13691231347762622  
872  0.1369100677272591  
873  0.13690788694666312  
874  0.13690576884296446  
875  0.13690371119723244  
876  0.13690171186249755  
877  0.13689976876183363  
878  0.1368978798864282  
879  0.13689604329372862  
880  0.1368942571055608  
881  0.1368925195062919  
882  0.13689082874108327  
883  0.13688918311408071  
884  0.13688758098671694  
885  0.13688602077602297  
886  0.1368845009529691  
887  0.1368830200408495  
888  0.13688157661372125  
889  0.13688016929483293  
890  0.1368787967551548  
891  0.13687745771188053  
892  0.13687615092702043  
893  0.1368748752059974  
894  0.13687362939627945  
895  0.13687241238606196  
896  0.13687122310298727  
897  0.13687006051287132  
898  0.13686892361849334  
899  0.13686781145839877  
900  0.13686672310575965  
901  0.13686565766722225  
902  0.13686461428182284  
903  0.1368635921199457  
904  0.13686259038225912  
905  0.13686160829872618  
906  0.13686064512762652  
907  0.1368597001546088  
908  0.1368587726917765  
909  0.13685786207677486  
910  0.1368569676719591  
911  0.13685608886350897  
912  0.1368552250606545  
913  0.13685437569485104  
914  0.13685354021904106  
915  0.13685271810688793  
916  0.1368519088520559  
917  0.1368511119675313  
918  0.1368503269849226  
919  0.13684955345380634  
920  0.13684879094111047  
921  0.13684803903048137  
922  0.13684729732168366  
923  0.1368465654300446  
924  0.13684584298587654  
925  0.13684512963394158  
926  0.1368444250329357  
927  0.13684372885497442  
928  0.13684304078510667  
929  0.13684236052084553  
930  0.13684168777170413  
931  0.1368410222587606  
932  0.13684036371423103  
933  0.13683971188104482  
934  0.1368390665124617  
935  0.13683842737167717  
936  0.13683779423146114  
937  0.13683716687377734  
938  0.13683654508946297  
939  0.13683592867787353  
940  0.13683531744656308  
941  0.13683471121099378  
942  0.13683410979419852  
943  0.13683351302652325  
944  0.1368329207453267  
945  0.13683233279471207  
946  0.1368317490252886  
947  0.13683116929389216  
948  0.13683059346334514  
949  0.13683002140225153  
950  0.13682945298474047  
951  0.1368288880902625  
952  0.13682832660338673  
953  0.1368277684135809  
954  0.13682721341503523  
955  0.13682666150646927  
956  0.13682611259095978  
957  0.1368255665757393  
958  0.1368250233720667  
959  0.13682448289504412  
960  0.1368239450634683  
961  0.1368234097996779  
962  0.13682287702941742  
963  0.13682234668169402  
964  0.13682181868864274  
965  0.13682129298540335  
966  0.1368207695100052  
967  0.13682024820322192  
968  0.1368197290084877  
969  0.13681921187177415  
970  0.13681869674149194  
971  0.13681818356837339  
972  0.13681767230539987  
973  0.13681716290768342  
974  0.13681665533239018  
975  0.13681614953866295  
976  0.13681564548751524  
977  0.13681514314177412  
978  0.1368146424659853  
979  0.136814143426354  
980  0.13681364599066748  
981  0.13681315012821682  
982  0.1368126558097531  
983  0.13681216300741994  
984  0.13681167169466424  
985  0.13681118184622554  
986  0.13681069343804508  
987  0.13681020644722186  
988  0.13680972085197007  
989  0.1368092366315562  
990  0.13680875376626278  
991  0.13680827223733938  
992  0.13680779202695303  
993  0.13680731311816108  
994  0.13680683549486283  
995  0.13680635914174677  
996  0.13680588404428473  
997  0.13680541018867176  
998  0.1368049375617989  
999  0.1368044661512291  
