0  0.9946239080763678  
1  0.33444943222217094  
2  0.2366036732896485  
3  0.22557186212061642  
4  0.22002830076863023  
5  0.2168072726782555  
6  0.2145539719136036  
7  0.21263773414695986  
8  0.2107734939331084  
9  0.20883369739000435  
10  0.20676405501023076  
11  0.20456475353122883  
12  0.20226707710845848  
13  0.19983620715988604  
14  0.19706933592622855  
15  0.19424500786958154  
16  0.19168555367576157  
17  0.18946017373774915  
18  0.1874905641275153  
19  0.18573741221455764  
20  0.1841730371761614  
21  0.1827735490574003  
22  0.18151896836686499  
23  0.18039297750115535  
24  0.17938187969011166  
25  0.17847353437048807  
26  0.1776566577754467  
27  0.17692051900021522  
28  0.1762549078976019  
29  0.17565023325604878  
30  0.17509764835436215  
31  0.17458914798813463  
32  0.17411761670102954  
33  0.17367682890241676  
34  0.17326141103700532  
35  0.17286677837967834  
36  0.17248905784036417  
37  0.17212500559101818  
38  0.17177192557297838  
39  0.17142759256465634  
40  0.17109018167670775  
41  0.1707582048982682  
42  0.1704304545647547  
43  0.17010595324606004  
44  0.16978390945412725  
45  0.16946367864467715  
46  0.16914472916386303  
47  0.16882661301586432  
48  0.16850894157141028  
49  0.16819136658131517  
50  0.16787356708434786  
51  0.16755524296406366  
52  0.16723611594321564  
53  0.1669159385972222  
54  0.16659451139681503  
55  0.16627170676540337  
56  0.1659474976890123  
57  0.1656219867799924  
58  0.16529543035472172  
59  0.16496825170090978  
60  0.16464103887727766  
61  0.16431452526838353  
62  0.16398955512100422  
63  0.16366704008477306  
64  0.1633479147969541  
65  0.16303309880386363  
66  0.16272346886544453  
67  0.16241984144828392  
68  0.16212296194196962  
69  0.16183349619589782  
70  0.1615520214474313  
71  0.16127901648712362  
72  0.16101485339741972  
73  0.1607597941935367  
74  0.16051399486416174  
75  0.1602775172169043  
76  0.16005034661956108  
77  0.1598324121635324  
78  0.1596236054630482  
79  0.15942379515961724  
80  0.15923283572465408  
81  0.15905057072202244  
82  0.15887683183153234  
83  0.15871143544898902  
84  0.1585541786313036  
85  0.15840483575672892  
86  0.15826315674801905  
87  0.1581288672260297  
88  0.1580016705979349  
89  0.15788125184554025  
90  0.15776728263773399  
91  0.15765942731565696  
92  0.15755734926869558  
93  0.15746071722459354  
94  0.15736921101574775  
95  0.15728252645376106  
96  0.15720037904129158  
97  0.1571225063642282  
98  0.15704866912668436  
99  0.15697865090376484  
100  0.15691225678121257  
101  0.1568493111196666  
102  0.15678965472015516  
103  0.15673314167690522  
104  0.15667963618660197  
105  0.15662900954555603  
106  0.1565811375146382  
107  0.15653589817344382  
108  0.156493170326635  
109  0.15645283247224107  
110  0.15641476229750628  
111  0.156378836635631  
112  0.15634493179576547  
113  0.15631292416986708  
114  0.15628269101987136  
115  0.1562541113566308  
116  0.15622706683452847  
117  0.15620144260095536  
118  0.1561771280558103  
119  0.1561540174914191  
120  0.1561320105968942  
121  0.15611101282191875  
122  0.15609093560399934  
123  0.15607169646928098  
124  0.15605321902119618  
125  0.1560354328335496  
126  0.15601827326531081  
127  0.15600168121414337  
128  0.1559856028245532  
129  0.15596998916492777  
130  0.15595479588596373  
131  0.15593998287093036  
132  0.15592551388635456  
133  0.15591135623997776  
134  0.15589748045106977  
135  0.15588385993697274  
136  0.15587047071839744  
137  0.155857291145041  
138  0.15584430164229102  
139  0.15583148447916084  
140  0.15581882355704801  
141  0.15580630421860409  
142  0.1557939130757462  
143  0.15578163785560073  
144  0.1557694672631489  
145  0.1557573908592781  
146  0.15574539895292538  
147  0.15573348250597574  
148  0.15572163304977082  
149  0.15570984261198717  
150  0.15569810365285042  
151  0.15568640900956932  
152  0.15567475184818547  
153  0.15566312562186502  
154  0.155651524034931  
155  0.1556399410118522  
156  0.1556283706706445  
157  0.15561680730000693  
158  0.15560524533977083  
159  0.15559367936405955  
160  0.15558210406694217  
161  0.1555705142499817  
162  0.15555890481148982  
163  0.15554727073712826  
164  0.15553560709160075  
165  0.15552390901113233  
166  0.15551217169659037  
167  0.15550039040699182  
168  0.15548856045319492  
169  0.15547667719168334  
170  0.15546473601815547  
171  0.15545273236093327  
172  0.1554406616739027  
173  0.15542851942897562  
174  0.15541630110792015  
175  0.15540400219341732  
176  0.15539161815934088  
177  0.15537914446003143  
178  0.15536657651862806  
179  0.15535390971427243  
180  0.15534113936815475  
181  0.15532826072833084  
182  0.15531526895322068  
183  0.15530215909379452  
184  0.15528892607428757  
185  0.1552755646714744  
186  0.15526206949243837  
187  0.1552484349507518  
188  0.1552346552410594  
189  0.15522072431200395  
190  0.15520663583744598  
191  0.1551923831859887  
192  0.15517795938871615  
193  0.15516335710512041  
194  0.15514856858727266  
195  0.1551335856420839  
196  0.15511839959180096  
197  0.15510300123264587  
198  0.1550873807916584  
199  0.15507152788180067  
200  0.1550554314554229  
201  0.15503907975617004  
202  0.15502246026958566  
203  0.15500555967259078  
204  0.15498836378219716  
205  0.1549708575038795  
206  0.15495302478014983  
207  0.15493484854003137  
208  0.15491631065028455  
209  0.15489739186939855  
210  0.1548780718057834  
211  0.1548583288815123  
212  0.15483814030369114  
213  0.15481748204551882  
214  0.15479632883968686  
215  0.1547746541871542  
216  0.15475243038471165  
217  0.15472962857532546  
218  0.15470621882558744  
219  0.15468217023532094  
220  0.15465745108450724  
221  0.15463202902335726  
222  0.1546058713114633  
223  0.15457894511208847  
224  0.1545512178475903  
225  0.15452265762147477  
226  0.15449323371182966  
227  0.15446291713956695  
228  0.15443168131318719  
229  0.15439950274909708  
230  0.15436636186365593  
231  0.15433224382898125  
232  0.15429713948003942  
233  0.15426104625540082  
234  0.1542239691482652  
235  0.1541859216385132  
236  0.15414692657093365  
237  0.15410701693973605  
238  0.15406623653571205  
239  0.1540246404104364  
240  0.15398229511272965  
241  0.15393927865596346  
242  0.15389568018199484  
243  0.15385159929803593  
244  0.15380714507652948  
245  0.15376243472475348  
246  0.1537175919486996  
247  0.15367274505458117  
248  0.15362802484805016  
249  0.15358356240565652  
250  0.15353948680279272  
251  0.15349592288664204  
252  0.15345298918111205  
253  0.15341079600295038  
254  0.15336944385529194  
255  0.15332902214806765  
256  0.15328960827512217  
257  0.15325126705808745  
258  0.153214050547831  
259  0.15317799815799282  
260  0.15314313709189897  
261  0.1531094830152916  
262  0.15307704092217933  
263  0.15304580614033236  
264  0.15301576542480666  
265  0.15298689809266786  
266  0.1529591771583313  
267  0.15293257043615804  
268  0.15290704158430368  
269  0.15288255107112825  
270  0.15285905705185943  
271  0.15283651614891647  
272  0.15281488413399114  
273  0.1527941165135246  
274  0.152774169022161  
275  0.15275499803048742  
276  0.15273656087460186  
277  0.1527188161158035  
278  0.15270172373862723  
279  0.1526852452955173  
280  0.15266934400583176  
281  0.15265398481639803  
282  0.1526391344302045  
283  0.15262476130899283  
284  0.15261083565491784  
285  0.15259732937577275  
286  0.15258421603752448  
287  0.15257147080745181  
288  0.15255907039057015  
289  0.15254699296158436  
290  0.15253521809421422  
291  0.1525237266893621  
292  0.15251250090331292  
293  0.15250152407684092  
294  0.1524907806659982  
295  0.15248025617508  
296  0.15246993709208545  
297  0.15245981082707538  
298  0.15244986565342244  
299  0.1524400906521859  
300  0.15243047565951906  
301  0.15242101121718465  
302  0.1524116885260569  
303  0.1524024994025598  
304  0.15239343623792923  
305  0.15238449196022952  
306  0.15237565999895886  
307  0.15236693425216674  
308  0.15235830905598813  
309  0.15234977915646153  
310  0.15234133968355568  
311  0.15233298612738133  
312  0.15232471431645667  
313  0.15231652039800292  
314  0.15230840082037878  
315  0.15230035231745997  
316  0.1522923718951681  
317  0.1522844568201468  
318  0.1522766046107028  
319  0.15226881303006334  
320  0.1522610800821942  
321  0.1522534040102167  
322  0.1522457832976073  
323  0.1522382166723002  
324  0.1522307031136545  
325  0.152223241862239  
326  0.1522158324321341  
327  0.1522084746251534  
328  0.15220116854605514  
329  0.15219391461730192  
330  0.1521867135912709  
331  0.15217956655728893  
332  0.1521724749400657  
333  0.15216544048561342  
334  0.15215846523059595  
335  0.15215155145113046  
336  0.1521447015882038  
337  0.15213791814872224  
338  0.15213120358392385  
339  0.1521245601502823  
340  0.1521179897618179  
341  0.15211149384551048  
342  0.1521050732134157  
343  0.15209872796448143  
344  0.15209245742653843  
345  0.15208626014425042  
346  0.1520801339130824  
347  0.15207407585395227  
348  0.15206808251902137  
349  0.1520621500167738  
350  0.15205627414484013  
351  0.1520504505205783  
352  0.1520446747024481  
353  0.15203894229819226  
354  0.15203324905851912  
355  0.15202759095697993  
356  0.1520219642575612  
357  0.15201636557186782  
358  0.15201079190753275  
359  0.15200524070870192  
360  0.15199410291764504  
361  0.15190285976964824  
362  0.15189135544119792  
363  0.1518836578751367  
364  0.15187711094778622  
365  0.15187109261529952  
366  0.15186531350445742  
367  0.15185965230424459  
368  0.15185405960926923  
369  0.15184851534643518  
370  0.15184301167904668  
371  0.1518375461500433  
372  0.15183211883291192  
373  0.15182673107683076  
374  0.15182138490629615  
375  0.15181608270191105  
376  0.15181082701037463  
377  0.15180562041986745  
378  0.15180046547287618  
379  0.15179536460285448  
380  0.1517903200879771  
381  0.15178533401761563  
382  0.1517804082688773  
383  0.15177554449117425  
384  0.15177074409730584  
385  0.15176600825978614  
386  0.1517613379114522  
387  0.15175673374952114  
388  0.15175219624228542  
389  0.15174772563798478  
390  0.15174332197521068  
391  0.15173898509451533  
392  0.1517347146507555  
393  0.15173051012591898  
394  0.1517263708422093  
395  0.15172229597506415  
396  0.15171828456603254  
397  0.1517143355353361  
398  0.1517104476940131  
399  0.15170661975552346  
400  0.15170285034682818  
401  0.1516991380188315  
402  0.15169548125616972  
403  0.15169187848638777  
404  0.15168832808842436  
405  0.1516848284004534  
406  0.15168137772712287  
407  0.15167797434612595  
408  0.15167461651418845  
409  0.15167130247250982  
410  0.15166803045163924  
411  0.15166479867583083  
412  0.15166160536691675  
413  0.15165844874775603  
414  0.15165532704517848  
415  0.151652238492609  
416  0.1516491813322578  
417  0.15164615381700963  
418  0.15164315421195762  
419  0.15164018079564034  
420  0.15163723186101774  
421  0.1516343057161884  
422  0.15163140068485625  
423  0.15162851510659348  
424  0.15162564733688244  
425  0.15162279574702053  
426  0.15161995872378586  
427  0.15161713466901017  
428  0.1516143219989703  
429  0.15161151914365267  
430  0.15160872454591356  
431  0.15160593666052102  
432  0.15160315395306156  
433  0.15160037489883105  
434  0.15159759798154804  
435  0.15159482169205363  
436  0.15159204452690378  
437  0.15158926498691572  
438  0.15158648157564003  
439  0.1515836927977714  
440  0.1515808971575091  
441  0.1515780931568833  
442  0.15157527929400882  
443  0.15157245406129716  
444  0.15156961594364493  
445  0.15156676341656838  
446  0.15156389494429878  
447  0.15156100897782365  
448  0.15155810395293423  
449  0.151555178288179  
450  0.15155223038283927  
451  0.15154925861479518  
452  0.15154626133843752  
453  0.15154323688246685  
454  0.15154018354770038  
455  0.15153709960483852  
456  0.15153398329212642  
457  0.15153083281307766  
458  0.15152764633408178  
459  0.15152442198194915  
460  0.15152115784150377  
461  0.15151785195301593  
462  0.1515145023096629  
463  0.1515111068549162  
464  0.15150766347984645  
465  0.15150417002041516  
466  0.15150062425469468  
467  0.15149702390001796  
468  0.15149336661008972  
469  0.1514896499720072  
470  0.15148587150325166  
471  0.15148202864860394  
472  0.1514781187769828  
473  0.15147413917822894  
474  0.15147008705983567  
475  0.15146595954359443  
476  0.15146175366219305  
477  0.15145746635572888  
478  0.15145309446817057  
479  0.151448634743777  
480  0.15144408382341368  
481  0.1514394382408597  
482  0.15143469441900925  
483  0.151429848666076  
484  0.15142489717170682  
485  0.15141983600307396  
486  0.15141466110094293  
487  0.1514093682756773  
488  0.15140395320324607  
489  0.15139841142122268  
490  0.15139273832474698  
491  0.15138692916253205  
492  0.15138097903285563  
493  0.1513748828795921  
494  0.15136863548827217  
495  0.15136223148221517  
496  0.15135566531871536  
497  0.15134893128532945  
498  0.15134202349622194  
499  0.15133493588869684  
500  0.15132766221978933  
501  0.1513201960630981  
502  0.15131253080569085  
503  0.15130465964532946  
504  0.15129657558780196  
505  0.15128827144456536  
506  0.15127973983061693  
507  0.15127097316267113  
508  0.15126196365761935  
509  0.15125270333134666  
510  0.15124318399785297  
511  0.15123339726879415  
512  0.151223334553358  
513  0.15121298705857855  
514  0.15120234579004455  
515  0.15119140155303734  
516  0.15118014495412202  
517  0.15116856640313092  
518  0.15115665611565265  
519  0.15114440411589447  
520  0.1511318002400166  
521  0.1511188341398454  
522  0.1511054952869929  
523  0.15109177297734955  
524  0.15107765633585235  
525  0.15106313432160712  
526  0.15104819573318018  
527  0.15103282921408145  
528  0.15101702325836686  
529  0.15100076621621583  
530  0.15098404629946915  
531  0.15096685158699674  
532  0.15094917002976527  
533  0.15093098945551553  
534  0.1509122975729007  
535  0.1508930819749552  
536  0.15087333014173165  
537  0.15085302944194823  
538  0.1508321671334678  
539  0.1508107303624494  
540  0.15078870616096762  
541  0.15076608144289205  
542  0.15074284299785268  
543  0.15071897748307506  
544  0.150694471412831  
545  0.15066931114535187  
546  0.15064348286696716  
547  0.15061697257319973  
548  0.15058976604666963  
549  0.15056184883153756  
550  0.15053320620432786  
551  0.15050382314088062  
552  0.1504736842792298  
553  0.15044277387833005  
554  0.15041107577233148  
555  0.15037857332032278  
556  0.15034524935142524  
557  0.15031108610512156  
558  0.15027606516677772  
559  0.1502401673982805  
560  0.1502033728639105  
561  0.1501656607514238  
562  0.15012700928857103  
563  0.15008739565521967  
564  0.15004679589145153  
565  0.1500051848020164  
566  0.14996253585772235  
567  0.14991882109450505  
568  0.14987401101103592  
569  0.14982807446604607  
570  0.1497809785767512  
571  0.14973268862004885  
572  0.1496831679386742  
573  0.14963237785475436  
574  0.14958027759386405  
575  0.1495268242232628  
576  0.14947197260867162  
577  0.14941567539479528  
578  0.14935788301576425  
579  0.1492985437426625  
580  0.1492376037765597  
581  0.14917500739670542  
582  0.14911069717493675  
583  0.149044614268818  
584  0.14897669880731057  
585  0.14890689038424232  
586  0.14883512867574133  
587  0.14876135419860714  
588  0.148685509226547  
589  0.14860753888038702  
590  0.14852739240644097  
591  0.14844502465358533  
592  0.14836039775418564  
593  0.1482734830063932  
594  0.1481842629450475  
595  0.14809273357562103  
596  0.14799890672996907  
597  0.14790281248505488  
598  0.1478045015661269  
599  0.14770404763645506  
600  0.14760154935707992  
601  0.1474971320852957  
602  0.1473909490720514  
603  0.14728318201790946  
604  0.1471740408586938  
605  0.14706376267539456  
606  0.14695260966008883  
607  0.14684086611899239  
608  0.1467288345524591  
609  0.14661683091546474  
610  0.14650517922429762  
611  0.14639420572981232  
612  0.1462842329171773  
613  0.14617557361244482  
614  0.1460685254734957  
615  0.14596336611697103  
616  0.1458603490863788  
617  0.14575970080365885  
618  0.14566161857425453  
619  0.14556626963982822  
620  0.14547379120013626  
621  0.1453842912607568  
622  0.14529785011087792  
623  0.1452145221987442  
624  0.1451343381558855  
625  0.14505730672985429  
626  0.14498341642554036  
627  0.14491263673024546  
628  0.14484491890737183  
629  0.14478019647466278  
630  0.1447183856110541  
631  0.14465938582532756  
632  0.14460308123496635  
633  0.14454934272508513  
634  0.144498031092952  
635  0.14444900107287317  
636  0.1444021059348254  
637  0.14435720221225812  
638  0.1443141540692615  
639  0.14427283686477066  
640  0.1442331395881411  
641  0.14419496599610582  
642  0.1441582344501321  
643  0.14412287661589207  
644  0.14408883532264005  
645  0.14405606196588916  
646  0.14402451385010984  
647  0.14399415180512531  
648  0.14396493829062273  
649  0.14393683606769248  
650  0.1439098074031303  
651  0.14388381370317915  
652  0.14385881544904155  
653  0.14383477231396125  
654  0.14381164336437102  
655  0.14378938727422785  
656  0.14376796250502633  
657  0.14374732742236185  
658  0.14372744033224272  
659  0.1437082594281911  
660  0.14368974264405632  
661  0.1436718474084706  
662  0.14365453029594855  
663  0.1436377465674067  
664  0.14362144958956646  
665  0.14360559011920093  
666  0.14359011543403088  
667  0.14357496828832117  
668  0.14356008566769218  
669  0.14354539731521276  
670  0.14353082400040829  
671  0.14351627550571466  
672  0.14350164831336343  
673  0.1434868229927816  
674  0.14347166131849687  
675  0.14345600319743457  
676  0.14343966355907878  
677  0.14342242947132045  
678  0.14340405789639177  
679  0.14338427470059134  
680  0.1433627757741528  
681  0.143339231382541  
682  0.14331329510524016  
683  0.1432846188263447  
684  0.1432528750723483  
685  0.14321778735029778  
686  0.14317916783023987  
687  0.14313695965281903  
688  0.1430912785090993  
689  0.14304244554868606  
690  0.14299100220182914  
691  0.1429376984224826  
692  0.14288345000172964  
693  0.14282926756936187  
694  0.14277616770145896  
695  0.1427250821686562  
696  0.14267678225163782  
697  0.14263183067279084  
698  0.14259056591101515  
699  0.1425531156781641  
700  0.14251943090023156  
701  0.14248932977225026  
702  0.14246254276108072  
703  0.1424387523574291  
704  0.14241762451013917  
705  0.14239883114026441  
706  0.14238206465213232  
707  0.14236704604346584  
708  0.14235352833157222  
709  0.1423412968174852  
710  0.1423301673946863  
711  0.14231998378614918  
712  0.14231061431591785  
713  0.1423019486052216  
714  0.14229389442618956  
715  0.14228637483786422  
716  0.1422793256583168  
717  0.14227269328223224  
718  0.14226643282767515  
719  0.1422605065820518  
720  0.14225488271162123  
721  0.1422495341979988  
722  0.14224443796688802  
723  0.14223957417745026  
724  0.1422349256447204  
725  0.14223047737118155  
726  0.14222621616744546  
727  0.14222213034527287  
728  0.14221820946909125  
729  0.14221444415471052  
730  0.14221082590598078  
731  0.14220734698199045  
732  0.14220400028875047  
733  0.14220077929058816  
734  0.14219767793728422  
735  0.142194690604038  
736  0.1421918120415393  
737  0.14218903733441324  
738  0.1421863618662983  
739  0.14218378129033815  
740  0.14218129150413694  
741  0.14217888862826622  
742  0.14217656898774722  
743  0.14217432909600491  
744  0.14217216564076784  
745  0.14217007547171456  
746  0.14216805558948742  
747  0.14216610313587885  
748  0.14216421538504886  
749  0.14216238973557593  
750  0.14216062370323068  
751  0.1421589149143876  
752  0.1421572610999684  
753  0.14215566008989777  
754  0.1421541098079372  
755  0.14215260826690856  
756  0.14215115356424335  
757  0.14214974387782298  
758  0.14214837746211417  
759  0.14214705264449445  
760  0.14214576782183275  
761  0.14214452145726764  
762  0.1421433120771468  
763  0.14214213826815436  
764  0.14214099867460284  
765  0.14213989199582788  
766  0.14213881698377462  
767  0.14213777244065384  
768  0.14213675721675922  
769  0.1421357702083733  
770  0.1421348103557677  
771  0.1421338766413337  
772  0.14213296808775233  
773  0.14213208375631037  
774  0.14213122274524603  
775  0.1421303841881819  
776  0.14212956725268744  
777  0.14212877113880373  
778  0.14212799507773055  
779  0.14212723833052565  
780  0.14212650018686013  
781  0.1421257799638761  
782  0.1421250770050192  
783  0.14212439067900717  
784  0.14212372037877286  
785  0.14212306552049614  
786  0.14212242554266974  
787  0.14212179990518614  
788  0.14212118808851237  
789  0.14212058959282892  
790  0.14212000393727486  
791  0.14211943065917365  
792  0.14211886931334483  
793  0.1421183194713782  
794  0.142117780720999  
795  0.1421172526654333  
796  0.14211673492278742  
797  0.14211622712549543  
798  0.14211572891973534  
799  0.14211523996490893  
800  0.1421147599331377  
801  0.14211428850877716  
802  0.14211382538791462  
803  0.14211337027795568  
804  0.14211292289718713  
805  0.14211248297434853  
806  0.14211205024824147  
807  0.14211162446735837  
808  0.1421112053895014  
809  0.14211079278143401  
810  0.14211038641856588  
811  0.14210998608460135  
812  0.14210959157124137  
813  0.14210920267788518  
814  0.14210881921134022  
815  0.14210844098555953  
816  0.14210806782135288  
817  0.1421076995461623  
818  0.1421073359937972  
819  0.14210697700419928  
820  0.14210662242324623  
821  0.14210627210248128  
822  0.14210592589895554  
823  0.14210558367501624  
824  0.14210524529808544  
825  0.14210491064050945  
826  0.1421045795793655  
827  0.14210425199628196  
828  0.14210392777729353  
829  0.14210360681266643  
830  0.14210328899675384  
831  0.14210297422783924  
832  0.14210266240801062  
833  0.14210235344300426  
834  0.1421020472420882  
835  0.14210174371794404  
836  0.14210144278650771  
837  0.14210114436689913  
838  0.14210084838127612  
839  0.14210055475474337  
840  0.14210026341523174  
841  0.14209997429341648  
842  0.14209968732261047  
843  0.14209940243865793  
844  0.14209911957986332  
845  0.14209883868690676  
846  0.14209855970273455  
847  0.14209828257249724  
848  0.14209800724347865  
849  0.14209773366499667  
850  0.14209746178834626  
851  0.14209719156673706  
852  0.14209692295520437  
853  0.1420966559105561  
854  0.1420963903913196  
855  0.1420961263576508  
856  0.14209586377131767  
857  0.14209560259560083  
858  0.14209534279527392  
859  0.14209508433653517  
860  0.142094827186944  
861  0.1420945713153995  
862  0.14209431669207617  
863  0.14209406328838003  
864  0.14209381107690333  
865  0.14209356003138351  
866  0.14209331012667792  
867  0.14209306133867994  
868  0.14209281364433624  
869  0.1420925670215717  
870  0.14209232144926776  
871  0.14209207690721803  
872  0.14209183337611897  
873  0.14209159083749157  
874  0.1420913492737046  
875  0.1420911086679164  
876  0.14209086900403067  
877  0.142090630266703  
878  0.1420903924412874  
879  0.14209015551382786  
880  0.14208991947101823  
881  0.1420896843001791  
882  0.142089449989244  
883  0.14208921652674045  
884  0.1420889839017404  
885  0.14208875210387162  
886  0.1420885211232712  
887  0.14208829095058662  
888  0.14208806157693832  
889  0.14208783299391659  
890  0.14208760519354846  
891  0.1420873781683042  
892  0.14208715191103483  
893  0.14208692641501375  
894  0.1420867016738777  
895  0.14208647768163452  
896  0.14208625443262668  
897  0.14208603192155023  
898  0.1420858101434026  
899  0.1420855890935031  
900  0.1420853687674457  
901  0.14208514916113113  
902  0.14208493027071367  
903  0.1420847120926113  
904  0.1420844946234825  
905  0.14208427786022126  
906  0.1420840617999657  
907  0.14208384644004313  
908  0.1420836317780072  
909  0.14208341781159506  
910  0.14208320453873835  
911  0.14208299195754304  
912  0.1420827800662875  
913  0.14208256886340653  
914  0.14208235834750615  
915  0.14208214851731427  
916  0.1420819393717141  
917  0.142081730909708  
918  0.14208152313043765  
919  0.14208131603315288  
920  0.14208110961722575  
921  0.14208090388211025  
922  0.14208069882739194  
923  0.14208049445272652  
924  0.14208029075786632  
925  0.1420800877426479  
926  0.1420798854069789  
927  0.1420796837508551  
928  0.14207948277432203  
929  0.14207928247749457  
930  0.14207908286055626  
931  0.14207888392373047  
932  0.1420786856673033  
933  0.14207848809160362  
934  0.142078291196996  
935  0.1420780949838948  
936  0.14207789945274585  
937  0.14207770460401992  
938  0.14207751043823325  
939  0.1420773169559134  
940  0.1420771241576111  
941  0.1420769320439048  
942  0.14207674061538889  
943  0.14207654987266682  
944  0.14207635981635214  
945  0.14207617044707943  
946  0.1420759817654771  
947  0.1420757937721857  
948  0.14207560646785033  
949  0.14207541985310346  
950  0.14207523392859323  
951  0.14207504869495446  
952  0.14207486415281645  
953  0.14207468030280557  
954  0.14207449714553733  
955  0.14207431468161447  
956  0.14207413291163262  
957  0.14207395183616733  
958  0.14207377145579336  
959  0.14207359177105106  
960  0.14207341278248287  
961  0.14207323449059306  
962  0.1420730568958779  
963  0.14207287999881624  
964  0.14207270379985804  
965  0.14207252829942907  
966  0.14207235349793979  
967  0.14207217939577588  
968  0.14207200599328462  
969  0.14207183329080475  
970  0.14207166128863524  
971  0.14207148998706243  
972  0.14207131938632156  
973  0.14207114948664412  
974  0.14207098028822096  
975  0.14207081179120606  
976  0.14207064399574054  
977  0.14207047690191865  
978  0.14207031050982  
979  0.142070144819469  
980  0.1420699798308871  
981  0.1420698155440432  
982  0.14206965195888377  
983  0.1420694890753167  
984  0.1420693268932185  
985  0.1420691654124414  
986  0.14206900463279248  
987  0.14206884455404445  
988  0.14206868517595628  
989  0.14206852649823165  
990  0.14206836852054616  
991  0.14206821124255042  
992  0.1420680546638482  
993  0.1420678987840206  
994  0.14206774360260965  
995  0.14206758911912232  
996  0.14206743533304078  
997  0.14206728224379772  
998  0.14206712985080627  
999  0.14206697815344227  
