0  0.9973476418479919  
1  0.5253674938522639  
2  0.34488151786561116  
3  0.24032061337477295  
4  0.2147893515859789  
5  0.2068627012273092  
6  0.20242986056338452  
7  0.19920199497572577  
8  0.19661987000372172  
9  0.19448817817436737  
10  0.1927063799241513  
11  0.19120650641698034  
12  0.18993509406708708  
13  0.1888475486489668  
14  0.18790650223272387  
15  0.18708111845225472  
16  0.18634635235610897  
17  0.18568204769543484  
18  0.18507200952601155  
19  0.1845031782762958  
20  0.18396496002774076  
21  0.18344871526400386  
22  0.182947385249851  
23  0.18245523053506885  
24  0.18196765844898255  
25  0.1814811192521456  
26  0.1809930513657907  
27  0.1805018548213917  
28  0.1800068701188604  
29  0.17950833905372476  
30  0.1790073267929554  
31  0.1785055918067926  
32  0.17800540190108693  
33  0.17750930829660505  
34  0.1770199017541798  
35  0.17653958133784797  
36  0.17607036532070275  
37  0.17561376541129958  
38  0.17517073281764917  
39  0.1747416716999065  
40  0.1743265057465091  
41  0.17392477867882616  
42  0.17353576930273906  
43  0.17315860487932955  
44  0.17279236130722808  
45  0.17243614343013258  
46  0.1720891428397775  
47  0.17175067353235351  
48  0.1714201877497734  
49  0.1710972755012018  
50  0.17078165182440352  
51  0.170473135965739  
52  0.17017162642974182  
53  0.16987707534211038  
54  0.16958946485159498  
55  0.16930878745161748  
56  0.16903503122938568  
57  0.16876817025062252  
58  0.16850815964202892  
59  0.16825493449279694  
60  0.1680084114717948  
61  0.16776849202823707  
62  0.1675350661662045  
63  0.16730801600326883  
64  0.16708721858727849  
65  0.16687254770785398  
66  0.1666638746674416  
67  0.16646106815045647  
68  0.1662639934398491  
69  0.16607251127915135  
70  0.1658864766731839  
71  0.1657057378747736  
72  0.16553013573343067  
73  0.16535950349991813  
74  0.16519366710184868  
75  0.16503244583956667  
76  0.16487565340535293  
77  0.16472309910429705  
78  0.16457458915087642  
79  0.16442992792756594  
80  0.16428891911498067  
81  0.16415136663203245  
82  0.16401707535403132  
83  0.16388585160280122  
84  0.16375750342348494  
85  0.1636318406765238  
86  0.1635086749807585  
87  0.163387819545173  
88  0.16326908892436898  
89  0.16315229872753478  
90  0.16303726530384266  
91  0.16292380542042606  
92  0.16281173594245502  
93  0.16270087351968565  
94  0.1625910342798108  
95  0.162482033526116  
96  0.16237368543570474  
97  0.16226580275399272  
98  0.16215819648134266  
99  0.16205067554867525  
100  0.16194304647977087  
101  0.16183511303918408  
102  0.16172667586584422  
103  0.16161753209330743  
104  0.16150747495866957  
105  0.161396293402861  
106  0.16128377166565921  
107  0.16116968887976257  
108  0.16105381866878687  
109  0.16093592875535356  
110  0.16081578058679402  
111  0.16069312898780608  
112  0.1605677218517081  
113  0.16043929988502947  
114  0.16030759642320735  
115  0.1601723373389815  
116  0.16003324106847994  
117  0.15989001878273146  
118  0.15974237473393027  
119  0.1595900068046482  
120  0.1594326072838963  
121  0.15926986388503517  
122  0.15910146100635758  
123  0.15892708121568289  
124  0.15874640691603148  
125  0.1585591221229823  
126  0.15836491425888444  
127  0.15816347585096502  
128  0.15795450601487593  
129  0.15773771162023775  
130  0.15751280807413914  
131  0.15727951972472654  
132  0.157037579976254  
133  0.15678673130965215  
134  0.15652672550433921  
135  0.1562573244381087  
136  0.15597830188550998  
137  0.15568944672525575  
138  0.15539056789871664  
139  0.15508150133610266  
140  0.1547621188970163  
141  0.1544323391746113  
142  0.1540921398068158  
143  0.15374157073950845  
144  0.15338076770547293  
145  0.1530099650228064  
146  0.1526295066797575  
147  0.15223985456867062  
148  0.151841592688561  
149  0.15143542621522266  
150  0.15102217463502843  
151  0.15060275876312523  
152  0.150178182481162  
153  0.14974951135767134  
154  0.14931785165451295  
155  0.14888433404660895  
156  0.14845010609075926  
157  0.1480163357066948  
158  0.1475842248665431  
159  0.14715502915812928  
160  0.1467300761066055  
161  0.14631077414029425  
162  0.145898605166638  
163  0.1454950962393028  
164  0.14510176856171442  
165  0.14472006435194906  
166  0.14435125468067556  
167  0.14399633647793264  
168  0.1436559354690149  
169  0.14333023989953952  
170  0.14301898913949185  
171  0.1427215265941716  
172  0.14243690399046838  
173  0.14216400784583894  
174  0.14190167761448214  
175  0.14164879591492885  
176  0.14140434527114232  
177  0.1411674358436389  
178  0.14093731276967847  
179  0.1407133515255713  
180  0.1404950475293728  
181  0.14028200374451116  
182  0.14007391814495174  
183  0.13987057173261797  
184  0.13967181721495237  
185  0.1394775682345576  
186  0.13928778901447691  
187  0.13910248433388683  
188  0.1389216898247294  
189  0.1387454626554412  
190  0.1385738727300252  
191  0.13840699457138406  
192  0.13824490007108403  
193  0.13808765227284847  
194  0.13793530031614487  
195  0.13778787560617078  
196  0.13764538920691016  
197  0.13750783038413728  
198  0.13737516616577272  
199  0.1370816695808077  
200  0.13644252479939156  
201  0.13554953366690636  
202  0.13512084795233048  
203  0.13474170989037892  
204  0.1343942836434161  
205  0.13407225145211277  
206  0.1337710258198651  
207  0.13348689229827437  
208  0.13321668453030422  
209  0.13295763587048837  
210  0.13270729632539013  
211  0.13246347648257906  
212  0.13222420597925955  
213  0.1319877018704989  
214  0.13175234493048882  
215  0.13151666309983556  
216  0.13127932183186142  
217  0.13103912124633055  
218  0.13079499990775  
219  0.13054604479864973  
220  0.13029150670338574  
221  0.13003081977746  
222  0.12976362356576676  
223  0.12948978518285625  
224  0.1292094188405437  
225  0.1289228994992665  
226  0.12863086725458217  
227  0.12833421928558741  
228  0.1280340869081631  
229  0.12773179655839795  
230  0.127428815344657  
231  0.12712668396950133  
232  0.1268269419917395  
233  0.1265310521011732  
234  0.12624033081653763  
235  0.12595589243738925  
236  0.12567861114901435  
237  0.1254091032743455  
238  0.125147728518329  
239  0.12489460650765727  
240  0.1246496436554887  
241  0.12441256561352276  
242  0.12418295206533736  
243  0.12396027276816302  
244  0.12374392584595872  
245  0.12353328072610681  
246  0.12332772829879768  
247  0.12312673951991449  
248  0.1229299306153443  
249  0.12273712847426688  
250  0.12254842463420978  
251  0.12236420236615886  
252  0.12218512151151417  
253  0.1220120523549173  
254  0.12184596303601414  
255  0.121687780852203  
256  0.12153825899075521  
257  0.1213978801239749  
258  0.12126681587586197  
259  0.12114494246205332  
260  0.12103189699987793  
261  0.12092715229414563  
262  0.1208300904571934  
263  0.1207400632717176  
264  0.12065643499109768  
265  0.12057860860580161  
266  0.1205060390939684  
267  0.12043823764405004  
268  0.12037477028973453  
269  0.12031525352859307  
270  0.12025934866170462  
271  0.12020675592197794  
272  0.12015720897648052  
273  0.12011047006856612  
274  0.12006632587195254  
275  0.12002458402430438  
276  0.11998507025981375  
277  0.11994762604649567  
278  0.11991210663695728  
279  0.11987837945268631  
280  0.11984632273508411  
281  0.11981582440930205  
282  0.11978678111791685  
283  0.11975909739094293  
284  0.11973268492580624  
285  0.11970746195692061  
286  0.11968335269897024  
287  0.1196602868514437  
288  0.11963819915478302  
289  0.11961702899045301  
290  0.11959672001881017  
291  0.11957721984992276  
292  0.11955847974330713  
293  0.11954045433333171  
294  0.11952310137743383  
295  0.11950638152492399  
296  0.11949025810423541  
297  0.11947469692691137  
298  0.11945966610672853  
299  0.11944513589261263  
300  0.11943107851396695  
301  0.11941746803747866  
302  0.11940428023415361  
303  0.11939149245586955  
304  0.11937908352050786  
305  0.11936703360498513  
306  0.11935532414556072  
307  0.1193439377449309  
308  0.11933285808556171  
309  0.11932206984908844  
310  0.11931155864130216  
311  0.1193013109226746  
312  0.11929131394412573  
313  0.1192815556879715  
314  0.11927202481380117  
315  0.11926271060915516  
316  0.11925360294476195  
317  0.1192446922340551  
318  0.11923596939663239  
319  0.11922742582524593  
320  0.11921905335602878  
321  0.11921084424136619  
322  0.11920279112514276  
323  0.11919488701995085  
324  0.1191871252858947  
325  0.11917949961076901  
326  0.11917200399141248  
327  0.11916463271603583  
328  0.11915738034752776  
329  0.11915024170757615  
330  0.11914321186168286  
331  0.11913628610498672  
332  0.11912945994896873  
333  0.1191227291089264  
334  0.11911608949236907  
335  0.11910953718812756  
336  0.1191030684563339  
337  0.11909667971908022  
338  0.11909036755181712  
339  0.11908412867541818  
340  0.11907795994879022  
341  0.11907185836211753  
342  0.11906582103052277  
343  0.1190598451882694  
344  0.11905392818326599  
345  0.11904806747203578  
346  0.11904226061493828  
347  0.11903650527173437  
348  0.11903079919737658  
349  0.11902514023806077  
350  0.119019526327509  
351  0.11901395548337923  
352  0.11900842580396831  
353  0.11900293546496843  
354  0.11899748271646826  
355  0.1189920658800474  
356  0.11898668334601603  
357  0.11898133357081742  
358  0.11897601507449163  
359  0.11897072643833939  
360  0.11896546630259597  
361  0.11896023336430706  
362  0.11895502637523037  
363  0.11894984413990661  
364  0.11894468551374227  
365  0.11893954940124507  
366  0.11893443475432186  
367  0.11892934057063964  
368  0.1189242658920927  
369  0.11891920980332049  
370  0.11891417143030347  
371  0.11890914993902846  
372  0.11890414453420584  
373  0.118899154458047  
374  0.11889417898910337  
375  0.11888921744115155  
376  0.11888426916213168  
377  0.11887933353312419  
378  0.11887440996738108  
379  0.11886949790939538  
380  0.11886459683396866  
381  0.11885970624541586  
382  0.11885482567666661  
383  0.11884995468850867  
384  0.11884509286880496  
385  0.11884023983174652  
386  0.11883539521714415  
387  0.11883055868973036  
388  0.11882572993846796  
389  0.11882090867591732  
390  0.11881609463757925  
391  0.11881128758130177  
392  0.11880648728664422  
393  0.11880169355430537  
394  0.11879690620554684  
395  0.1187921250816153  
396  0.11878735004320606  
397  0.11878258096990879  
398  0.11877781775966856  
399  0.11877306032828427  
400  0.118768308608865  
401  0.11876356255135079  
402  0.11875882212197297  
403  0.1187540873027998  
404  0.11874935809121123  
405  0.1187446344994546  
406  0.11873991655413663  
407  0.11873520429576312  
408  0.11873049777826805  
409  0.11872579706855246  
410  0.11872110224603638  
411  0.11871641340218164  
412  0.11871173064007368  
413  0.11870705407394189  
414  0.11870238382874831  
415  0.11869772003973234  
416  0.11869306285199  
417  0.1186884124200287  
418  0.11868376890736487  
419  0.1186791324860853  
420  0.1186745033364296  
421  0.11866988164640413  
422  0.11866526761133678  
423  0.11866066143350795  
424  0.11865606332172607  
425  0.1186514734909655  
426  0.11864689216194102  
427  0.11864231956075266  
428  0.11863775591850112  
429  0.11863320147090795  
430  0.11862865645796206  
431  0.11862412112354681  
432  0.11861959571508818  
433  0.11861508048322367  
434  0.11861057568142452  
435  0.11860608156570207  
436  0.11860159839423834  
437  0.1185971264270852  
438  0.11859266592585649  
439  0.11858821715339807  
440  0.1185837803734966  
441  0.1185793558505861  
442  0.11857494384945944  
443  0.11857054463498606  
444  0.11856615847182705  
445  0.11856178562419772  
446  0.11855742635559141  
447  0.11855308092852324  
448  0.1185487496042984  
449  0.11854443264277503  
450  0.11854013030212951  
451  0.11853584283864904  
452  0.1185315705064921  
453  0.11852731355751323  
454  0.11852307224105219  
455  0.11851884680373925  
456  0.11851463748931068  
457  0.11851044453844017  
458  0.11850626818856957  
459  0.11850210867374134  
460  0.11849796622445385  
461  0.11849384106748717  
462  0.11848973342581137  
463  0.1184856435184054  
464  0.11848157156014782  
465  0.11847751776172166  
466  0.11847348232944765  
467  0.11846946546523551  
468  0.11846546736644603  
469  0.11846148822581581  
470  0.11845752823135891  
471  0.1184535875662952  
472  0.11844966640897603  
473  0.11844576493280945  
474  0.11844188330620897  
475  0.11843802169252449  
476  0.11843418025000718  
477  0.11843035913175104  
478  0.11842655848565764  
479  0.1184227784544103  
480  0.11841901917544684  
481  0.11841528078092156  
482  0.1184115633977113  
483  0.11840786714738138  
484  0.1184041921461938  
485  0.11840053850509946  
486  0.11839690632974653  
487  0.1183932957204693  
488  0.1183897067723203  
489  0.11838613957508315  
490  0.11838259421328012  
491  0.11837907076621257  
492  0.11837556930797855  
493  0.11837208990750736  
494  0.11836863262859287  
495  0.1183651975299409  
496  0.1183617846652042  
497  0.11835839408301685  
498  0.11835502582707946  
499  0.11835167993616291  
500  0.11834835644419983  
501  0.11834505538031803  
502  0.11834177676892466  
503  0.11833852062973904  
504  0.1183352869778681  
505  0.1183320758238815  
506  0.11832888717387047  
507  0.11832572102951233  
508  0.11832257738815444  
509  0.11831945624287377  
510  0.1183163575825581  
511  0.11831328139198283  
512  0.11831022765188037  
513  0.11830719633902231  
514  0.1183041874262939  
515  0.1183012008827754  
516  0.11829823667381723  
517  0.11829529476114009  
518  0.11829237510288526  
519  0.1182894776537089  
520  0.11828660236487154  
521  0.11828374918430917  
522  0.11828091805671681  
523  0.11827810892363044  
524  0.11827532172350619  
525  0.11827255639181722  
526  0.1182698128611045  
527  0.11826709106108191  
528  0.11826439091871177  
529  0.11826171235827831  
530  0.11825905530147762  
531  0.11825641966747846  
532  0.11825380537302455  
533  0.11825121233249136  
534  0.1182486404579689  
535  0.11824608965935324  
536  0.11824355984439527  
537  0.11824105091880366  
538  0.11823856278628819  
539  0.11823609534866086  
540  0.11823364850589413  
541  0.11823122215618331  
542  0.11822881619603665  
543  0.11822643052033022  
544  0.1182240650223898  
545  0.11822171959402561  
546  0.11821939412564342  
547  0.118217088506273  
548  0.11821480262364914  
549  0.11821253636427953  
550  0.1182102896134738  
551  0.11820806225545433  
552  0.11820585417336693  
553  0.1182036652493772  
554  0.11820149536469338  
555  0.11819934439965296  
556  0.11819721223375979  
557  0.11819509874574197  
558  0.11819300381359854  
559  0.11819092731466485  
560  0.1181888691256463  
561  0.11818682912267964  
562  0.1181848071813757  
563  0.11818280317685881  
564  0.11818081698383376  
565  0.11817884847660631  
566  0.11817689752914295  
567  0.11817496401509964  
568  0.11817304780787719  
569  0.11817114878064838  
570  0.11816926680641482  
571  0.11816740175802831  
572  0.11816555350822411  
573  0.11816372192968227  
574  0.11816190689503214  
575  0.11816010827690993  
576  0.1181583259479787  
577  0.11815655978096695  
578  0.11815480964869718  
579  0.1181530754241128  
580  0.11815135698031776  
581  0.11814965419058443  
582  0.11814796692840668  
583  0.11814629506751817  
584  0.11814463848189838  
585  0.11814299704582143  
586  0.11814137063387742  
587  0.11813975912098151  
588  0.11813816238241115  
589  0.11813658029381902  
590  0.11813501273124927  
591  0.1181334595711856  
592  0.11813192069052747  
593  0.11813039596663721  
594  0.11812888527736376  
595  0.11812738850103566  
596  0.11812590551649804  
597  0.11812443620310553  
598  0.11812298044077174  
599  0.11812153810995318  
600  0.1181201090916778  
601  0.11811869326755087  
602  0.11811729051978836  
603  0.11811590073118805  
604  0.11811452378517828  
605  0.11811315956582069  
606  0.11811180795781884  
607  0.11811046884651377  
608  0.11810914211790846  
609  0.11810782765868755  
610  0.11810652535619903  
611  0.11810523509847515  
612  0.11810395677425933  
613  0.11810269027297271  
614  0.1181014354847465  
615  0.11810019230044133  
616  0.11809896061162106  
617  0.11809774031056752  
618  0.11809653129031816  
619  0.11809533344461676  
620  0.11809414666796192  
621  0.11809297085558368  
622  0.11809180590346668  
623  0.11809065170833954  
624  0.11808950816768427  
625  0.11808837517973836  
626  0.11808725264349729  
627  0.11808614045870924  
628  0.11808503852588925  
629  0.11808394674631206  
630  0.11808286502201981  
631  0.11808179325581591  
632  0.11808073135126551  
633  0.11807967921270712  
634  0.11807863674523889  
635  0.11807760385472599  
636  0.11807658044779679  
637  0.11807556643185546  
638  0.11807456171504804  
639  0.11807356620631104  
640  0.1180725798153246  
641  0.1180716024525319  
642  0.11807063402914675  
643  0.11806967445713268  
644  0.11806872364919607  
645  0.11806778151883301  
646  0.11806684798025147  
647  0.11806592294844509  
648  0.11806500633912187  
649  0.11806409806876217  
650  0.11806319805458243  
651  0.11806230621451419  
652  0.11806142246726259  
653  0.11806054673224498  
654  0.11805967892961122  
655  0.11805881898025072  
656  0.11805796680575442  
657  0.118057122328455  
658  0.11805628547138758  
659  0.11805545615831092  
660  0.11805463431369534  
661  0.11805381986269992  
662  0.11805301273120639  
663  0.1180522128457836  
664  0.11805142013369496  
665  0.11805063452289832  
666  0.1180498559420351  
667  0.11804908432043382  
668  0.11804831958808504  
669  0.1180475616756721  
670  0.1180468105145388  
671  0.11804606603669121  
672  0.11804532817479885  
673  0.11804459686218405  
674  0.11804387203282851  
675  0.11804315362135809  
676  0.11804244156302823  
677  0.11804173579374844  
678  0.11804103625005602  
679  0.11804034286911547  
680  0.11803965558871787  
681  0.11803897434726451  
682  0.11803829908378138  
683  0.11803762973790599  
684  0.11803696624986382  
685  0.1180363085605094  
686  0.11803565661126869  
687  0.11803501034415831  
688  0.11803436970179859  
689  0.11803373462737621  
690  0.11803310506466136  
691  0.11803248095800056  
692  0.11803186225229245  
693  0.11803124889300676  
694  0.11803064082618109  
695  0.1180300379983864  
696  0.11802944035675056  
697  0.11802884784895284  
698  0.11802826042320269  
699  0.11802767802823166  
700  0.11802710061332866  
701  0.11802652812828507  
702  0.11802596052341796  
703  0.11802539774956344  
704  0.11802483975806144  
705  0.11802428650076557  
706  0.11802373793002363  
707  0.11802319399868011  
708  0.11802265466008555  
709  0.11802211986805178  
710  0.11802158957689446  
711  0.11802106374140642  
712  0.11802054231685155  
713  0.11802002525894562  
714  0.1180195125239033  
715  0.1180190040683714  
716  0.118018499849465  
717  0.11801799982475225  
718  0.11801750395223809  
719  0.11801701219038319  
720  0.1180165244980822  
721  0.11801604083465977  
722  0.11801556115987244  
723  0.11801508543391404  
724  0.1180146136173843  
725  0.1180141456713032  
726  0.11801368155710945  
727  0.11801322123665159  
728  0.11801276467217492  
729  0.11801231182633853  
730  0.11801186266218822  
731  0.11801141714316332  
732  0.11801097523309467  
733  0.11801053689620467  
734  0.11801010209708218  
735  0.11800967080070734  
736  0.11800924297241755  
737  0.11800881857794165  
738  0.11800839758335846  
739  0.1180079799551016  
740  0.11800756565998705  
741  0.11800715466516687  
742  0.11800674693814717  
743  0.11800634244678376  
744  0.11800594115926777  
745  0.1180055430441449  
746  0.11800514807028828  
747  0.11800475620690165  
748  0.11800436742352005  
749  0.11800398169000559  
750  0.11800359897654056  
751  0.11800321925363033  
752  0.11800284249208759  
753  0.11800246866304764  
754  0.11800209773794601  
755  0.11800172968852263  
756  0.11800136448683207  
757  0.11800100210521125  
758  0.11800064251630815  
759  0.11800028569304266  
760  0.11799993160865463  
761  0.1179995802366417  
762  0.11799923155079961  
763  0.11799888552519477  
764  0.11799854213418515  
765  0.11799820135238304  
766  0.11799786315469396  
767  0.11799752751626935  
768  0.11799719441254453  
769  0.11799686381920826  
770  0.11799653571220214  
771  0.11799621006773864  
772  0.11799588686227269  
773  0.1179955660725227  
774  0.11799524767543312  
775  0.11799493164821917  
776  0.11799461796833122  
777  0.11799430661344557  
778  0.11799399756149231  
779  0.11799369079062738  
780  0.11799338627924338  
781  0.11799308400596675  
782  0.11799278394963997  
783  0.11799248608934243  
784  0.11799219040436648  
785  0.11799189687422285  
786  0.11799160547865006  
787  0.11799131619758851  
788  0.11799102901120606  
789  0.11799074389987396  
790  0.11799046084415821  
791  0.11799017982485183  
792  0.11798990082293548  
793  0.11798962381960232  
794  0.11798934879623646  
795  0.11798907573441797  
796  0.11798880461591954  
797  0.11798853542272425  
798  0.11798826813697738  
799  0.11798800274103083  
800  0.11798773921741723  
801  0.11798747754884586  
802  0.11798721771822607  
803  0.11798695970862716  
804  0.11798670350330465  
805  0.11798644908569189  
806  0.1179861964393889  
807  0.11798594554817698  
808  0.1179856963959992  
809  0.11798544896696106  
810  0.11798520324535355  
811  0.11798495921561658  
812  0.11798471686234813  
813  0.11798447617032415  
814  0.11798423712446282  
815  0.11798399970985218  
816  0.11798376391172116  
817  0.11798352971546167  
818  0.1179832971066157  
819  0.11798306607088105  
820  0.11798283659408748  
821  0.11798260866222854  
822  0.11798238226142965  
823  0.11798215737797224  
824  0.11798193399826773  
825  0.11798171210887043  
826  0.11798149169647698  
827  0.11798127274792658  
828  0.11798105525017377  
829  0.1179808391903282  
830  0.11798062455561842  
831  0.11798041133341741  
832  0.11798019951121164  
833  0.11797998907661844  
834  0.11797978001739629  
835  0.11797957232141487  
836  0.11797936597667114  
837  0.11797916097128225  
838  0.11797895729349361  
839  0.11797875493165888  
840  0.11797855387426648  
841  0.11797835410990187  
842  0.11797815562727776  
843  0.11797795841522218  
844  0.11797776246267377  
845  0.11797756775867918  
846  0.11797737429240285  
847  0.11797718205311247  
848  0.11797699103018722  
849  0.11797680121310683  
850  0.11797661259147152  
851  0.11797642515496398  
852  0.11797623889339137  
853  0.11797605379665421  
854  0.11797586985474895  
855  0.11797568705777262  
856  0.11797550539593682  
857  0.11797532485953399  
858  0.11797514543894871  
859  0.11797496712468791  
860  0.11797478990731936  
861  0.11797461377753193  
862  0.11797443872608404  
863  0.11797426474384975  
864  0.11797409182176988  
865  0.11797391995088657  
866  0.11797374912232983  
867  0.11797357932731778  
868  0.11797341055714716  
869  0.11797324280320864  
870  0.11797307605697449  
871  0.11797291030999546  
872  0.11797274555391479  
873  0.1179725817804459  
874  0.11797241898139277  
875  0.1179722571486318  
876  0.11797209627412619  
877  0.11797193634991054  
878  0.11797177736809883  
879  0.11797161932087741  
880  0.11797146220051558  
881  0.11797130599935213  
882  0.11797115070979824  
883  0.11797099632434727  
884  0.11797084283555193  
885  0.11797069023604334  
886  0.11797053851852435  
887  0.11797038767576362  
888  0.11797023770060455  
889  0.11797008858594271  
890  0.11796994032477226  
891  0.11796979291011322  
892  0.1179696463350921  
893  0.1179695005928707  
894  0.11796935567669142  
895  0.11796921157985163  
896  0.11796906829571985  
897  0.1179689258177159  
898  0.11796878413933909  
899  0.11796864325412859  
900  0.11796850315570073  
901  0.1179683638377147  
902  0.1179682252939096  
903  0.1179680875180692  
904  0.11796795050403286  
905  0.11796781424570768  
906  0.1179676787370465  
907  0.11796754397206732  
908  0.11796740994483357  
909  0.11796727664946605  
910  0.11796714408015041  
911  0.11796701223111106  
912  0.11796688109662978  
913  0.11796675067104523  
914  0.11796662094873789  
915  0.11796649192414921  
916  0.11796636359176116  
917  0.11796623594612021  
918  0.1179661089818016  
919  0.11796598269344771  
920  0.11796585707574425  
921  0.1179657321234111  
922  0.11796560783123666  
923  0.11796548419403452  
924  0.11796536120667989  
925  0.11796523886408494  
926  0.1179651171612176  
927  0.1179649960930702  
928  0.1179648756546976  
929  0.11796475584118693  
930  0.11796463664767043  
931  0.11796451806932895  
932  0.11796440010137865  
933  0.117964282739077  
934  0.11796416597772252  
935  0.11796404981265352  
936  0.11796393423925378  
937  0.11796381925293264  
938  0.11796370484915586  
939  0.11796359102341114  
940  0.11796347777122695  
941  0.11796336508818905  
942  0.11796325296989085  
943  0.11796314141197728  
944  0.11796303041012379  
945  0.11796291996004826  
946  0.11796281005749398  
947  0.11796270069824633  
948  0.11796259187812208  
949  0.11796248359296058  
950  0.1179623758386591  
