0  0.997347654837407  1.0583571568489012
1  0.9588930044613003  1.0561070848176652
2  0.9321216347062039  1.0545406290123296
3  0.9984693535253263  1.0584227900771446
4  0.9669992633966661  1.056581401092291
5  0.8768388181521944  1.0513059014015074
6  0.8158520207427093  1.0477374204561969
7  0.8076523371761284  1.0472576376866827
8  0.7489146265012625  1.0438207560956219
9  0.6769835122709416  1.039611897434256
10  0.7223497765022431  1.0422663842469075
11  0.5958543013272177  1.0348648365020858
12  0.5428789028607497  1.0317651213501564
13  0.5063977388089829  1.029630522645007
14  0.43860139918881225  1.0256635993702534
15  0.39731574128539726  1.0232478784306254
16  0.3733321217082113  1.021844540444436
17  0.35296194533348557  1.020652633518126
18  0.3403053184119489  1.0199120645110646
19  0.32022261067424707  1.0187369780507762
20  0.3006852736384892  1.0175938025128626
21  0.28003787094016397  1.0163856744223774
22  0.26114196691207126  1.0152800306382659
23  0.247612648766795  1.0144883984153061
24  0.2337018729368313  1.0136744462061025
25  0.22493483464761843  1.0131614661774613
26  0.22065506499191256  1.0129110467897342
27  0.21751851283016843  1.0127275197462005
28  0.21574897270843474  1.0126239797920698
29  0.21418735031327862  1.012532605593102
30  0.21228691914141307  1.012421406895798
31  0.21079443258621755  1.0123340779974206
32  0.20982947161267007  1.012277615861461
33  0.2091414244682619  1.0122373566048908
34  0.20798940869817362  1.01216994945287
35  0.20717055379303617  1.0121220363265857
36  0.20597152345975545  1.0120518782419032
37  0.20496140006311891  1.0119927735463556
38  0.20414309455200497  1.0119448925664076
39  0.20329628542137068  1.0118953437726466
40  0.20206642925808727  1.0118233819961546
41  0.2014381731973912  1.0117866212565094
42  0.20065535975532012  1.0117408170009914
43  0.1998539711675582  1.0116939258700142
44  0.19892532973378718  1.011639588875743
45  0.19827482180861922  1.0116015261271758
46  0.19756386475533272  1.0115599263579573
47  0.19703830624728857  1.0115291746936423
48  0.19650014490960266  1.0114976856081253
49  0.19594610638443222  1.0114652675110285
50  0.19554345355046365  1.0114417073467532
51  0.19482698458213155  1.0113997850624228
52  0.19407341579898374  1.011355691980676
53  0.19371362077378584  1.011334639527585
54  0.1932496171465179  1.0113074895841088
55  0.19280620037729568  1.0112815442261132
56  0.1922448218977323  1.0112486966510228
57  0.19175608182051718  1.0112200993196852
58  0.19136123341360634  1.0111969958107914
59  0.19082948519162746  1.0111658819717568
60  0.19033147983279686  1.0111367425070015
61  0.18988917425580065  1.0111108621674763
62  0.18924388759666433  1.0110731049274635
63  0.1888146566505312  1.011047989615339
64  0.18815205302617144  1.0110092191189652
65  0.1874968551785089  1.0109708819520027
66  0.18694761733873488  1.0109387447542988
67  0.18648772943605618  1.0109118356315476
68  0.1860202067861243  1.0108844797817795
69  0.18545412249144233  1.0108513568583792
70  0.18487966594550442  1.0108177440548685
71  0.18454341115767936  1.010798068996428
72  0.18390434044148163  1.0107606754658554
73  0.18350154651913186  1.010737107046167
74  0.18302820088113092  1.0107094104796723
75  0.18216475003941834  1.0106588879402583
76  0.18156554342554376  1.010623826952065
77  0.1809832706532336  1.0105897568027666
78  0.18061089082190251  1.010567967983072
79  0.1801853143152362  1.010543066500795
80  0.17977518792383584  1.010519069041098
81  0.17942557968586004  1.0104986126408846
82  0.17915434755041848  1.0104827422107558
83  0.17893009639249358  1.0104696207481112
84  0.178648228478679  1.0104531279935762
85  0.17840003592321863  1.0104386056634564
86  0.17810831710684327  1.0104215365094456
87  0.17780013030147612  1.010403503774669
88  0.17758205721210185  1.010390743805345
89  0.17730691584190272  1.0103746446366966
90  0.17703869237711511  1.0103589502509633
91  0.17675476670157475  1.0103423370919504
92  0.17644357908749797  1.010324128772799
93  0.17620662493297612  1.0103102640279489
94  0.17594037118105865  1.010294684894748
95  0.1757048323243967  1.0102809029623039
96  0.17542276397475864  1.0102643984797974
97  0.17530254345945295  1.0102573640947121
98  0.1750531866583962  1.0102427736418444
99  0.17486728080658953  1.0102318958532415
100  0.17457798657917412  1.0102149685676325
101  0.17432785324319222  1.0102003326778801
102  0.17409128186798994  1.0101864903303481
103  0.17366807395364847  1.0101617274399788
104  0.17389820600696126  1.010175193007643
105  0.17346850250332835  1.010150050045068
106  0.17320387372022716  1.010134565992614
107  0.1729793960330387  1.0101214312752096
108  0.17270054443186134  1.0101051150122209
109  0.17237965947984746  1.0100863392790207
110  0.17209696818514442  1.0100697983465334
111  0.17185095471291956  1.0100554035196987
112  0.17160141689988373  1.0100408024753942
113  0.17133444900430483  1.0100251815559684
114  0.17109679914258435  1.0100112761036537
115  0.17080565795417801  1.0099942407480136
116  0.17070953420043633  1.009988616321118
117  0.17028005010764213  1.009963486196787
118  0.1701224075143929  1.0099542621579116
119  0.1698921687756917  1.0099407903478346
120  0.16955198344877997  1.0099208853043082
121  0.16948920514361332  1.0099172119980309
122  0.1690590051370503  1.0098920399839015
123  0.1689153921003569  1.0098836368473751
124  0.16872650762019203  1.0098725847722219
125  0.1684127510505492  1.0098542261374386
126  0.16832703752226308  1.0098492108373174
127  0.1679214634137116  1.009825479742396
128  0.16782262594371344  1.00981969652958
129  0.16766337413536048  1.0098103783317447
130  0.1675041090472864  1.0098010593568814
131  0.16733743137816115  1.009791306654468
132  0.1670168199120723  1.0097725469235723
133  0.1668376458244183  1.0097620630263218
134  0.16660621599172365  1.0097485215225337
135  0.166314069488106  1.0097314273435363
136  0.1661882583189349  1.009724065836145
137  0.16602298797894854  1.0097143954798693
138  0.16582944676887124  1.009703070928497
139  0.16571051432638795  1.0096961119115817
140  0.1655015890487299  1.0096838872022351
141  0.16533453383549324  1.0096741124088278
142  0.1652056385273335  1.009666570441211
143  0.16506262513911252  1.009658202391527
144  0.1649408105878376  1.0096510747356482
145  0.16478238662143518  1.0096418049767923
146  0.16465865911013933  1.0096345653891237
147  0.16452896655545313  1.0096269767727377
148  0.16438137081420134  1.009618340598801
149  0.16419043865535565  1.0096071687091526
150  0.16402201701204566  1.009597313962708
151  0.16390285554105943  1.0095903415447964
152  0.16375801342740393  1.0095818664920864
153  0.16358734772682448  1.0095718804405736
154  0.16334298528422664  1.009557582219365
155  0.16319466536118687  1.0095489036718488
156  0.16303058238411405  1.0095393027909696
157  0.16290564379174688  1.0095319923400992
158  0.16280076012234113  1.0095258553499367
159  0.16267223242499518  1.0095183348920933
160  0.16260589294690186  1.0095144532132128
161  0.16253568672466756  1.0095103452820386
162  0.16248204948909561  1.0095072068412412
163  0.16243021165893012  1.0095041736878858
164  0.16236376714759804  1.0095002858632636
165  0.1622842253997102  1.0094956316885282
166  0.1622508612089797  1.0094936794712623
167  0.16221728897908994  1.0094917150811364
168  0.16218211832831064  1.009489657163645
169  0.16214131243514762  1.0094872695148684
170  0.1621022249812648  1.009484982416016
171  0.16207340757384114  1.0094832962417348
172  0.16203703752191068  1.009481168144461
173  0.16199768432719208  1.0094788654964872
174  0.16197005371202278  1.0094772487642119
175  0.1619454036388407  1.0094758064304579
176  0.16193116716892464  1.0094749734211217
177  0.16191491796419166  1.009474022641938
178  0.16190505054455573  1.0094734452760088
179  0.16189201621473015  1.0094726826067164
180  0.1618804611471657  1.0094720064925382
181  0.16187172144236672  1.0094714951118562
182  0.16185171180418  1.0094703243008671
183  0.16184753514365868  1.0094700799146374
184  0.16182447318663407  1.0094687305052947
185  0.16181619372854028  1.0094682460547302
186  0.1618008705852919  1.0094673494615816
187  0.16178694188850218  1.009466534460775
188  0.16176680769350837  1.009465356361674
189  0.16175201331423816  1.0094644907077497
190  0.1617414344509479  1.009463871713579
191  0.16172584655580213  1.0094629596291746
192  0.16171215826476826  1.009462158695074
193  0.16170333880923193  1.009461642647989
194  0.16168965736047725  1.0094608421142461
195  0.16167675553215843  1.009460087197929
196  0.16165745173910784  1.0094589576875985
197  0.16164140999071286  1.009458019047173
198  0.16162420641138087  1.009457012425287
199  0.16160891924374177  1.009456117937156
200  0.16158605782703517  1.0094547802618987
201  0.16155010867967934  1.0094526767927419
202  0.16151030773455766  1.0094503479458388
203  0.16147888998146465  1.009448509619217
204  0.16144239963475182  1.0094463744832127
205  0.1614239073439545  1.0094452924557882
206  0.16140363343277053  1.0094441061815644
207  0.16136890606671794  1.0094420742017047
208  0.16135061892983327  1.009441004178318
209  0.16133237609411533  1.0094399367470965
210  0.16128597376740295  1.0094372216378316
211  0.16126725554908594  1.0094361263908562
212  0.1612217474808062  1.0094334636067552
213  0.16122581718868667  1.0094337017349344
214  0.16119740828097373  1.009432039462932
215  0.1611658284970764  1.0094301916555068
216  0.16113663023142422  1.009428483196315
217  0.1611104733862394  1.0094269526977875
218  0.16108630797762058  1.0094255387228968
219  0.16105028543606947  1.009423430959273
220  0.16101985668996865  1.0094216505017761
221  0.16098921243181274  1.0094198574341622
222  0.16092972799592165  1.0094163768599225
223  0.16090036881662095  1.0094146589852946
224  0.1608607117116584  1.0094123385548177
225  0.16079978059948274  1.0094087733321464
226  0.1607704575602591  1.0094070575721592
227  0.160665070094146  1.0094008911036667
228  0.16061554814850543  1.0093979934581614
229  0.16053327633435943  1.0093931795408286
230  0.16042594155601164  1.0093868991305173
231  0.16029502436356025  1.0093792388576956
232  0.160204465542509  1.0093739400480997
233  0.16011388133542748  1.009368639753107
234  0.1600550311918878  1.0093651962928047
235  0.15993974416145695  1.009358450577522
236  0.15990523995716566  1.0093564316553818
237  0.15982062008837306  1.0093514803478494
238  0.15976966554908945  1.0093484988779209
239  0.1597066729764287  1.0093448130343488
240  0.15961178652532393  1.0093392610049403
241  0.15952001247360026  1.0093338910893395
242  0.15943283028034283  1.0093287898541767
243  0.15935716618143791  1.0093243625698027
244  0.15922553672075435  1.0093166606204917
245  0.15914264346644014  1.0093118103412333
246  0.1590271125108068  1.0093050503533132
247  0.15894656522384543  1.0093003373421219
248  0.15887615996669724  1.009296217764947
249  0.1587665082823181  1.0092898017870149
250  0.158660412523556  1.0092835938746534
251  0.15857039341307722  1.009278326644792
252  0.15851329572924466  1.0092749857250285
253  0.15843531999319516  1.009270423181329
254  0.1583535079441104  1.0092656361659311
255  0.15828818137969614  1.0092618137550122
256  0.15823837782004768  1.009258899631609
257  0.15818041848114994  1.009255508294381
258  0.15811665246170015  1.0092517771946181
259  0.15805805009032403  1.0092483482320478
260  0.15798427969974638  1.0092440317530018
261  0.15791517820029832  1.009239988461756
262  0.157848287605311  1.0092360745357298
263  0.1577842824929785  1.0092323294460799
264  0.15774183861988156  1.0092298459552453
265  0.15769149379623915  1.0092269001612129
266  0.15764223206458594  1.00922401774144
267  0.15757513464320994  1.0092200917135155
268  0.15752338073991046  1.0092170634709186
269  0.15747190017205825  1.0092140512218215
270  0.15742702287468857  1.0092114253456097
271  0.15738340172580767  1.0092088729696005
272  0.15732327737557217  1.0092053549524675
273  0.15726831618015302  1.0092021390436658
274  0.15722996480912999  1.0091998950147523
275  0.15718152513334294  1.0091970606954015
276  0.1571525953030356  1.009195367942993
277  0.15709731228757362  1.0091921332037435
278  0.15706458222645148  1.0091902180908927
279  0.1570289183213326  1.0091881313119297
280  0.1569524381342794  1.009183656276319
281  0.15697171074209426  1.0091847839619277
282  0.15690709799729774  1.009181003318273
283  0.1568592305321136  1.0091782024803104
284  0.15682392217316377  1.0091761365051901
285  0.15679464409725796  1.0091744233761124
286  0.15677033036098098  1.009173000722222
287  0.15673782477134757  1.0091710987437257
288  0.15671215061718657  1.0091695964885852
289  0.15668652566787233  1.009168097112536
290  0.1566670437337101  1.0091669571787505
291  0.15661951896024762  1.0091641763924863
292  0.15659988990181217  1.0091630278501136
293  0.15657906076745076  1.0091618090884762
294  0.1565447847600816  1.0091598035186746
295  0.1565105573095248  1.0091578007900464
296  0.15646852072323758  1.009155341130521
297  0.15644454598512547  1.0091539383122101
298  0.1564129409984606  1.0091520890301118
299  0.15634532870391893  1.0091481328757472
300  0.1564211006107462  1.0091525664682164
301  0.1563022653393651  1.009145613137011
302  0.15623003440240157  1.009141386735016
303  0.15615939599029383  1.0091372535153962
304  0.15610557524830948  1.0091341043372068
305  0.15604696646226535  1.0091306749992992
306  0.1559896954805734  1.0091273239394705
307  0.15593559804494872  1.0091241585712856
308  0.1558739352037517  1.0091205505334282
309  0.15580264395253418  1.0091163791146567
310  0.15573938333294868  1.0091126775870283
311  0.15568328048867952  1.0091093948776673
312  0.15560946235070772  1.0091050756048088
313  0.1555153501234029  1.0090995688770559
314  0.15546812585578196  1.0090968056740954
315  0.15536278166663875  1.0090906417378398
316  0.15530302921481454  1.0090871454813577
317  0.15521587008158344  1.0090820455954912
318  0.15512753629894138  1.0090768769781253
319  0.1550128571556667  1.0090701668317497
320  0.1549181863071779  1.0090646274177575
321  0.15484169067935505  1.009060151478671
322  0.15478711102129628  1.0090569578945174
323  0.15465020322705503  1.0090489470974964
324  0.15457490237470062  1.0090445410675324
325  0.15449188834219107  1.0090396837212574
326  0.15439139227406162  1.0090338034599644
327  0.15430332753606857  1.0090286505850337
328  0.1542289129632527  1.0090242964133698
329  0.15415251844699096  1.0090198263905585
330  0.1540835000908114  1.009015787964221
331  0.15399724840402151  1.00901074117518
332  0.15388545630896522  1.0090041999567854
333  0.1538563645910389  1.0090024977319516
334  0.15379016692431213  1.0089986243507876
335  0.1537505334225444  1.008996305301389
336  0.15369231510015258  1.0089928988104278
337  0.15363426311696293  1.0089895020523647
338  0.15358369501151214  1.0089865431935885
339  0.1534803865328459  1.0089804983715407
340  0.1534299964254614  1.0089775499278502
341  0.1533635488812678  1.0089736619257677
342  0.15336650611063463  1.0089738349602129
343  0.15331922084637228  1.0089710681881954
344  0.15325497670471122  1.0089673091123772
345  0.1531732195387423  1.0089625253083196
346  0.15310507974622234  1.008958538288808
347  0.1530283519076564  1.0089540487625248
348  0.15296882588008454  1.008950565754658
349  0.1529224886141507  1.0089478544522523
350  0.15288280597908355  1.0089455325279488
351  0.15283049187854436  1.0089424715068938
352  0.15277039477084486  1.0089389550837857
353  0.15271900136698813  1.0089359479348592
354  0.15267588528661613  1.008933425111596
355  0.15262722915293314  1.0089305781267848
356  0.15260194710624964  1.0089290988147748
357  0.15255542447739934  1.0089263766663488
358  0.1525358995271574  1.0089252342155914
359  0.15251142494796943  1.0089238021504037
360  0.15246872840363634  1.008921303875181
361  0.15254877994114457  1.0089259878789059
362  0.15244541582331317  1.0089199398012796
363  0.15241242217824125  1.008918009265512
364  0.15238341245810438  1.0089163118385616
365  0.15235717094229972  1.0089147763857569
366  0.1523303502768274  1.0089132070455433
367  0.15229802154298255  1.0089113154152953
368  0.15227493796542602  1.0089099647408843
369  0.15225109526527547  1.0089085696484252
370  0.15222564803982663  1.0089070806714175
371  0.15219418263974227  1.008905239556858
372  0.15217139311754724  1.008903906088318
373  0.15215151197402021  1.0089027427958537
374  0.15213811247168574  1.0089019587594592
375  0.15212172556353465  1.0089009999229246
376  0.15210854604759227  1.0089002287584512
377  0.15209513075123837  1.0088994437979113
378  0.15207763375836847  1.008898420007709
379  0.1520597989242547  1.0088973764496212
380  0.1520370263969777  1.0088960439754937
381  0.15201012013304782  1.0088944696267128
382  0.15198618081312243  1.0088930688808033
383  0.15196966404091483  1.0088921024456174
384  0.15195718720944051  1.0088913723968647
385  0.15194564663961274  1.008890697130983
386  0.15192965960818128  1.0088897616921757
387  0.15191943625962911  1.0088891635000086
388  0.1519117504499372  1.008888713785208
389  0.1519019413303334  1.008888139830551
390  0.15189212620232329  1.0088875655243277
391  0.1518852306862637  1.0088871620514663
392  0.1518757803371784  1.0088866090893158
393  0.15186620191003353  1.008886048633017
394  0.15185549510798024  1.0088854221528487
395  0.1518446707452895  1.008884788793931
396  0.15183278561699198  1.0088840933671228
397  0.15181843245310078  1.0088832535297476
398  0.15180590256393234  1.0088825203764646
399  0.15179531570461813  1.0088819009144279
400  0.15178786931068067  1.0088814652084062
401  0.15177134640938994  1.0088804984145932
402  0.1517677728707596  1.0088802893184434
403  0.15175484907982462  1.0088795331170417
404  0.1517507007788742  1.008879290390197
405  0.15174405522345835  1.0088789015431205
406  0.1517320995311321  1.0088782019874452
407  0.1517332446669465  1.0088782689920348
408  0.15172384219086854  1.008877718831047
409  0.15171021716494149  1.0088769215987363
410  0.15170152590330666  1.008876413052578
411  0.15169489802498914  1.0088760252398303
412  0.15168799958110413  1.0088756215956547
413  0.15168362095012156  1.0088753653916582
414  0.15167657743959728  1.0088749532592927
415  0.15167036369983355  1.0088745896787654
416  0.1516643856924499  1.0088742398914943
417  0.15165992202203282  1.0088739787116408
418  0.15165567849276895  1.0088737304127635
419  0.15165103800129964  1.008873458886694
420  0.1516410195488831  1.0088728726834817
421  0.15163852950465628  1.0088727269851379
422  0.15163002353657196  1.0088722292809411
423  0.15162675527221314  1.0088720380471072
424  0.1516221781928797  1.008871770231431
425  0.15161935771142787  1.008871605198428
426  0.15161349653356115  1.0088712622471265
427  0.15161049510662516  1.0088710866265778
428  0.1516074029893103  1.0088709056995218
429  0.1516025685809833  1.0088706228269209
430  0.1516028693480309  1.0088706404255083
431  0.15159889501498736  1.008870407877935
432  0.1515940285965146  1.0088701231323451
433  0.1515911703784737  1.0088699558912857
434  0.15158669740390318  1.008869694167024
435  0.15158460477796543  1.008869571722559
436  0.15158032451529813  1.008869321274324
437  0.15157730773857758  1.0088691447556233
438  0.15157377636733393  1.0088689381267866
439  0.15156700490111663  1.0088685419123733
440  0.1515741338316393  1.0088689590428639
441  0.1515633787903239  1.0088683297401029
442  0.15155820544944343  1.0088680270357613
443  0.15155420153611876  1.0088677927573761
444  0.15155037760777823  1.008867569010336
445  0.151546036440107  1.0088673149984058
446  0.15154141970130974  1.008867044862161
447  0.15153599215207514  1.0088667272834908
448  0.15153209999742312  1.0088664995443686
449  0.15152566991336103  1.008866123305028
450  0.15151962524986295  1.008865769617551
451  0.15151711760670472  1.0088656228894521
452  0.15151310056886158  1.0088653878431206
453  0.15150857479554836  1.0088651230294803
454  0.15150892283301365  1.0088651433939708
455  0.15150618770602264  1.008864983355258
456  0.1515038374086901  1.0088648458338338
457  0.15150202801201118  1.0088647399617787
458  0.1514995460629276  1.0088645947371007
459  0.15149874910733174  1.0088645481053546
460  0.151495131017363  1.0088643364024015
461  0.15149398923337598  1.0088642695939354
462  0.1514920533349975  1.0088641563199683
463  0.15148957234374805  1.0088640111513356
464  0.15148690298177048  1.0088638549606883
465  0.15148455554731  1.0088637176067774
466  0.1514820016910957  1.008863568174644
467  0.15147961325993586  1.00886342842192
468  0.15147717002502759  1.0088632854624995
469  0.15147539538172605  1.0088631816239462
470  0.1514735376264541  1.0088630729223163
471  0.15147169234933122  1.008862964950812
472  0.15147001705749175  1.0088628669255464
473  0.1514685906278771  1.0088627834617951
474  0.15146763630963422  1.0088627276223903
475  0.15146694237465108  1.0088626870186224
476  0.15146576222227393  1.0088626179651312
477  0.15146454368825324  1.00886254666584
478  0.1514630568760923  1.008862459668964
479  0.1514623161588513  1.0088624163278561
480  0.15146115050099462  1.0088623481224734
481  0.15146005583575928  1.008862284071036
482  0.1514587701075919  1.0088622088400572
483  0.1514577694153093  1.0088621502871984
484  0.15145690008031287  1.0088620994203632
485  0.151455421384592  1.008862012898399
486  0.15145646976280835  1.008862074241474
487  0.15145471580087355  1.0088619716130363
488  0.15145395988595944  1.0088619273826769
489  0.15145317977186135  1.0088618817363662
490  0.1514524582958735  1.0088618395211095
491  0.15145144200102623  1.0088617800553077
492  0.15145056203594298  1.0088617285664814
493  0.15144994022236624  1.0088616921827065
494  0.1514491072263059  1.008861643442148
495  0.15144871911931745  1.0088616207330954
496  0.1514482490767758  1.0088615932298008
497  0.15144769737144959  1.0088615609482245
498  0.15144732970495078  1.0088615394351932
499  0.1514466302237939  1.0088614985069055
500  0.15144658518886767  1.008861495871806
501  0.15144621356116894  1.0088614741269955
502  0.15144584312092702  1.008861452451666
503  0.15144535566356032  1.008861423929389
504  0.15144496246923278  1.008861400922664
505  0.15144433743430796  1.0088613643504007
506  0.15144387760476608  1.0088613374446926
507  0.1514435422042787  1.0088613178196215
508  0.1514430135751721  1.0088612868882891
509  0.15144273117883422  1.0088612703646154
510  0.1514424223697297  1.0088612522954683
511  0.15144216873993588  1.0088612374549926
512  0.1514418480547043  1.0088612186909456
513  0.1514413753834445  1.0088611910338385
514  0.15144102829423134  1.0088611707248323
515  0.15144072361981964  1.008861152897616
516  0.1514405417295258  1.0088611422547868
517  0.15144022441133975  1.0088611236877536
518  0.15143973403431177  1.0088610949946406
519  0.15143977116221718  1.0088610971670815
520  0.15143953099523377  1.0088610831143465
521  0.15143926139557617  1.0088610673394365
522  0.15143900151448242  1.0088610521331827
523  0.15143874200599672  1.0088610369487307
524  0.15143845456418248  1.0088610201298343
525  0.15143817274977867  1.0088610036402106
526  0.15143788112109158  1.0088609865763303
527  0.15143766129603076  1.008860973713849
528  0.1514373875829792  1.0088609576982548
529  0.15143707209415858  1.0088609392382617
530  0.15143680671769633  1.0088609237104609
531  0.15143651423718496  1.0088609065967384
532  0.15143621984077416  1.008860889370912
533  0.1514360252843152  1.008860877986956
534  0.1514359202281026  1.00886087183987
535  0.1514357544303705  1.0088608621386546
536  0.15143575084392236  1.008860861928803
537  0.15143569062866713  1.0088608584054668
538  0.15143560976213377  1.008860853673776
539  0.15143544778278395  1.0088608441959832
540  0.15143539150302265  1.0088608409029218
541  0.15143525190348506  1.008860832734625
542  0.15143516495121978  1.0088608276468432
543  0.1514350926278636  1.0088608234150336
544  0.15143503049575346  1.0088608197795377
545  0.15143491699440825  1.008860813138307
546  0.15143482193587054  1.0088608075762082
547  0.15143475911702065  1.0088608039005298
548  0.15143462793664764  1.0088607962248577
549  0.15143471631299443  1.0088608013959655
550  0.15143455687514085  1.0088607920668817
551  0.15143444432570985  1.0088607854813498
552  0.15143436588906878  1.0088607808918375
553  0.15143425891650564  1.0088607746326212
554  0.1514341359480159  1.0088607674374457
555  0.1514340314422702  1.0088607613225689
556  0.15143389649653094  1.0088607534265763
557  0.15143384989871678  1.0088607507000285
558  0.15143378213521896  1.0088607467350268
559  0.1514337309859921  1.0088607437421653
560  0.15143366166826655  1.0088607396862224
561  0.15143359678169122  1.008860735889556
562  0.15143355484132626  1.0088607334355266
563  0.1514334165228267  1.008860725342186
564  0.15143343232149586  1.0088607262666034
565  0.15143334091921135  1.0088607209184406
566  0.15143326790486777  1.0088607166461996
567  0.15143319872734728  1.0088607125984603
568  0.15143313226184418  1.0088607087094073
569  0.1514330234064607  1.008860702340023
570  0.15143294735870638  1.0088606978902899
571  0.15143286071692008  1.0088606928206751
572  0.151432778025003  1.0088606879821769
573  0.15143267466868116  1.0088606819345551
574  0.15143258435181095  1.0088606766499026
575  0.15143246331808047  1.0088606695679345
576  0.15143238838787954  1.008860665183592
577  0.15143227456486363  1.00886065852354
578  0.15143206979744206  1.0088606465421164
579  0.15143228311222268  1.008860659023666
580  0.15143200249455502  1.0088606426040663
581  0.15143187248071732  1.008860634996651
582  0.15143177697102694  1.0088606294081544
583  0.15143167186959727  1.0088606232584225
584  0.1514315867708419  1.008860618279094
585  0.15143149966833913  1.0088606131825217
586  0.15143139011259454  1.0088606067721577
587  0.15143129908965303  1.0088606014461912
588  0.1514312053384328  1.0088605959605867
589  0.15143108867729937  1.0088605891344695
590  0.1514309973838408  1.0088605837926745
591  0.1514309026993247  1.008860578252461
592  0.1514308005174141  1.0088605722735569
593  0.1514307411938257  1.0088605688023942
594  0.1514306159720854  1.0088605614753758
595  0.1514304882705001  1.0088605540032556
596  0.15143041996258622  1.008860550006399
597  0.15143028168680195  1.0088605419155576
598  0.15143015976028007  1.0088605347813502
599  0.1514300073397964  1.0088605258628691
600  0.1514298922862617  1.0088605191308164
601  0.15142978341350655  1.008860512760415
602  0.15142972430073764  1.008860509301588
603  0.1514295955375864  1.0088605017673533
604  0.15142940919912196  1.0088604908642516
605  0.15142925472288582  1.0088604818254836
606  0.15142912165240485  1.0088604740392169
607  0.15142897642882536  1.0088604655418436
608  0.15142883589132505  1.008860457318664
609  0.15142862989250638  1.0088604452651888
610  0.15142845011547268  1.0088604347460115
611  0.15142827020681937  1.0088604242191332
612  0.15142812752188606  1.0088604158703023
613  0.15142801000682682  1.00886040899422
614  0.15142778249798616  1.0088603956821425
615  0.1514276323914724  1.008860386899057
616  0.15142748815467177  1.0088603784594228
617  0.15142716889898522  1.0088603597790218
618  0.1514269887275791  1.0088603492367691
619  0.15142678494529171  1.008860337312988
620  0.15142634995457693  1.0088603118606585
621  0.15142600998694722  1.0088602919683531
622  0.15142635292439077  1.0088603120344293
623  0.15142579831753034  1.0088602795830774
624  0.15142544267622238  1.0088602587736681
625  0.15142515071720208  1.0088602416904593
626  0.151424771324004  1.008860219491271
627  0.1514243944105863  1.0088601974371805
628  0.15142397736619773  1.0088601730349325
629  0.1514236267896928  1.0088601525218768
630  0.15142336862971395  1.0088601374163293
631  0.1514231547533913  1.0088601249019227
632  0.15142257891111222  1.0088600912080368
633  0.15142200533831118  1.008860057646943
634  0.15142138539066685  1.0088600213723484
635  0.15142072449513477  1.0088599827017966
636  0.15142013939760635  1.0088599484663643
637  0.1514194256938841  1.008859906705881
638  0.1514186499711847  1.0088598613165214
639  0.15141790325046034  1.0088598176241357
640  0.1514174579510792  1.0088597915686217
641  0.1514168928666776  1.0088597585042043
642  0.15141633189637593  1.0088597256805125
643  0.15141583179549412  1.008859696418434
644  0.15141538102813412  1.0088596700429755
645  0.15141435987001528  1.0088596102926124
646  0.15141393518815904  1.0088595854434783
647  0.15141331926375412  1.008859549404293
648  0.1514129316213395  1.0088595267224236
649  0.15141250189143318  1.008859501577916
650  0.15141189061918625  1.0088594658109393
651  0.151411524149051  1.0088594443679098
652  0.15141104989780607  1.0088594166183542
653  0.15141085259219134  1.0088594050735387
654  0.15141044086599298  1.0088593809824706
655  0.15141001456191505  1.0088593560384163
656  0.15140937172783464  1.0088593184246823
657  0.1514090675656763  1.0088593006274391
658  0.15140868125222484  1.0088592780233305
659  0.15140827971998683  1.0088592545287351
660  0.1514078540370818  1.008859229621027
661  0.15140748804569548  1.0088592082060104
662  0.1514071489553368  1.008859188365036
663  0.15140685989570057  1.008859171451477
664  0.15140666213279363  1.0088591598799042
665  0.15140637536318258  1.0088591431003398
666  0.15140626606307261  1.0088591367049333
667  0.15140607543539164  1.0088591255508594
668  0.1514057423398889  1.0088591060606582
669  0.15140547980854513  1.0088590906993318
670  0.1514051683069143  1.0088590724726387
671  0.1514049138562149  1.0088590575841299
672  0.151404649197747  1.0088590420983405
673  0.1514041056366845  1.0088590102933044
674  0.15140428356130975  1.0088590207040926
675  0.15140382979913547  1.0088589941534007
676  0.1514035612425939  1.0088589784395257
677  0.15140322986898858  1.008858959050077
678  0.15140301817310053  1.0088589466632527
679  0.15140271983236875  1.0088589292066348
680  0.1514023020120967  1.008858904758988
681  0.15140192430346655  1.0088588826583678
682  0.15140162186628137  1.0088588649620567
683  0.15140139561892108  1.0088588517237917
684  0.1514008687604237  1.0088588208960618
685  0.15140073385751385  1.0088588130025753
686  0.15140027699437142  1.0088587862704386
687  0.15139977013870387  1.0088587566131213
688  0.15140043200686637  1.008858795340584
689  0.15139958661891662  1.0088587458749472
690  0.15139931945961516  1.0088587302428278
691  0.15139915313817498  1.0088587205109694
692  0.15139893062366738  1.0088587074911222
693  0.1513987252308635  1.008858695473106
694  0.15139826157004543  1.0088586683432212
695  0.1513982177585359  1.008858665779707
696  0.15139795179207494  1.0088586502173835
697  0.15139766027612378  1.0088586331600997
698  0.15139739445785538  1.0088586176064478
699  0.1513970825304226  1.00885859935484
700  0.15139691622551543  1.0088585896239488
701  0.1513964767608571  1.0088585639098382
702  0.1513963592202726  1.0088585570322621
703  0.15139585289038837  1.0088585274057098
704  0.15139555351081446  1.0088585098883067
705  0.15139522184411713  1.0088584904817082
706  0.15139479296820724  1.0088584653871704
707  0.1513957145285142  1.0088585193098312
708  0.15139456465999002  1.0088584520283197
709  0.15139405405136241  1.0088584221514079
710  0.15139374900901614  1.008858404302663
711  0.151393465710989  1.008858387726229
712  0.15139327270935987  1.0088583764332497
713  0.15139309473964668  1.0088583660198231
714  0.15139272534920145  1.0088583444059196
715  0.1513925948067908  1.008858336767576
716  0.15139235181109223  1.0088583225493264
717  0.15139209828151756  1.0088583077147146
718  0.15139189393800723  1.0088582957580954
719  0.15139148272030944  1.0088582716967807
720  0.15139233790393114  1.0088583217355858
721  0.15139132432934022  1.0088582624289524
722  0.15139107173731037  1.008858247649199
723  0.15139093624205557  1.0088582397210528
724  0.1513907562604987  1.0088582291899086
725  0.1513905445006567  1.0088582167993423
726  0.151390205813569  1.0088581969819643
727  0.15138997243228436  1.0088581833262764
728  0.1513897126570768  1.008858168126218
729  0.1513894939068634  1.0088581553266285
730  0.15138930343419976  1.0088581441816251
731  0.15138908289112318  1.008858131277131
732  0.15138880554182121  1.0088581150487712
733  0.15138853512183836  1.008858099225862
734  0.15138816041039382  1.0088580773006142
735  0.15138819533925718  1.0088580793443842
736  0.1513879533850898  1.0088580651870767
737  0.15138778026555932  1.0088580550574457
738  0.15138760732004486  1.0088580449379971
739  0.15138744621377176  1.0088580355112902
740  0.15138723791309705  1.008858023323128
741  0.15138707413245378  1.0088580137399372
742  0.15138693513630763  1.0088580056069458
743  0.1513867855164841  1.008857996852338
744  0.15138678009197615  1.0088579965349371
745  0.1513867000818243  1.0088579918533551
746  0.15138657188859728  1.0088579843524679
747  0.15138644070171847  1.008857976676415
748  0.15138636869424282  1.0088579724630884
749  0.15138623547625318  1.0088579646681903
750  0.15138637544523426  1.0088579728581049
751  0.15138616269560345  1.0088579604096235
752  0.15138603385294536  1.0088579528707364
753  0.1513858912012156  1.0088579445238484
754  0.15138579141153075  1.0088579386849192
755  0.15138563815618544  1.0088579297175886
756  0.15138551968454206  1.008857922785534
757  0.15138533059268833  1.008857911721325
758  0.1513851758095186  1.0088579026645978
759  0.15138505352870435  1.0088578955096597
760  0.1513847783909794  1.0088578794107044
761  0.15138543010042782  1.0088579175437569
762  0.15138468697339258  1.0088578740616465
763  0.1513845012601791  1.0088578631951295
764  0.15138437931228854  1.0088578560596717
765  0.15138424308474008  1.0088578480886772
766  0.1513841003546068  1.0088578397372017
767  0.15138394912044084  1.0088578308881349
768  0.1513838165498843  1.0088578231311198
769  0.15138375696413076  1.0088578196446172
770  0.1513836420906588  1.0088578129231
771  0.1513835927647913  1.0088578100369276
772  0.15138344676345972  1.0088578014940466
773  0.15138334060481884  1.0088577952824547
774  0.15138324375310663  1.0088577896154332
775  0.1513830719107071  1.0088577795605302
776  0.15138325883359027  1.0088577904978278
777  0.1513829681505473  1.0088577734892792
778  0.15138282677155335  1.0088577652168618
779  0.15138271326518016  1.008857758575337
780  0.15138255834090586  1.0088577495103535
781  0.15138239396475017  1.008857739892318
782  0.15138229954582116  1.0088577343676444
783  0.15138218584767704  1.0088577277148985
784  0.15138208213770388  1.0088577216465842
785  0.1513819595304301  1.0088577144725441
786  0.15138179643118055  1.0088577049292236
787  0.15138169911690502  1.0088576992351364
788  0.15138158812961444  1.008857692741009
789  0.1513814219773828  1.0088576830190512
790  0.15138135124945373  1.0088576788805939
791  0.15138123588088748  1.0088576721301075
792  0.15138112229468226  1.0088576654839116
793  0.15138103019030358  1.0088576600946677
794  0.15138085891355246  1.008857650072862
795  0.15138074477117636  1.0088576433941234
796  0.15138045226554853  1.0088576262789313
797  0.1513803468298549  1.0088576201096406
798  0.1513802367368805  1.008857613667842
799  0.15138009279812825  1.008857605245647
800  0.15137986384479862  1.0088575918490492
801  0.1513797246157076  1.0088575837024278
802  0.15137958982943345  1.0088575758157656
803  0.15137946515670297  1.0088575685208712
804  0.1513793825451769  1.0088575636870765
805  0.151379228464528  1.0088575546714553
806  0.1513790648928337  1.0088575451004909
807  0.15137896729618794  1.0088575393898815
808  0.1513788083224068  1.0088575300879516
809  0.15137877145065115  1.0088575279304985
810  0.15137863925885486  1.0088575201956458
811  0.15137854658388683  1.0088575147730154
812  0.1513784806255103  1.0088575109136357
813  0.15137836983484187  1.008857504431013
814  0.15137834894506252  1.008857503208703
815  0.1513782599499568  1.00885749800139
816  0.15137808510517858  1.008857487770811
817  0.15137798571980543  1.008857481955539
818  0.1513778940535152  1.0088574765919287
819  0.15137779814316332  1.0088574709799885
820  0.15137768614755442  1.008857464426862
821  0.1513776020112152  1.0088574595038469
822  0.15137754664955194  1.0088574562645058
823  0.15137748066372358  1.0088574524035197
824  0.15137742723439007  1.0088574492772437
825  0.1513773590869696  1.0088574452897778
826  0.15137731068148363  1.008857442457459
827  0.15137726795606243  1.008857439957494
828  0.15137714481817732  1.008857432752407
829  0.1513771981128864  1.0088574358708058
830  0.15137708938698724  1.0088574295089978
831  0.15137704826413512  1.0088574271028028
832  0.15137701386534252  1.0088574250900486
833  0.15137698267236366  1.0088574232648742
834  0.15137692834490868  1.008857420086047
835  0.15137687536709854  1.0088574169861908
836  0.15137682451718515  1.0088574140108428
837  0.1513767710172519  1.0088574108804358
838  0.15137672521768997  1.0088574082005957
839  0.15137661248696233  1.0088574016044558
840  0.15137665343629247  1.0088574040004972
841  0.15137657049677256  1.008857399147511
842  0.15137652757332787  1.008857396635959
843  0.15137649536135334  1.008857394751161
844  0.15137646917612124  1.0088573932190013
845  0.151376428312318  1.008857390827964
846  0.15137638738493953  1.0088573884332068
847  0.15137635464018218  1.0088573865172341
848  0.15137630991133333  1.008857383900044
849  0.1513762822776411  1.0088573822831317
850  0.15137622622135005  1.008857379003146
851  0.15137618461030622  1.0088573765683864
852  0.15137614100997776  1.0088573740172284
853  0.15137610382149536  1.0088573718412428
854  0.15137604475042266  1.0088573683848554
855  0.15137601150374358  1.0088573664395142
856  0.1513759882509732  1.0088573650789399
857  0.15137596998414615  1.008857364010105
858  0.15137593354954837  1.0088573618782308
859  0.15137591055575217  1.00885736053281
860  0.15137589268831986  1.0088573594873445
861  0.15137585669652398  1.0088573573813797
862  0.15137581472211414  1.0088573549253583
863  0.1513757734265746  1.0088573525090592
864  0.15137575489055577  1.008857351424473
865  0.15137572801447374  1.0088573498518905
866  0.15137571437945607  1.0088573490540733
867  0.15137567555733855  1.0088573467825
868  0.1513756426252949  1.0088573448555684
869  0.1513756167357858  1.0088573433407126
870  0.15137557667527646  1.0088573409966781
871  0.15137560501046277  1.0088573426546363
872  0.15137555108992573  1.008857339499619
873  0.15137550721290371  1.008857336932271
874  0.1513754936690962  1.0088573361397912
875  0.15137547847020028  1.008857335250468
876  0.15137546599796325  1.008857334520688
877  0.1513754470992672  1.0088573334148807
878  0.15137543286068067  1.0088573325817478
879  0.1513754076164442  1.008857331104648
880  0.15137539388894794  1.0088573303014199
881  0.15137537732814  1.0088573293324081
882  0.151375361076324  1.0088573283814761
883  0.15137534586941948  1.0088573274916843
884  0.15137532491220484  1.0088573262654286
885  0.1513753122235647  1.0088573255229862
886  0.15137529852313303  1.0088573247213417
887  0.1513752792952774  1.0088573235962748
888  0.15137526704349535  1.0088573228793942
889  0.15137525644925054  1.0088573222594999
890  0.15137522465392494  1.0088573203990807
891  0.15137520949420002  1.0088573195120496
892  0.15137518974125663  1.0088573183562584
893  0.15137517639092346  1.0088573175750992
894  0.1513751520897274  1.0088573161531789
895  0.1513751419997068  1.0088573155627882
896  0.15137513081518028  1.008857314908355
897  0.15137510989797331  1.00885731368444
898  0.15137512953958554  1.008857314833717
899  0.15137509741136201  1.008857312953819
900  0.15137508051593795  1.0088573119652282
901  0.15137506771803755  1.008857311216393
902  0.15137505826487363  1.008857310663266
903  0.15137504749159836  1.0088573100328964
904  0.15137504042181904  1.008857309619227
905  0.151375030996166  1.00885730906771
906  0.15137501498143058  1.00885730813065
907  0.15137502196866515  1.0088573085394896
908  0.15137500495315426  1.008857307543872
909  0.15137499118222608  1.0088573067381026
910  0.1513749793611079  1.0088573060464212
911  0.15137496696743824  1.0088573053212384
912  0.15137495228588793  1.0088573044621865
913  0.15137493988176853  1.0088573037363922
914  0.15137493006942082  1.0088573031622485
915  0.15137492200906588  1.0088573026906182
916  0.151374912987145  1.0088573021627245
917  0.151374904305282  1.0088573016547282
918  0.15137489711044927  1.0088573012337418
919  0.15137488665152687  1.0088573006217656
920  0.15137488435056734  1.0088573004871308
921  0.15137487063376853  1.0088572996845289
922  0.15137486633353558  1.0088572994329121
923  0.15137486087296448  1.008857299113401
924  0.15137485850063337  1.0088572989745905
925  0.15137485045862475  1.0088572985040336
926  0.15137484497727038  1.0088572981833068
927  0.1513748399130238  1.0088572978869859
928  0.15137483142130925  1.0088572973901158
929  0.15137484999884343  1.0088572984771307
930  0.15137482726242724  1.0088572971467695
931  0.15137481845559664  1.0088572966314613
932  0.15137481287853194  1.008857296305134
933  0.15137480480331822  1.0088572958326343
934  0.1513747996102227  1.0088572955287742
935  0.1513747932387014  1.0088572951559616
936  0.15137478622905765  1.0088572947458108
937  0.15137478129766524  1.0088572944572634
938  0.1513747794382998  1.0088572943484675
939  0.15137477031272184  1.0088572938145084
940  0.15137476775789505  1.0088572936650195
941  0.15137476451090714  1.0088572934750306
942  0.15137476092685964  1.0088572932653197
943  0.15137475696527058  1.0088572930335178
944  0.1513747541721927  1.008857292870088
945  0.15137475167977898  1.0088572927242512
946  0.15137474950728702  1.0088572925971335
947  0.15137474507991278  1.0088572923380774
948  0.1513747471664293  1.0088572924601644
949  0.15137474346885083  1.0088572922438104
950  0.15137474219652158  1.0088572921693633
951  0.15137474041510002  1.0088572920651284
952  0.15137473825226888  1.0088572919385759
953  0.15137474056451083  1.0088572920738705
954  0.15137473722991657  1.0088572918787557
955  0.15137473569847593  1.0088572917891474
956  0.1513747346371339  1.008857291727046
957  0.15137473358236175  1.0088572916653287
958  0.15137473231990128  1.008857291591459
959  0.15137473112785071  1.0088572915217096
960  0.1513747301058963  1.0088572914619125
961  0.15137472754684422  1.0088572913121765
962  0.15137472755867443  1.0088572913128686
963  0.1513747264547387  1.0088572912482747
964  0.15137472492258963  1.008857291158625
965  0.15137472419419795  1.0088572911160052
966  0.1513747232747088  1.0088572910622038
967  0.15137472237134153  1.0088572910093454
968  0.15137472153952647  1.0088572909606741
969  0.15137472045760914  1.0088572908973688
970  0.15137471934993407  1.008857290832556
971  0.15137471899849908  1.0088572908119926
972  0.1513747173549349  1.0088572907158238
973  0.15137471707408512  1.0088572906993907
974  0.1513747158245694  1.0088572906262785
975  0.15137471440396422  1.0088572905431556
976  0.15137471310328554  1.0088572904670499
977  0.15137471203487285  1.0088572904045345
978  0.15137470960651844  1.0088572902624457
979  0.15137470905264883  1.0088572902300377
980  0.15137470760429605  1.008857290145291
981  0.15137470668010689  1.0088572900912145
982  0.1513747058963234  1.0088572900453534
983  0.15137470447261858  1.0088572899620492
984  0.15137470379113893  1.0088572899221742
985  0.15137470209021653  1.008857289822649
986  0.15137470151049393  1.0088572897887282
987  0.15137470049913115  1.008857289729551
988  0.15137469808765502  1.0088572895884498
989  0.15137469690619731  1.0088572895193202
990  0.15137469452457675  1.0088572893799659
991  0.15137469320137642  1.0088572893025423
992  0.15137469122977276  1.0088572891871792
993  0.15137469021893568  1.0088572891280327
994  0.15137468733476978  1.0088572889592733
995  0.15137468633906082  1.0088572889010121
996  0.15137468525215847  1.0088572888374148
997  0.15137468482114824  1.0088572888121956
998  0.1513746829598469  1.0088572887032863
999  0.1513746817515399  1.0088572886325855
1000  0.15137468074423255  1.0088572885736455
1001  0.15137467923319603  1.0088572884852312
1002  0.15137467666480586  1.0088572883349487
1003  0.15137467518238346  1.0088572882482088
1004  0.15137467372595503  1.0088572881629896
1005  0.15137467299351337  1.0088572881201325
1006  0.15137467187931164  1.008857288054938
1007  0.15137467144374483  1.008857288029452
1008  0.15137466939975497  1.0088572879098534
1009  0.151374668324726  1.008857287846951
1010  0.15137466732303861  1.00885728778834
1011  0.1513746658304722  1.0088572877010062
1012  0.15137466347297812  1.0088572875630637
1013  0.15137466105740627  1.008857287421723
1014  0.15137465991715437  1.0088572873550044
1015  0.15137465829700802  1.0088572872602057
1016  0.15137465803712558  1.0088572872449992
1017  0.15137465572097042  1.0088572871094756
1018  0.15137465380505088  1.0088572869973707
1019  0.15137465180199905  1.0088572868801673
1020  0.15137464949990354  1.0088572867454664
1021  0.1513746506044743  1.0088572868100973
1022  0.15137464809355428  1.0088572866631775
1023  0.15137464651472676  1.0088572865707968
1024  0.15137464537742895  1.0088572865042507
1025  0.1513746432882498  1.0088572863820078
1026  0.15137463996802547  1.0088572861877338
1027  0.1513746426069884  1.0088572863421457
1028  0.1513746380234937  1.0088572860739546
1029  0.15137463545553864  1.0088572859236975
1030  0.1513746333303263  1.0088572857993463
1031  0.15137463088820524  1.0088572856564522
1032  0.1513746307708036  1.0088572856495825
1033  0.15137462905392718  1.008857285549124
1034  0.1513746259393225  1.0088572853668814
1035  0.15137462327428108  1.0088572852109436
1036  0.15137462128015922  1.0088572850942628
1037  0.1513746191400055  1.0088572849690371
1038  0.1513746165009786  1.0088572848146216
1039  0.15137461452892087  1.008857284699232
1040  0.151374612399635  1.0088572845746424
1041  0.1513746103603536  1.0088572844553192
1042  0.15137460780918  1.0088572843060442
1043  0.15137460258102553  1.0088572840001324
1044  0.1513746160131323  1.0088572847860766
1045  0.15137460067412334  1.0088572838885552
1046  0.15137459630174832  1.0088572836327172
1047  0.1513745932946685  1.008857283456766
1048  0.15137459150565835  1.0088572833520866
1049  0.15137458952985472  1.0088572832364777
1050  0.15137458840570583  1.008857283170701
1051  0.15137458699737238  1.0088572830882963
1052  0.15137458535323944  1.008857282992094
1053  0.15137458914308288  1.0088572832138467
1054  0.15137458413903682  1.0088572829210485
1055  0.1513745817907517  1.0088572827836446
1056  0.15137457968848134  1.008857282660636
1057  0.15137457791696796  1.0088572825569804
1058  0.15137457603722315  1.0088572824469921
1059  0.15137457393621567  1.0088572823240574
1060  0.15137457210080385  1.0088572822166628
1061  0.15137456925749948  1.0088572820502946
1062  0.1513745695193146  1.008857282065614
1063  0.1513745682419465  1.008857281990872
1064  0.15137456641546265  1.0088572818840003
1065  0.15137456439122443  1.0088572817655574
1066  0.15137456219523993  1.0088572816370651
1067  0.15137456014766304  1.0088572815172565
1068  0.15137455778154996  1.00885728137881
1069  0.15137455595823524  1.0088572812721233
1070  0.15137455442875003  1.0088572811826295
1071  0.15137455272092826  1.0088572810827008
1072  0.15137455045209602  1.0088572809499463
1073  0.15137454783312387  1.008857280796704
1074  0.1513745453933948  1.0088572806539498
1075  0.15137454386788363  1.0088572805646885
1076  0.1513745416827439  1.0088572804368308
1077  0.15137453942999735  1.0088572803050173
1078  0.15137453705075943  1.0088572801658025
1079  0.15137453448174953  1.0088572800154836
1080  0.15137453278614077  1.0088572799162694
1081  0.15137453091207675  1.0088572798066135
1082  0.1513745284327528  1.0088572796615427
1083  0.15137452695171671  1.0088572795748838
1084  0.15137452505478333  1.0088572794638897
1085  0.15137452286999764  1.0088572793360526
1086  0.15137452094296344  1.0088572792232973
1087  0.15137451818323855  1.0088572790618195
1088  0.1513745157476225  1.0088572789193058
1089  0.15137451336417806  1.0088572787798449
1090  0.151374512008838  1.0088572787005408
1091  0.15137451075303332  1.0088572786270606
1092  0.1513745070872905  1.0088572784125693
1093  0.15137450979482958  1.008857278570994
1094  0.15137450559160315  1.0088572783250533
1095  0.15137450323883184  1.008857278187387
1096  0.15137450082253046  1.0088572780460037
1097  0.15137449886546894  1.0088572779314913
1098  0.15137449670252745  1.0088572778049325
1099  0.15137449442317774  1.0088572776715623
1100  0.15137449285946392  1.008857277580066
1101  0.1513744911074878  1.0088572774775537
1102  0.15137448878225612  1.0088572773414988
1103  0.1513744872278423  1.0088572772505464
1104  0.15137448377852336  1.0088572770487185
1105  0.151374481859043  1.0088572769364055
1106  0.15137447906266155  1.0088572767727824
1107  0.1513744750954812  1.0088572765406534
1108  0.1513744718092368  1.0088572763483676
1109  0.15137446766461127  1.0088572761058556
1110  0.1513744660792724  1.0088572760130938
1111  0.151374462538431  1.008857275805911
1112  0.15137446055259263  1.0088572756897147
1113  0.15137445702761299  1.00885727548346
1114  0.15137445516069725  1.0088572753742222
1115  0.1513744522082695  1.0088572752014688
1116  0.15137444575519043  1.008857274823884
1117  0.15137445327198018  1.008857275263709
1118  0.1513744428315832  1.0088572746528168
1119  0.1513744387570628  1.008857274414407
1120  0.15137443600658618  1.0088572742534703
1121  0.1513744330608502  1.0088572740811084
1122  0.15137443014196317  1.0088572739103174
1123  0.15137442680623625  1.008857273715136
1124  0.15137442360946163  1.0088572735280852
1125  0.15137442012106306  1.008857273323971
1126  0.15137441704528465  1.008857273144
1127  0.15137441445180377  1.0088572729922494
1128  0.15137441253676975  1.008857272880196
1129  0.15137440943413127  1.0088572726986533
1130  0.15137441062553525  1.0088572727683653
1131  0.15137440737465158  1.0088572725781484
1132  0.151374404215048  1.0088572723932725
1133  0.1513744023038902  1.0088572722814462
1134  0.15137439946544218  1.008857272115362
1135  0.15137439787680584  1.008857272022407
1136  0.15137439578286815  1.0088572718998858
1137  0.15137439398579466  1.0088572717947348
1138  0.1513743917662248  1.0088572716648627
1139  0.1513743907713495  1.0088572716066502
1140  0.15137438744762  1.008857271412171
1141  0.1513743863743653  1.0088572713493722
1142  0.15137438493852307  1.0088572712653578
1143  0.1513743836507967  1.00885727119001
1144  0.15137438205438425  1.0088572710966002
1145  0.151374380485094  1.0088572710047772
1146  0.15137437921332342  1.008857270930363
1147  0.15137437794957698  1.008857270856418
1148  0.1513743768662823  1.008857270793032
1149  0.15137437502593853  1.0088572706853491
1150  0.15137437353970717  1.0088572705983863
1151  0.15137437145414745  1.0088572704763552
1152  0.15137436828939155  1.008857270291178
1153  0.15137436746880317  1.0088572702431635
1154  0.15137436398938875  1.0088572700395748
1155  0.15137436290964035  1.008857269976396
1156  0.1513743612748919  1.0088572698807432
1157  0.15137436131035165  1.008857269882818
1158  0.15137436024588402  1.0088572698205334
1159  0.15137435884595585  1.0088572697386202
1160  0.15137435723894355  1.00885726964459
1161  0.15137435676844535  1.0088572696170603
1162  0.1513743559449242  1.008857269568874
1163  0.15137435520269105  1.0088572695254443
1164  0.1513743544390087  1.0088572694807596
1165  0.15137435338214345  1.0088572694189197
1166  0.15137435148267864  1.0088572693077777
1167  0.15137435010092803  1.008857269226928
1168  0.15137434880096867  1.0088572691508644
1169  0.1513743479064522  1.008857269098524
1170  0.1513743469315586  1.0088572690414808
1171  0.15137434527468818  1.0088572689445336
1172  0.1513743444254797  1.0088572688948443
1173  0.1513743430349913  1.0088572688134836
1174  0.15137434229349278  1.0088572687700967
1175  0.15137434099971303  1.0088572686943946
1176  0.15137434074676626  1.0088572686795942
1177  0.15137433833251634  1.0088572685383308
1178  0.1513743376604767  1.0088572684990083
1179  0.15137433651455934  1.0088572684319579
1180  0.15137433436091474  1.0088572683059431
1181  0.1513743360092622  1.0088572684023915
1182  0.15137433318225324  1.0088572682369767
1183  0.15137433150442148  1.0088572681388028
1184  0.1513743301725181  1.00885726806087
1185  0.15137432851129085  1.0088572679636678
1186  0.15137432772877268  1.0088572679178807
1187  0.1513743259942245  1.0088572678163883
1188  0.15137432496200465  1.0088572677559906
1189  0.15137432408258533  1.0088572677045338
1190  0.15137432282309216  1.0088572676308378
1191  0.15137432372550497  1.0088572676836403
1192  0.15137432187234756  1.0088572675752074
1193  0.15137432077033652  1.0088572675107264
1194  0.15137431936980317  1.008857267428778
1195  0.15137431825700398  1.0088572673636653
1196  0.15137431495719922  1.008857267170586
1197  0.15137431428710535  1.0088572671313774
1198  0.15137430909689087  1.0088572668276854
1199  0.15137430670366492  1.0088572666876523
1200  0.15137430370615357  1.0088572665122608
1201  0.15137429968894656  1.0088572662772046
1202  0.1513743025895452  1.0088572664469253
1203  0.15137429697373528  1.008857266118331
1204  0.1513742934267911  1.008857265910791
1205  0.1513742913329834  1.0088572657882775
1206  0.15137429012903403  1.0088572657178316
1207  0.15137428795008145  1.0088572655903358
1208  0.15137428611066028  1.008857265482707
1209  0.15137428437603173  1.00885726538121
1210  0.15137428149463927  1.0088572652126129
1211  0.151374283979542  1.0088572653580103
1212  0.15137427890289512  1.008857265060964
1213  0.1513742740692171  1.0088572647781338
1214  0.15137426998141346  1.0088572645389469
1215  0.15137426430179957  1.0088572642066194
1216  0.15137426284163202  1.0088572641211815
1217  0.1513742568524521  1.0088572637707405
1218  0.15137425386387904  1.008857263595872
1219  0.15137425008017524  1.0088572633744786
1220  0.1513742463474156  1.0088572631560662
1221  0.15137424193879845  1.0088572628981076
1222  0.15137423720630894  1.0088572626211985
1223  0.1513742338004399  1.008857262421913
1224  0.15137422926090316  1.0088572621562941
1225  0.15137422440577208  1.008857261872209
1226  0.15137421777149462  1.0088572614840217
1227  0.15137421717835853  1.0088572614493159
1228  0.1513742142972052  1.008857261280733
1229  0.15137421049138466  1.0088572610580453
1230  0.15137420694755388  1.0088572608506876
1231  0.15137420299070214  1.0088572606191628
1232  0.1513741989564007  1.0088572603831063
1233  0.15137419571829913  1.0088572601936376
1234  0.15137419249874962  1.008857260005254
1235  0.15137419178667733  1.008857259963589
1236  0.15137418796153235  1.008857259739771
1237  0.15137418590538443  1.0088572596194607
1238  0.15137418411709713  1.0088572595148237
1239  0.15137418143560677  1.0088572593579235
1240  0.15137417636181005  1.0088572590610436
1241  0.15137417217953109  1.0088572588163287
1242  0.15137416983905738  1.0088572586793823
1243  0.1513741679526116  1.0088572585690017
1244  0.15137416631003808  1.008857258472891
1245  0.15137416405606707  1.0088572583410058
1246  0.1513741598597741  1.0088572580954709
1247  0.15137415769519025  1.008857257968816
1248  0.15137415472799076  1.008857257795198
1249  0.15137414948835914  1.008857257488615
1250  0.1513741475313729  1.0088572573741073
1251  0.15137413610183137  1.0088572567053378
1252  0.1513741323415484  1.0088572564853147
1253  0.15137412921755034  1.0088572563025222
1254  0.15137412510459747  1.0088572560618638
1255  0.1513741278956151  1.0088572562251727
1256  0.1513741205241128  1.0088572557938489
1257  0.15137411224456154  1.0088572553093926
1258  0.15137410830357123  1.0088572550787962
1259  0.15137410435424925  1.0088572548477122
1260  0.15137410099518056  1.008857254651165
1261  0.15137409805119584  1.0088572544789056
1262  0.15137409018274428  1.008857254018504
1263  0.15137408696289922  1.0088572538301033
1264  0.15137408295078247  1.0088572535953448
1265  0.1513740766188253  1.0088572532248472
1266  0.15137407374129364  1.008857253056476
1267  0.1513740703006431  1.0088572528551556
1268  0.1513740641720076  1.0088572524965544
1269  0.15137406279662935  1.008857252416078
1270  0.15137405968704998  1.0088572522341293
1271  0.15137405715646246  1.0088572520860586
1272  0.1513740528592138  1.0088572518346164
1273  0.15137404817890943  1.0088572515607608
1274  0.1513740390840398  1.0088572510285985
1275  0.15137404529687737  1.0088572513921263
1276  0.15137403344960954  1.0088572506989149
1277  0.15137402656253984  1.008857250295936
1278  0.15137402296052627  1.0088572500851738
1279  0.15137401900564895  1.0088572498537647
1280  0.15137401504660908  1.008857249622112
1281  0.1513740082801529  1.0088572492261907
1282  0.15137400447133742  1.0088572490033278
1283  0.1513740015423638  1.008857248831947
1284  0.15137399509008032  1.0088572484544085
1285  0.1513739902737774  1.0088572481725955
1286  0.15137398558186865  1.0088572478980609
1287  0.15137398264026547  1.0088572477259405
1288  0.1513739778768768  1.0088572474472235
1289  0.15137397273490483  1.0088572471463546
1290  0.15137396772884748  1.0088572468534385
1291  0.15137396490070576  1.0088572466879573
1292  0.15137396093258304  1.008857246455773
1293  0.15137395586938707  1.0088572461595136
1294  0.15137394867531528  1.0088572457385714
1295  0.15137394559287543  1.0088572455582108
1296  0.15137394159551498  1.0088572453243156
1297  0.15137393970190005  1.0088572452135158
1298  0.1513739358483117  1.0088572449880333
1299  0.1513739275953644  1.008857244505134
1300  0.15137391779545606  1.0088572439317183
1301  0.15137392408168449  1.0088572442995403
1302  0.15137391254682175  1.0088572436246084
1303  0.15137390573377862  1.008857243225961
1304  0.15137390148873497  1.0088572429775737
1305  0.15137389884353136  1.0088572428227967
1306  0.1513738952206557  1.0088572426108136
1307  0.1513738898295207  1.0088572422953657
1308  0.15137388790299922  1.0088572421826403
1309  0.15137388463147305  1.0088572419912156
1310  0.15137388211310354  1.00885724184386
1311  0.15137387458874207  1.008857241403592
1312  0.15137386849768897  1.00885724104719
1313  0.15137386313309387  1.008857240733295
1314  0.1513738553501146  1.0088572402778946
1315  0.1513738504749994  1.00885723999264
1316  0.15137384521606756  1.0088572396849276
1317  0.1513738366370273  1.0088572391829478
1318  0.15137384168920853  1.0088572394785629
1319  0.1513738321675383  1.0088572389214274
1320  0.15137382797731558  1.0088572386762478
1321  0.1513738249980633  1.0088572385019245
1322  0.15137382286792644  1.0088572383772854
1323  0.15137381936723338  1.0088572381724514
1324  0.15137381699007524  1.0088572380333585
1325  0.15137381407555806  1.008857237862823
1326  0.1513738097657411  1.0088572376106455
1327  0.15137380411533496  1.008857237280027
1328  0.15137379950679797  1.0088572370103706
1329  0.1513737942979667  1.0088572367055897
1330  0.1513737873049168  1.0088572362964099
1331  0.15137378212774322  1.0088572359934813
1332  0.15137377716303468  1.0088572357029846
1333  0.15137377223768045  1.0088572354147904
1334  0.15137376906744437  1.0088572352292926
1335  0.15137376544337933  1.0088572350172398
1336  0.15137375955784382  1.0088572346728635
1337  0.15137375597114955  1.0088572344629976
1338  0.15137374859791164  1.008857234031572
1339  0.151373743191075  1.0088572337152053
1340  0.151373737800646  1.0088572333997987
1341  0.15137373378946328  1.008857233165095
1342  0.15137372810940608  1.0088572328327414
1343  0.15137372655331482  1.0088572327416907
1344  0.15137372027815077  1.0088572323745162
1345  0.15137371738579364  1.0088572322052778
1346  0.15137371492290408  1.0088572320611682
1347  0.151373711849214  1.0088572318813194
1348  0.15137370822207796  1.0088572316690871
1349  0.15137370607591127  1.0088572315435098
1350  0.15137370273433104  1.0088572313479862
1351  0.1513737003348573  1.0088572312075872
1352  0.15137369673630952  1.0088572309970278
1353  0.15137369424365865  1.008857230851177
1354  0.15137369127197775  1.008857230677297
1355  0.15137368897877035  1.0088572305431158
1356  0.15137368532352913  1.0088572303292391
1357  0.15137368294736953  1.0088572301902043
1358  0.15137368068313362  1.0088572300577185
1359  0.1513736763897391  1.008857229806502
1360  0.1513736921675557  1.0088572307296992
1361  0.15137367510707989  1.0088572297314506
1362  0.15137367284167402  1.0088572295988965
1363  0.15137367152725478  1.0088572295219866
1364  0.15137366921645556  1.0088572293867764
1365  0.1513736665875366  1.008857229232952
1366  0.15137366564841082  1.0088572291780016
1367  0.1513736620326206  1.0088572289664333
1368  0.15137366049983458  1.0088572288767463
1369  0.15137365837855776  1.0088572287526254
1370  0.15137365596790964  1.0088572286115727
1371  0.15137365353803833  1.0088572284693953
1372  0.15137365033691697  1.0088572282820902
1373  0.15137364828408806  1.0088572281619743
1374  0.15137364597842784  1.0088572280270647
1375  0.15137364485395066  1.0088572279612689
1376  0.15137364340059256  1.0088572278762296
1377  0.15137364262329833  1.0088572278307482
1378  0.1513736415072563  1.008857227765446
1379  0.1513736393994698  1.0088572276421144
1380  0.15137363575188723  1.0088572274286858
1381  0.15137363377703772  1.0088572273131327
1382  0.15137363016494998  1.008857227101781
1383  0.1513736286264532  1.0088572270117597
1384  0.1513736257756816  1.0088572268449547
1385  0.15137362211501137  1.00885722663076
1386  0.1513736197406106  1.0088572264918283
1387  0.15137361780680747  1.008857226378677
1388  0.1513736157543546  1.008857226258583
1389  0.1513736137472056  1.0088572261411402
1390  0.15137361149739892  1.0088572260094986
1391  0.151373608343226  1.0088572258249404
1392  0.151373605396946  1.0088572256525468
1393  0.15137360241546893  1.0088572254780934
1394  0.1513735995968406  1.008857225313169
1395  0.15137359696587704  1.008857225159225
1396  0.15137359473886547  1.0088572250289174
1397  0.15137359314269472  1.0088572249355217
1398  0.15137359101058911  1.0088572248107672
1399  0.15137358925304634  1.0088572247079293
1400  0.15137358426908165  1.0088572244163057
1401  0.15137360334864036  1.0088572255326957
1402  0.15137358313616112  1.0088572243500158
1403  0.15137358055015115  1.0088572241987024
1404  0.15137357863422485  1.008857224086597
1405  0.15137357637742166  1.0088572239545461
1406  0.15137357367920146  1.0088572237966669
1407  0.1513735707159456  1.00885722362328
1408  0.15137356800573065  1.0088572234646989
1409  0.15137356432418858  1.0088572232492832
1410  0.15137356276327196  1.0088572231579502
1411  0.15137355978809186  1.0088572229838655
1412  0.151373557070704  1.0088572228248647
1413  0.1513735558353001  1.0088572227525783
1414  0.15137355393260143  1.0088572226412469
1415  0.15137355148972909  1.0088572224983088
1416  0.15137354996624375  1.008857222409166
1417  0.15137354754439558  1.0088572222674579
1418  0.1513735458353903  1.00885722216746
1419  0.1513735437304583  1.0088572220442955
1420  0.15137354214578946  1.008857221951573
1421  0.15137354078880527  1.0088572218721725
1422  0.15137353929887565  1.0088572217849934
1423  0.1513735377927754  1.0088572216968676
1424  0.1513735368156467  1.0088572216396936
1425  0.1513735360602625  1.0088572215954943
1426  0.15137353486969563  1.0088572215258313
1427  0.15137353357931027  1.008857221450328
1428  0.15137353319194702  1.0088572214276625
1429  0.15137353252528696  1.0088572213886546
1430  0.15137353217932414  1.0088572213684115
1431  0.15137353140269316  1.008857221322969
1432  0.15137353044169666  1.0088572212667388
1433  0.15137352876989651  1.0088572211689177
1434  0.15137353406698062  1.0088572214788627
1435  0.15137352796688885  1.008857221121932
1436  0.1513735266170666  1.0088572210429507
1437  0.15137352582646568  1.0088572209966908
1438  0.1513735248381587  1.0088572209388627
1439  0.15137352397319925  1.0088572208882518
1440  0.15137352299375673  1.0088572208309425
1441  0.15137352199521448  1.0088572207725153
1442  0.15137352098746093  1.0088572207135493
1443  0.15137351952126366  1.0088572206277586
1444  0.1513735191051585  1.0088572206034114
1445  0.15137351683486044  1.0088572204705708
1446  0.15137351615480743  1.0088572204307795
1447  0.15137351538734412  1.0088572203858732
1448  0.15137351416595823  1.008857220314407
1449  0.15137351190090143  1.0088572201818733
1450  0.15137351013438483  1.0088572200785102
1451  0.15137350868581878  1.0088572199937513
1452  0.15137350783028358  1.0088572199436918
1453  0.15137350634621694  1.0088572198568557
1454  0.151373504643445  1.0088572197572225
1455  0.1513735031373865  1.0088572196690995
1456  0.15137350246872927  1.0088572196299748
1457  0.15137350180936593  1.0088572195913939
1458  0.15137350107951975  1.0088572195486887
1459  0.15137350008074313  1.008857219490248
1460  0.15137349904872566  1.0088572194298624
1461  0.15137349732683059  1.00885721932911
1462  0.1513734959817833  1.0088572192504082
1463  0.15137349646485432  1.0088572192786738
1464  0.15137349498320118  1.008857219191979
1465  0.1513734935053206  1.0088572191055047
1466  0.15137349267598998  1.0088572190569784
1467  0.15137349133282152  1.0088572189783866
1468  0.1513734897367759  1.0088572188849982
1469  0.15137348850678423  1.0088572188130285
1470  0.151373487195525  1.0088572187363036
1471  0.15137348649759763  1.0088572186954663
1472  0.1513734856046568  1.0088572186432183
1473  0.15137348418963426  1.0088572185604219
1474  0.1513734823415127  1.008857218452284
1475  0.15137348156539154  1.0088572184068711
1476  0.1513734805157979  1.0088572183454572
1477  0.15137347933424272  1.0088572182763216
1478  0.15137347926467426  1.0088572182722508
1479  0.15137347848883742  1.008857218226855
1480  0.15137347754392938  1.0088572181715663
1481  0.15137347697652848  1.008857218138366
1482  0.15137347623934905  1.008857218095232
1483  0.15137347520705957  1.0088572180348303
1484  0.15137347391252243  1.0088572179590838
1485  0.15137347246393773  1.0088572178743238
1486  0.15137347132058876  1.0088572178074238
1487  0.15137347024272085  1.008857217744355
1488  0.15137346917045313  1.0088572176816144
1489  0.15137346801764795  1.008857217614161
1490  0.1513734664137999  1.008857217520316
1491  0.15137346531387852  1.008857217455957
1492  0.15137346400522078  1.0088572173793844
1493  0.1513734627854052  1.0088572173080101
1494  0.15137346106344352  1.008857217207254
1495  0.1513734608446623  1.0088572171944528
1496  0.15137345974694916  1.008857217130223
1497  0.15137345800695223  1.0088572170284116
1498  0.15137345630527244  1.0088572169288423
1499  0.15137345488204668  1.008857216845566
1500  0.15137345342801745  1.0088572167604875
1501  0.15137345161286087  1.0088572166542784
1502  0.15137345088310872  1.0088572166115788
1503  0.1513734500263738  1.008857216561449
1504  0.1513734488818238  1.008857216494479
1505  0.1513734476381926  1.0088572164217111
1506  0.15137344642731376  1.0088572163508598
1507  0.1513734456658251  1.0088572163063032
1508  0.15137344484599258  1.008857216258333
1509  0.15137344447450718  1.0088572162365965
1510  0.1513734423995442  1.0088572161151856
1511  0.15137344173668577  1.0088572160764
1512  0.1513734410992683  1.0088572160391032
1513  0.1513734401467839  1.008857215983371
1514  0.1513734374297414  1.0088572158243905
1515  0.15137343843632767  1.0088572158832882
1516  0.15137343614787246  1.0088572157493854
1517  0.15137343464949105  1.0088572156617115
1518  0.15137343318199736  1.008857215575845
1519  0.1513734320207587  1.0088572155078983
1520  0.15137343080300925  1.0088572154366449
1521  0.15137342852075597  1.008857215303105
1522  0.15137342779731744  1.0088572152607749
1523  0.1513734269319973  1.008857215210143
1524  0.1513734254817498  1.0088572151252855
1525  0.1513734246014513  1.0088572150737771
1526  0.1513734229032344  1.0088572149744104
1527  0.15137342152164524  1.0088572148935704
1528  0.15137342048744362  1.008857214833057
1529  0.15137341927317838  1.0088572147620074
1530  0.15137341712474106  1.0088572146362973
1531  0.15137342054247804  1.008857214836277
1532  0.1513734162795637  1.008857214586844
1533  0.15137341494780987  1.0088572145089199
1534  0.15137341426130968  1.0088572144687513
1535  0.15137341295316153  1.0088572143922083
1536  0.15137341191570475  1.0088572143315044
1537  0.15137341065554133  1.0088572142577692
1538  0.1513734096710171  1.0088572142001624
1539  0.15137340865066096  1.0088572141404588
1540  0.1513734081756849  1.008857214112667
1541  0.15137340616858164  1.0088572139952265
1542  0.15137340558520174  1.0088572139610916
1543  0.15137340452311232  1.0088572138989464
1544  0.15137340292180945  1.0088572138052503
1545  0.15137340155820977  1.008857213725463
1546  0.1513734005149291  1.008857213664418
1547  0.15137339988149234  1.0088572136273544
1548  0.15137339902763147  1.0088572135773928
1549  0.1513733979503693  1.0088572135143596
1550  0.15137339683907147  1.0088572134493352
1551  0.15137339529420102  1.008857213358941
1552  0.15137339394774174  1.0088572132801565
1553  0.151373393244159  1.0088572132389884
1554  0.15137339183339715  1.008857213156441
1555  0.151373391385896  1.008857213130257
1556  0.1513733904812098  1.0088572130773217
1557  0.15137338920361365  1.0088572130025664
1558  0.15137338783252752  1.008857212922341
1559  0.151373386849449  1.0088572128648188
1560  0.1513733858675077  1.008857212807363
1561  0.15137338472349182  1.008857212740424
1562  0.1513733836276019  1.0088572126763007
1563  0.1513733826570386  1.008857212619511
1564  0.1513733819804124  1.00885721257992
1565  0.15137338067907624  1.0088572125037756
1566  0.15137337978158594  1.0088572124512614
1567  0.15137337837962017  1.0088572123692292
1568  0.15137337772914983  1.0088572123311685
1569  0.15137337686832153  1.0088572122807995
