0  0.9946239253583183  1.0581977850314066
1  0.9678092099883304  1.0566287929722034
2  0.9659707991388494  1.0565212232298213
3  0.991887838013161  1.0580376901261053
4  0.9997837718840843  1.0584996997865672
5  0.9601804734646314  1.0561824176569228
6  0.9448489962506006  1.0552853368685284
7  0.9873272743064156  1.0577708408180801
8  0.9165073159419296  1.0536269984996431
9  0.8750968339415387  1.0512039738085395
10  0.8208767446972074  1.0480314288719312
11  0.7103393052671215  1.0415636233286885
12  0.6636696671774882  1.0388328730463086
13  0.6134470677513642  1.0358942306402683
14  0.5769764908144523  1.0337602514121083
15  0.5234764953433801  1.0306298408556913
16  0.4710112687717595  1.0275599770611528
17  0.4201299594298816  1.0245827919887864
18  0.38151265997456296  1.0223232029774079
19  0.34661680758738145  1.0202813645860929
20  0.31870841001303896  1.0186483786089884
21  0.28471482642218815  1.0166593340869048
22  0.25792515857756415  1.0150918076173172
23  0.24786801150191107  1.0145033402895005
24  0.2400610613445301  1.01404653727539
25  0.23625596777990088  1.0138238923020961
26  0.23270201618469233  1.0136159422360695
27  0.2289164315332748  1.013394438775169
28  0.22638698312410432  1.013246434799986
29  0.22411980325447256  1.0131137767738554
30  0.22210280490062229  1.0129957574565907
31  0.22046831904586162  1.0129001198452412
32  0.21902132252866857  1.0128154526759707
33  0.2177618774569693  1.01274175958286
34  0.2169331417064373  1.012693268305074
35  0.21596534401601952  1.0126366401861389
36  0.21710997842992796  1.0127036154376503
37  0.21558019503072068  1.0126141042132148
38  0.21496566008433737  1.0125781463282373
39  0.21422510210819812  1.0125348145394075
40  0.21283710818682988  1.012453599750781
41  0.2123418504665634  1.0124246210568204
42  0.21114750384372905  1.0123547370270514
43  0.2105701037483635  1.0123209519895406
44  0.2100414174895645  1.0122900173131728
45  0.20908795364345456  1.0122342279011785
46  0.2080744615699991  1.012174926096428
47  0.2068301215347148  1.012102116834522
48  0.20600039417058813  1.0120535675350921
49  0.20530628136336782  1.0120129533623257
50  0.20437799586684746  1.0119586371947804
51  0.20350548331825702  1.0119075844335854
52  0.20266803839984937  1.0118585835619047
53  0.20195685342568437  1.0118169704565
54  0.20132496299524816  1.011779997061334
55  0.20061313309201578  1.0117383462196126
56  0.19978145907118516  1.0116896830167212
57  0.1988914745210133  1.0116376079276228
58  0.19792718874071225  1.0115811852988081
59  0.19733243005907108  1.0115463845695905
60  0.19666995647733343  1.0115076216823162
61  0.19605695159468584  1.0114717533249664
62  0.1952604904217422  1.0114251505086183
63  0.19437799906859188  1.0113735138641005
64  0.19385767195426218  1.0113430683009346
65  0.19323068608955418  1.0113063818834438
66  0.1924237045075402  1.011259163493219
67  0.1918773317798279  1.0112271939399602
68  0.1912381362142065  1.0111897931041542
69  0.19060866794111653  1.011152961435111
70  0.19012575194978343  1.011124704884735
71  0.18973225015741124  1.011101680169425
72  0.18936566477752947  1.011080230396712
73  0.1890579221662998  1.011062223652779
74  0.18870959793677688  1.0110418423829202
75  0.18842218466078853  1.0110250251562027
76  0.18806036822758554  1.0110038544257753
77  0.18776963510796896  1.0109868429471998
78  0.18755287119897823  1.010974159581099
79  0.18735067735569177  1.0109623287438083
80  0.1871298034245088  1.0109494048906429
81  0.18689999184611095  1.0109359580747197
82  0.1867179540994227  1.0109253066180441
83  0.18650621227695974  1.010912917106037
84  0.18632588254740023  1.0109023655894607
85  0.18608938878265768  1.010888527783099
86  0.1858829580005782  1.0108764490325552
87  0.18569540335369306  1.0108654747690744
88  0.1855682634711856  1.0108580355155412
89  0.18536234506634108  1.0108459867453943
90  0.185240996315713  1.0108388863446067
91  0.1850665611443738  1.0108286797324948
92  0.1848801993950282  1.0108177752682546
93  0.18476054398275565  1.0108107739486765
94  0.18455205156947607  1.0107985745672428
95  0.18428699690282846  1.010783065595341
96  0.18391736697351568  1.0107614376788805
97  0.18363973107121767  1.0107451925492923
98  0.18336825026414694  1.0107293075688013
99  0.1828689509068493  1.0107000923891527
100  0.1825815090588161  1.010683273490618
101  0.18232393368240396  1.0106682021495776
102  0.18209982463341634  1.0106550890020611
103  0.18191261622475097  1.010644134997793
104  0.18165122478953633  1.0106288403701778
105  0.1815583222283319  1.0106234044228333
106  0.1813432044921528  1.010610817378175
107  0.1812449870435674  1.0106050704442702
108  0.18101878975444718  1.0105918351089125
109  0.18077013777693784  1.0105772858969284
110  0.1805393824177548  1.0105637838581716
111  0.18031015773781123  1.0105503713830568
112  0.18011740853679115  1.0105390931739973
113  0.17987106837131617  1.010524679231572
114  0.17939998089836695  1.0104971147956252
115  0.17892894742840337  1.01046955351952
116  0.17845937620083185  1.0104420778026562
117  0.1779772000386356  1.0104138645414233
118  0.17751003422121447  1.0103865295707644
119  0.17689645822814892  1.0103506277964007
120  0.176336293609191  1.0103178512471491
121  0.17537279198834044  1.010261474501348
122  0.17458407648141894  1.0102153249021353
123  0.17426117601886748  1.0101964312366734
124  0.17327701279284347  1.0101388455317615
125  0.17265221897980443  1.0101022873763692
126  0.17204142504415854  1.010066548386728
127  0.17128340601766645  1.010022194910777
128  0.17060060573465818  1.0099822426604073
129  0.16988427699472963  1.0099403285811703
130  0.169280594051207  1.0099050056724022
131  0.16844637627760728  1.0098561936285537
132  0.1681654350185332  1.0098397550947669
133  0.16665948830665522  1.0097516386109664
134  0.1661421818958443  1.0097213697962673
135  0.16550193000169966  1.0096839071521952
136  0.1650845755491086  1.0096594867616389
137  0.16456625475013298  1.009629158592703
138  0.16412546006351125  1.0096033666589268
139  0.16380855664600558  1.0095848238946745
140  0.16318769809278  1.0095484960005887
141  0.16301332863026474  1.0095382932332544
142  0.16227348527633134  1.0094950032586505
143  0.1619332479158423  1.0094750951705176
144  0.16142821496503512  1.009445544504828
145  0.16082373518339244  1.0094101749711872
146  0.1601920991149952  1.0093732164593423
147  0.15977468844379206  1.009348792779303
148  0.15935674721076998  1.0093243380548436
149  0.15877323043732205  1.0092901951161133
150  0.15801764402975882  1.009245983978417
151  0.1575659637557847  1.0092195551033243
152  0.1570872908309553  1.0091915468247483
153  0.15626533979358959  1.0091434525364857
154  0.1557391459807641  1.0091126636989938
155  0.1550533688009339  1.0090725372633897
156  0.15425901964392286  1.0090260580260608
157  0.15380326674449007  1.0089993908520742
158  0.15319517828259854  1.0089638101660652
159  0.152442572157923  1.00891977341173
160  0.152064156281017  1.008897631408813
161  0.15173511836590148  1.0088783786265674
162  0.15138671580290508  1.0088579927732324
163  0.15075200735615024  1.0088208544893043
164  0.15058684544960865  1.0088111904777244
165  0.14986478880833132  1.0087689412455088
166  0.1495734586770754  1.008751894834378
167  0.14929781727390368  1.0087357664076246
168  0.1488591203379347  1.0087100972181726
169  0.14877328770194853  1.0087050749487798
170  0.14813747420358336  1.0086678720056828
171  0.1479878366019588  1.0086591163576937
172  0.14763981916645064  1.008638753039074
173  0.14753525968182368  1.0086326350177253
174  0.1471780655411703  1.0086117347485055
175  0.14704949104984155  1.0086042115526361
176  0.14684882858875525  1.0085924703201197
177  0.14659125753518176  1.0085773992320188
178  0.14649805652189196  1.008571945821541
179  0.1461449454688103  1.0085512844633777
180  0.14605403463188527  1.008545965056505
181  0.1458935585641722  1.0085365752243751
182  0.14582436733884074  1.008532526683057
183  0.14566453150411607  1.008523174312465
184  0.14556892609177963  1.0085175802149442
185  0.14548227280497827  1.0085125099273422
186  0.14537776377556377  1.0085063948582464
187  0.14525621173903902  1.008499282562723
188  0.14520723641401123  1.0084964169012756
189  0.14514080095396364  1.008492529606265
190  0.14509045435162926  1.0084895837081571
191  0.14500991483389614  1.0084848711515615
192  0.14493204805132576  1.0084803149829862
193  0.14487558740990358  1.008477011338072
194  0.14476151655405234  1.0084703367840242
195  0.1450242030499087  1.0084857071886835
196  0.1447233770311689  1.0084681051508437
197  0.1446575067520528  1.0084642509258988
198  0.14460052132469237  1.0084609165745253
199  0.14449084769051135  1.0084544993122588
200  0.14444257827142526  1.008451674955028
201  0.14432431513034716  1.008444755100512
202  0.14426234647211644  1.008441129168581
203  0.14419658510544442  1.0084372813163591
204  0.14414421055091842  1.0084342167579994
205  0.1440772447722315  1.008430298432798
206  0.14398394366740974  1.0084248391657293
207  0.1439209733670329  1.0084211546253605
208  0.14385761442431777  1.0084174473446144
209  0.14377416252369413  1.0084125643776467
210  0.14370464974106334  1.0084084970212546
211  0.14362189038850304  1.0084036545769026
212  0.14348218958641312  1.008395480354424
213  0.14364770868953203  1.0084051652664154
214  0.1434382753144161  1.0083929108270915
215  0.14339360484166563  1.0083902970526748
216  0.1433549550612364  1.0083880355631254
217  0.14330318661452657  1.0083850064695592
218  0.14327117329750627  1.0083831332950912
219  0.14320762604041837  1.0083794149956284
220  0.14317457197237193  1.0083774809243706
221  0.14314493239987713  1.0083757466432774
222  0.14308226623200393  1.0083720798984166
223  0.1430690975264578  1.008371309366485
224  0.14295536372522055  1.0083646545342952
225  0.14292741015128585  1.008363018904943
226  0.1428923119151546  1.0083609652246028
227  0.1428471064952045  1.0083583201491673
228  0.14280501137241175  1.0083558570645335
229  0.14273761903814564  1.008351913780562
230  0.14271448286613087  1.008350560028726
231  0.14266762474971906  1.0083478182501335
232  0.1426508969529109  1.0083468394674018
233  0.1425903466706493  1.0083432965279842
234  0.14256877846621718  1.0083420345216187
235  0.1425266610804835  1.0083395701343278
236  0.14245215163389613  1.0083352104113765
237  0.14254753850034896  1.0083407917212637
238  0.14241783830650934  1.008333202657893
239  0.1423653341129345  1.0083301305140475
240  0.14233969935971158  1.0083286305643486
241  0.142324521424104  1.0083277424676407
242  0.14231092205507256  1.0083269467365756
243  0.1422844475581304  1.0083253976514965
244  0.14223796620998674  1.0083226779185017
245  0.14218149783891776  1.0083193738213083
246  0.1421119148990826  1.008315302359853
247  0.14203133338778895  1.0083105873461156
248  0.14197305762218426  1.0083071774940169
249  0.14188873910670774  1.008302243819376
250  0.14186266984433027  1.0083007184455244
251  0.1418164186492411  1.0082980121793261
252  0.14178848798295696  1.0082963778903544
253  0.14177638892533906  1.0082956699460388
254  0.1417508933539161  1.0082941781401942
255  0.14169335081061696  1.008290811190657
256  0.14166846623363172  1.008289355135534
257  0.14159118517870528  1.0082848332392604
258  0.14153582872669956  1.0082815942030663
259  0.1418077686393283  1.008297506046903
260  0.14150552148796958  1.0082798208552515
261  0.1414528803530668  1.0082767406986468
262  0.1413866831674665  1.0082728673456347
263  0.1413825244681688  1.0082726240103583
264  0.14131747315025356  1.0082688177047592
265  0.141299067187186  1.0082677407285732
266  0.14126762568575635  1.0082659010123802
267  0.14130323668311795  1.0082679846955858
268  0.14123111652492504  1.0082637647755175
269  0.14117087287391428  1.0082602397778158
270  0.14114400133777838  1.00825866746104
271  0.14110514433588384  1.0082563938464753
272  0.14106980786626644  1.0082543262265333
273  0.14103792832837858  1.0082524608797974
274  0.14100732103173386  1.0082506699748883
275  0.1409660462895933  1.0082482548926557
276  0.14093239863223028  1.0082462860890906
277  0.14090933752668777  1.00824493672957
278  0.14089825333044415  1.0082442881671803
279  0.1408819972595705  1.0082433369862422
280  0.14086828130407936  1.0082425344334294
281  0.14085387668910554  1.0082416915855303
282  0.14084005718808068  1.0082408829740246
283  0.14082004054548758  1.0082397117531914
284  0.14078795005919376  1.008237834063368
285  0.1408074585750868  1.008238975552513
286  0.14076982275796535  1.008236773392341
287  0.14075785426783738  1.0082360730878361
288  0.14074553238823528  1.008235352105682
289  0.14082982026742363  1.0082402839877218
290  0.14073148943697034  1.0082345304195772
291  0.14069839923291128  1.008232594233916
292  0.14065304624464015  1.0082299405239112
293  0.14061485575077037  1.0082277059082982
294  0.14058115671758786  1.0082257340986134
295  0.1405670570374722  1.0082249090931703
296  0.1405278696703931  1.0082226161481616
297  0.1405425700720596  1.0082234763032354
298  0.14049336206320273  1.0082205970269098
299  0.14049401516194437  1.008220635241253
300  0.14046412426702937  1.0082188862546941
301  0.14040355788226278  1.0082153423730813
302  0.14036667042702  1.008213184001323
303  0.1403399148879575  1.0082116184718086
304  0.14029815960586234  1.0082091752720532
305  0.14024747074226263  1.0082062093474338
306  0.1402014160003856  1.008203514576175
307  0.14016990417146857  1.0082016707449555
308  0.140106357308599  1.0081979524685594
309  0.14003497041495883  1.0081937754535244
310  0.13991520787031686  1.0081867678653798
311  0.1401380978779625  1.0081998096839202
312  0.1398913028889076  1.0081853691286977
313  0.13981514678901308  1.0081809130561887
314  0.13977333098058198  1.008178466314895
315  0.13973081657307918  1.0081759786969264
316  0.13964065291764394  1.0081707030094
318  0.13964064319050484  1.008170702440242
319  0.13963135531091098  1.0081701589845637
320  0.1395919873993945  1.0081678554754754
322  0.13959198015212204  1.0081678550514204
323  0.1395870581119113  1.008167567051272
325  0.1395870565852695  1.0081675669619448
326  0.13958645852614626  1.008167531968099
328  0.13958645815640014  1.0081675319464642
330  0.13958645799537361  1.0081675319370422
331  0.1395863658651295  1.0081675265462848
333  0.13958636582530848  1.008167526543955
334  0.13958636222054122  1.0081675263330314
335  0.13958125593478576  1.0081672275522429
337  0.1395812443160449  1.008167226872403
338  0.13957655818104042  1.0081669526756232
340  0.13957655555460902  1.0081669525219443
342  0.13957655441053773  1.008166952455002
343  0.13957639094947616  1.008166942890511
345  0.13957639066557337  1.008166942873899
346  0.13957637717643734  1.008166942084618
348  0.13957637710551918  1.0081669420804684
349  0.13957637560259806  1.008166941992529
351  0.13957637558488112  1.0081669419914923
353  0.13957637557716696  1.008166941991041
354  0.13957334607061755  1.008166764727488
356  0.13957334607049976  1.008166764727481
358  0.13957334607049976  1.008166764727481
360  0.13957332658021948  1.0081667635870588
362  0.13957332657546428  1.0081667635867808
364  0.13957332657330435  1.0081667635866545
365  0.1395733265710164  1.0081667635865206
367  0.13957332657073596  1.0081667635865041
369  0.13957332657033084  1.0081667635864804
370  0.139573326570268  1.0081667635864766
371  0.13957292705678648  1.0081667402100032
373  0.1395729270577185  1.0081667402100578
374  0.13957292705678648  1.0081667402100032
376  0.13957289872646472  1.0081667385523294
378  0.13957288638661092  1.0081667378302956
380  0.13957288638630516  1.0081667378302777
382  0.13957288638558407  1.0081667378302355
383  0.1395728863861222  1.008166737830267
384  0.13957288638558407  1.0081667378302355
386  0.1395728433381801  1.0081667353114308
388  0.13957284333819042  1.0081667353114312
389  0.1395728433381801  1.0081667353114308
391  0.13948077975293793  1.0081613484545429
393  0.13945026102952085  1.0081595627322617
394  0.13942980767702884  1.0081583659585052
396  0.1394298048270478  1.0081583657917461
398  0.13942980358588208  1.0081583657191227
399  0.13942475598244952  1.0081580703719748
401  0.13942475573934265  1.00815807035775
403  0.13942475563343948  1.0081580703515534
404  0.13942475119190723  1.0081580700916688
405  0.1394164004383609  1.0081575814694395
407  0.13941640042800674  1.0081575814688337
408  0.13941640036389913  1.0081575814650827
410  0.1394164003613747  1.0081575814649348
412  0.13941640036016045  1.008157581464864
413  0.1394164003590893  1.0081575814648012
415  0.1394164003590893  1.0081575814648012
417  0.1394163791235402  1.008157580222259
419  0.13941637911191573  1.008157580221579
421  0.13941637910683702  1.0081575802212819
423  0.1394163791045786  1.0081575802211498
424  0.13941637910235183  1.0081575802210194
426  0.13941637910186366  1.008157580220991
428  0.1394163791014803  1.0081575802209684
429  0.13941637910134652  1.0081575802209608
430  0.1394159695718694  1.0081575562584277
432  0.13941596957205948  1.0081575562584388
433  0.1394159695718694  1.0081575562584277
435  0.1394158859748268  1.0081575513669683
437  0.1394158557180205  1.0081575495965713
439  0.13941584255228912  1.0081575488262133
441  0.13941583682198622  1.00815754849092
443  0.13941583432701232  1.008157548344933
445  0.13941583432436855  1.0081575483447784
446  0.13941583432474558  1.0081575483448004
447  0.13941583432436855  1.0081575483447784
450  0.13941583432594562  1.0081575483448706
451  0.1394158343258366  1.0081575483448644
452  0.13941583432436855  1.0081575483447784
453  0.1394158343245001  1.008157548344786
454  0.13941583432436855  1.0081575483447784
455  0.13941583432388405  1.00815754834475
456  0.13941583432528215  1.0081575483448317
457  0.13941583432388405  1.00815754834475
458  0.13941583432528215  1.0081575483448317
459  0.13941583432388405  1.00815754834475
460  0.13941583432518345  1.0081575483448262
461  0.13941583432388405  1.00815754834475
462  0.13941583432518334  1.0081575483448262
463  0.13941583432388405  1.00815754834475
