0  0.13941583428696847  1.00815754834259
2  0.1393637522902087  1.008154500902473
3  0.1393272469843726  1.0081523648911754
4  0.13928467841475967  1.0081498741040547
5  0.1392309161993167  1.0081467283503909
6  0.13917071211460685  1.0081432056678064
7  0.1391256858482054  1.0081405710750664
8  0.13903954580698585  1.0081355308186704
9  0.13895091316390518  1.0081303447142773
10  0.1388865324395967  1.008126577646687
11  0.1388302588186141  1.008123284944779
12  0.13877677401634547  1.0081201554232126
13  0.13869590449730274  1.0081154235574643
14  0.13859406037766786  1.0081094644185071
15  0.1384482287087555  1.0081009314645921
16  0.13833753226837742  1.0080944543555292
17  0.13825089849750094  1.0080893852098498
18  0.13819378735953858  1.0080860435028536
19  0.1381180664152556  1.008081612892323
20  0.13805433822603086  1.0080778840060953
21  0.13800484999292717  1.0080749883331899
22  0.1378857626189448  1.0080680202508683
23  0.13803765138022317  1.0080769076195029
24  0.13782023645994057  1.0080641861612003
25  0.13775475814484528  1.0080603548709919
26  0.13768259735081867  1.0080561325732256
27  0.1375969854084561  1.0080511232171356
28  0.13749172908504004  1.0080449644221103
29  0.13736442023572548  1.0080375152819319
30  0.1372313058383312  1.0080297264454816
31  0.13709934727665607  1.0080220052396975
32  0.1369404008431413  1.008012704910062
33  0.1368224625197727  1.0080058040613942
34  0.13673031131236757  1.0080004120775274
35  0.13667166170289402  1.007996980350945
36  0.13661949040475785  1.0079939276855945
37  0.13652543733102152  1.0079884244190558
38  0.13642992887437688  1.0079828359946406
39  0.13633374441694568  1.0079772080158294
40  0.13625918252085345  1.0079728452239343
41  0.13620263017845657  1.0079695362133807
42  0.13614280463686101  1.0079660356802442
43  0.1360842314619637  1.0079626084260285
44  0.13603273592657472  1.0079595953011453
45  0.13598545594282307  1.007956828838103
46  0.13594335641520716  1.0079543654957324
47  0.1358877795727117  1.0079511135639723
48  0.13589348290910352  1.0079514472795976
49  0.1358547387672091  1.0079491802687368
50  0.13581553872671903  1.007946886582177
51  0.13578145117651574  1.0079448920394476
52  0.13575993539023323  1.0079436331001912
53  0.13573412328969314  1.0079421227734837
54  0.13568761067830304  1.0079394012112028
55  0.1356627250843977  1.0079379450965773
56  0.13563157848284868  1.00793612263567
57  0.13560982049869186  1.0079348495248468
58  0.1355879163681738  1.0079335678626558
59  0.13556969264523744  1.0079325015497682
60  0.13554820109955779  1.0079312440288866
61  0.13552646555043035  1.0079299722307895
62  0.13550607399710746  1.0079287790730476
63  0.1354920499190151  1.0079279584912566
64  0.1354702394386339  1.0079266823087554
65  0.13545677575685988  1.007925894517071
66  0.13544351549139277  1.007925118627753
67  0.13542235454844098  1.0079238804512147
68  0.1354100682079683  1.0079231615485384
69  0.13538797847985318  1.0079218690265956
70  0.1353715661113435  1.0079209087003156
71  0.13536163926842038  1.0079203278573903
72  0.13534436828110674  1.0079193172913046
73  0.13532914766815995  1.0079184266974452
74  0.13531498828184751  1.007917598198452
75  0.1352770000153849  1.0079153754156405
76  0.13526915464918388  1.0079149163648131
77  0.1352372103146734  1.0079130472266742
78  0.1352158027217184  1.007911794618064
79  0.13519330101612714  1.0079104779903503
80  0.13517320484359907  1.0079093021160335
81  0.1351528239463845  1.0079081095818057
82  0.13512995954177132  1.0079067717317192
83  0.13511272041922118  1.0079057630301158
84  0.13506980589610396  1.0079032520004418
85  0.13509281147436036  1.00790459811093
86  0.135047886072311  1.0079019694200004
87  0.13502295132489406  1.0079005104292875
88  0.13500146169065963  1.007899253020249
89  0.13498112460186962  1.007898063049355
90  0.13495865697311094  1.0078967484155572
91  0.13493346598035827  1.0078952744313268
92  0.13491604563038206  1.0078942551256806
93  0.13489922014700884  1.0078932706270782
94  0.13488576597511692  1.0078924833918392
95  0.1348628001534039  1.0078911396075998
96  0.1348538919056883  1.0078906183650755
97  0.13483961754843876  1.0078897831388625
98  0.13481968537508449  1.0078886168605228
99  0.1348215295463714  1.007888724767322
100  0.13480685537845372  1.0078878661472463
101  0.134790351245884  1.007886900451635
102  0.13477778683082253  1.007886165278161
103  0.1347612238604795  1.0078851961398134
104  0.1347506472562735  1.007884577277827
105  0.13473331195316185  1.007883562948473
106  0.13472173211754912  1.0078828853850577
107  0.13470952111278955  1.0078821708904513
108  0.1346851973067883  1.0078807476473575
109  0.13469309063917556  1.007881209504799
110  0.13467072635654276  1.007879900918026
111  0.13464825033664218  1.0078785857932424
112  0.13463595166071007  1.0078778661687893
113  0.13462450952493765  1.0078771966625157
114  0.1346166118959372  1.0078767345536692
115  0.13459737171515151  1.0078756087654424
116  0.13458951555883913  1.0078751490832605
117  0.1345696534431684  1.0078739869041609
118  0.13455816611374427  1.0078733147535004
119  0.13454362678615717  1.0078724640232495
120  0.13453448006357116  1.0078719288269997
121  0.1345108150769989  1.00787054413298
122  0.13449507514637238  1.0078696231526219
123  0.13448023097491102  1.0078687545852392
124  0.1344544263929094  1.007867244698459
125  0.13445383419867185  1.0078672100477815
126  0.13443159542664906  1.007865908804929
127  0.13440001747105224  1.007864061104482
128  0.1343739927877059  1.0078625383390545
129  0.134345405537451  1.0078608656318107
130  0.1343020925790409  1.0078583312887506
131  0.13422379558976427  1.0078537499477689
132  0.13412656775733223  1.0078480609186327
133  0.13403211086743116  1.0078425340238606
134  0.13396433118736217  1.0078385680753752
135  0.13388989610551727  1.0078342127036801
136  0.13375421290984313  1.007826273560801
137  0.13367982209231033  1.0078219207791148
138  0.13358092358657958  1.0078161339949547
139  0.133486695348368  1.0078106204791308
140  0.13339710728542653  1.0078053784708747
141  0.13328129221286056  1.0077986018586047
142  0.13341334753675604  1.0078063287261738
143  0.13318710812996137  1.007793090926412
144  0.13306888271657358  1.007786173279432
145  0.1329416483996635  1.0077787285003197
146  0.13287310288956078  1.007774717741318
147  0.1327867424202882  1.0077696645871579
148  0.132680939579788  1.0077634738141332
149  0.1326344058956429  1.0077607510188358
150  0.1325515471105545  1.0077559027564529
151  0.13252309258417017  1.0077542378151945
152  0.13247739463661812  1.0077515639208108
153  0.13245012809192136  1.007749968491155
154  0.13239617199873277  1.0077468113932484
155  0.13236506494888722  1.0077449912466043
156  0.13232513878827468  1.0077426550730486
157  0.1322714001013242  1.0077395106960922
158  0.13222117296238156  1.0077365717880684
159  0.13217772013049223  1.0077340292606822
160  0.132139952293581  1.007731819375722
161  0.1321099493310679  1.0077300638318243
162  0.13207119009045265  1.007727795937502
163  0.1320277903110636  1.0077252565143422
164  0.1320108423223434  1.0077242648476639
165  0.13199060089870984  1.0077230804743633
166  0.13196274066723002  1.0077214503066976
167  0.13194867201921168  1.0077206271170154
168  0.13191115753857163  1.0077184320565264
169  0.13189901252719616  1.0077177214233481
170  0.1318822600446493  1.0077167411961958
171  0.13185668568495335  1.0077152447802642
172  0.13183651705794852  1.0077140646664655
173  0.1318118052024453  1.0077126187176826
174  0.13179651105460832  1.007711723821124
175  0.13177793818587769  1.0077106370788946
176  0.13175846359876253  1.0077094975750023
177  0.13174237646640619  1.0077085562790544
178  0.13173025737854216  1.0077078471627217
179  0.13171988611706575  1.0077072403158216
180  0.1317034258955444  1.0077062771895493
181  0.13168524009878202  1.0077052130958113
182  0.1316697660220364  1.007704307671189
183  0.13165535572118947  1.0077034644905962
184  0.13165282393710875  1.0077033163499554
185  0.13164199249249875  1.0077026825766577
186  0.13162437125223303  1.007701651516448
187  0.13161249572896028  1.0077009566516526
188  0.1316006082976312  1.0077002610900887
189  0.13158950507933265  1.0076996114146735
190  0.13157824245277017  1.0076989524119058
191  0.13156623404629364  1.0076982497718014
192  0.13155601991253063  1.0076976521188132
193  0.1315446050871536  1.0076969842105352
194  0.13153432471769166  1.0076963826819405
195  0.13152377561513928  1.0076957654291407
196  0.13151405053768184  1.0076951963919873
197  0.13149889956903882  1.0076943098731799
198  0.13148609746748996  1.0076935607921103
199  0.1314667415423384  1.0076924282314084
200  0.13145675442759497  1.007691843861837
201  0.13144265955583812  1.0076910191377422
202  0.13142607811734364  1.0076900489187794
203  0.13140789111423445  1.0076889847544555
204  0.131381389266786  1.007687434069034
205  0.13137070482946278  1.0076868088974786
206  0.1313565463735027  1.0076859804529226
207  0.13134108733258154  1.0076850759080818
208  0.1313229383985527  1.007684013971269
209  0.13128925814813341  1.0076820432606075
210  0.13127129960086936  1.0076809924637722
211  0.13122138244981862  1.007678071693869
212  0.13119201863771845  1.0076763535481652
213  0.1311514559443807  1.0076739801295824
214  0.13108579677399845  1.007670138257106
215  0.13102615008152596  1.007666648188852
216  0.13097936493811901  1.0076639106800822
217  0.13091467780081656  1.0076601256835471
218  0.13084970705878318  1.0076563240926324
219  0.13078091496562227  1.0076522989054764
220  0.13070129545420617  1.0076476401806138
221  0.13063352424441088  1.0076436747277442
222  0.13056497979678272  1.0076396640309107
223  0.13047100890802787  1.0076341655732086
224  0.130417887633276  1.0076310573224923
225  0.13034447706112207  1.0076267618972683
226  0.1303230950804355  1.0076255107872922
227  0.1302786548237056  1.0076229104833563
228  0.13022526096915565  1.0076197862833547
229  0.13018058563982304  1.007617172224768
230  0.13014545765918217  1.0076151168040066
231  0.13011531888108285  1.0076133533132194
232  0.13008588623048722  1.0076116311396133
233  0.13002877283234004  1.0076082893003684
234  0.12999526064943423  1.0076063284237324
235  0.12996213647624644  1.007604390250458
236  0.12993626577975892  1.0076028764951637
237  0.12990722392007004  1.0076011771876525
238  0.12988478334259423  1.0075998641366886
239  0.12984260363411393  1.0075973961027471
240  0.12982572571065232  1.0075964085357518
241  0.1298021460542641  1.0075950288346018
242  0.12977367154196406  1.0075933627239209
243  0.12973422861321038  1.0075910548253972
244  0.12969745762299867  1.007588903268282
245  0.12966778263459733  1.007587166914921
246  0.1296366944421259  1.0075853478716663
247  0.12961308779967184  1.007583966591498
248  0.12959429293868463  1.0075828668599798
249  0.1295760605725389  1.007581800041358
250  0.12955478164254253  1.0075805549611199
251  0.12952457494252012  1.0075787874960613
252  0.12949944301620908  1.0075773169679476
253  0.1294768810999788  1.0075759968171678
254  0.12944976035186306  1.007574409918413
255  0.1294509111824178  1.0075744772562152
256  0.12943322606888708  1.0075734424586307
257  0.12940834687984948  1.0075719867187691
258  0.12938979948863882  1.0075709014672896
259  0.12937609271531414  1.0075700994517467
260  0.12936130271003476  1.0075692340537545
261  0.129340865223456  1.0075680382083498
262  0.12932352966105565  1.0075670238638241
263  0.12930336869020376  1.0075658441980049
264  0.12928464383216076  1.0075647485625239
265  0.1292641945502132  1.0075635520269444
266  0.12925137415328758  1.0075628018753693
267  0.12923740108793003  1.0075619842784533
268  0.12921815014732385  1.0075608578606439
269  0.1292069710939635  1.007560203747941
270  0.12920075263807307  1.0075598398914622
271  0.12918268131435118  1.007558782495811
272  0.12917759569900045  1.0075584849244965
273  0.12916867759635575  1.007557963105337
274  0.12915874836777663  1.0075573821228214
275  0.1291502161426229  1.0075568828822616
276  0.12914476011879072  1.0075565636374757
277  0.12913884737300751  1.0075562176688142
278  0.1291339041125097  1.007555928427017
279  0.12912648613268685  1.0075554943835718
280  0.12911945671642988  1.007555083075895
281  0.12911373623590827  1.007554748357126
282  0.1291069091975492  1.0075543488910559
283  0.12910267718895763  1.0075541012662803
284  0.12909792707754741  1.0075538233260906
285  0.12909338532911174  1.0075535575777081
286  0.1290887774404763  1.0075532879593072
287  0.1290787487616567  1.007552701157724
288  0.12907910719539617  1.0075527221305252
289  0.12907303493660527  1.0075523668283826
290  0.12906607608839715  1.007551959649808
291  0.12905934518141238  1.0075515658086107
292  0.12905419382931393  1.0075512643908844
293  0.1290480440809325  1.0075509045546436
294  0.1290413464170559  1.0075505126585784
295  0.1290364643759636  1.0075502269988728
296  0.1290257571346689  1.0075496004930034
297  0.12902165530730558  1.0075493604854375
298  0.12900848277929933  1.0075485897298446
299  0.12900322093349692  1.007548281846872
300  0.1289969964106693  1.0075479176354025
301  0.12898908474961102  1.0075474547055074
302  0.12898243008639831  1.0075470653255123
303  0.1289771439206191  1.0075467560195204
304  0.1289717459467804  1.0075464401713763
305  0.12896715167442485  1.0075461713496958
306  0.12896168864361612  1.0075458516949154
307  0.1289573756438923  1.0075455993311582
308  0.12895542792708314  1.007545485365667
309  0.12895098964739893  1.0075452256714847
310  0.12894752014645494  1.0075450226628249
311  0.12894262928785905  1.0075447364871861
312  0.12894088510734592  1.0075446344310823
313  0.12893867634658018  1.0075445051912952
314  0.128935434609031  1.0075443155096073
315  0.12893703526717315  1.0075444091678798
316  0.12893347151366863  1.007544200644281
317  0.12893107601441345  1.0075440604779857
318  0.12892941771465338  1.0075439634469667
319  0.12892715727963977  1.0075438311835982
320  0.12892492513101772  1.0075437005753325
321  0.12892319476139646  1.0075435993273365
322  0.12892086358614518  1.0075434629247901
323  0.12891888974104437  1.0075433474304711
324  0.12891649360841262  1.0075432072271158
325  0.12891219806723775  1.0075429558848994
326  0.1289101442885644  1.007542835713479
327  0.12890905206842707  1.0075427718051102
328  0.12890752383003  1.0075426823842875
329  0.12890570324126815  1.0075425758573573
330  0.12890371399026812  1.007542459461603
331  0.12890206288746786  1.007542362851695
332  0.12890053057655404  1.0075422731925798
333  0.1288990744958628  1.0075421879938742
334  0.1288973795989674  1.0075420888214708
335  0.12889605073098076  1.0075420110662796
336  0.1288951433356862  1.007541957972447
337  0.12889449951583754  1.0075419203010334
338  0.12889316123742922  1.0075418419952162
339  0.128892277602771  1.0075417902916743
340  0.12889134541251723  1.0075417357470302
341  0.1288904813376205  1.007541685187976
342  0.12888979160761616  1.0075416448302512
343  0.128889142291027  1.0075416068372105
344  0.12888837816851018  1.0075415621266053
345  0.12888777034597443  1.007541526561479
346  0.1288871818458126  1.0075414921269505
347  0.12888660185477396  1.0075414581903108
348  0.12888586758391563  1.007541415226396
349  0.128885460742855  1.0075413914211688
350  0.12888465156638707  1.0075413440743506
351  0.1288843186639843  1.007541324595448
352  0.12888376166174675  1.0075412920039373
353  0.12888316308114678  1.0075412569795785
354  0.12888261071418816  1.007541224659289
355  0.12888215346428467  1.0075411979045217
356  0.12888169520618997  1.0075411710907627
357  0.1288812320718834  1.0075411439916853
358  0.12888061609428658  1.0075411079493874
359  0.1288800737639445  1.0075410762163637
360  0.12887958389711263  1.0075410475531033
361  0.12887920545479825  1.0075410254095534
362  0.12887872440841552  1.0075409972623983
363  0.1288783827412031  1.007540977270646
364  0.12887799145313905  1.0075409543754612
365  0.12887766953217783  1.0075409355391087
366  0.128877409463241  1.0075409203218635
367  0.12887678739506714  1.0075408839231919
368  0.12887713728887418  1.0075409043963013
369  0.12887650139093743  1.0075408671884174
370  0.12887615927298235  1.0075408471702914
371  0.1288758837087396  1.0075408310463796
372  0.12887563266488322  1.007540816357213
373  0.12887534175268678  1.007540799335256
374  0.12887492232997533  1.007540774793847
375  0.12887462884870038  1.0075407576215674
376  0.12887445658145003  1.0075407475418054
377  0.12887425847648215  1.0075407359502178
378  0.12887407090309677  1.007540724974858
379  0.1288738537529568  1.0075407122688924
380  0.12887368528168952  1.0075407024112424
381  0.12887353903291465  1.0075406938538827
382  0.12887339000449427  1.0075406851338793
383  0.12887325767042268  1.0075406773907016
384  0.12887307574851659  1.007540666746023
385  0.12887292328565159  1.0075406578250623
386  0.12887279191077516  1.0075406501380093
387  0.12887270074571333  1.007540644803727
388  0.1288726052272835  1.007540639214719
389  0.12887247390269851  1.0075406315306088
390  0.12887238823174207  1.0075406265177995
391  0.12887230186440612  1.0075406214642437
392  0.1288722388851281  1.0075406177791781
393  0.12887214732928354  1.00754061242203
394  0.12887212630370126  1.007540611191774
395  0.12887198759392215  1.0075406030755385
396  0.12887194168498728  1.0075406003892988
397  0.12887188487059087  1.007540597064955
398  0.12887180883614147  1.0075405926160004
399  0.12887179938962112  1.0075405920632623
400  0.128871752057662  1.0075405892937581
401  0.12887166642576997  1.0075405842832346
402  0.12887160189887792  1.0075405805076145
403  0.12887152955698988  1.0075405762747205
404  0.12887145095533925  1.007540571675553
405  0.12887135455321974  1.0075405660348382
406  0.12887126189694964  1.007540560613302
407  0.1288711682656145  1.0075405551347125
408  0.12887107939745557  1.0075405499348273
409  0.12887096324785097  1.007540543138641
410  0.1288708199672226  1.0075405347549544
411  0.12887065328031688  1.0075405250017115
412  0.12887047908141835  1.0075405148089243
413  0.12887023444140389  1.0075405004944618
414  0.12887014622031656  1.0075404953324383
415  0.12887004283257142  1.0075404892829782
416  0.12886981991366098  1.0075404762394684
417  0.12886969583075947  1.0075404689790861
418  0.12886949317531482  1.0075404571212396
419  0.12886933284208235  1.007540447739765
420  0.1288691633373853  1.0075404378216464
421  0.12886894276380223  1.0075404249153674
422  0.12886875920366037  1.0075404141748316
423  0.12886859688710195  1.0075404046773082
424  0.12886849683158919  1.0075403988228249
425  0.12886835982200517  1.0075403908060718
426  0.1288681928969203  1.0075403810388925
427  0.12886799687750305  1.0075403695693355
428  0.12886783876629293  1.0075403603178767
429  0.1288677170973117  1.0075403531987386
430  0.12886758420682032  1.0075403454230032
431  0.12886744422776608  1.0075403372324996
432  0.12886729673856268  1.0075403286025595
433  0.1288670997881617  1.0075403170785284
434  0.12886695041664953  1.00754030833845
435  0.1288667669521748  1.007540297603512
436  0.12886656504639538  1.00754028578953
437  0.12886641648617236  1.007540277096922
438  0.12886628180625814  1.0075402692164834
439  0.12886607823381346  1.007540257304981
440  0.12886592867142632  1.007540248553734
441  0.1288657963095058  1.0075402408089267
442  0.12886553560212388  1.0075402255543247
443  0.12886535201217597  1.0075402148120451
444  0.12886514163969498  1.0075402025026565
445  0.12886496406907955  1.0075401921125822
446  0.1288647950682007  1.0075401822239431
447  0.1288645848208546  1.0075401699218764
448  0.12886440247800746  1.0075401592525677
449  0.1288642580773236  1.0075401508033441
450  0.1288640968599286  1.007540141370135
451  0.12886396131988775  1.0075401334393685
452  0.12886378307941893  1.0075401230100995
453  0.12886363310247173  1.0075401142345957
454  0.1288635154613048  1.0075401073511343
455  0.12886336501089435  1.007540098547927
456  0.12886323260018173  1.0075400908002647
457  0.1288630855545233  1.0075400821962777
458  0.12886297949028713  1.0075400759902096
459  0.12886281166007507  1.007540066170069
460  0.12886258759629332  1.0075400530595704
461  0.12886237657670463  1.007540040712318
462  0.12886225655296946  1.0075400336894471
463  0.12886200232769762  1.0075400188141284
464  0.12886189772484813  1.0075400126935699
465  0.12886163265496453  1.0075399971837073
466  0.1288614599522785  1.0075399870784671
467  0.12886133778516917  1.007539979930182
468  0.1288612549860948  1.0075399750854137
469  0.12886108847810052  1.0075399653426393
470  0.12886098321162942  1.0075399591832506
471  0.1288608757118792  1.0075399528931872
472  0.12886072077155197  1.0075399438272643
473  0.12886066815049235  1.0075399407482823
474  0.12886051499590423  1.0075399317868472
475  0.12886046847068566  1.0075399290645473
476  0.12886037306641784  1.007539923482219
477  0.12886027170126435  1.0075399175511057
478  0.12886017196328448  1.007539911715202
479  0.12886011752546178  1.007539908529917
480  0.12886005477252427  1.0075399048580949
481  0.12886000950498266  1.0075399022093847
482  0.12885995360142632  1.0075398989383362
483  0.1288598678369921  1.0075398939200575
484  0.12885981986780037  1.007539891113267
485  0.12885977565114992  1.007539888526047
486  0.12885967906123352  1.0075398828743436
487  0.12885963769135855  1.007539880453695
488  0.12885958082780447  1.0075398771264747
489  0.1288595447199179  1.0075398750137174
490  0.1288595160854974  1.0075398733382501
491  0.12885947077245485  1.0075398706868774
492  0.12885949065344382  1.007539871850161
493  0.12885944651847858  1.0075398692677202
494  0.12885940807585305  1.007539867018352
495  0.12885937935980984  1.0075398653381085
496  0.12885935970586815  1.0075398641881101
497  0.12885933441426778  1.0075398627082393
498  0.12885931380510218  1.0075398615023483
499  0.12885929437455723  1.0075398603654215
500  0.12885926211131038  1.007539858477623
501  0.12885928846485462  1.007539860019631
502  0.12885924429178996  1.007539857434961
503  0.12885921796026767  1.0075398558942419
504  0.12885920351889557  1.0075398550492431
505  0.12885919000555923  1.007539854258546
506  0.12885917820672854  1.0075398535681688
507  0.1288591620633307  1.0075398526235806
508  0.12885914835327938  1.0075398518213732
509  0.128859129739738  1.007539850732251
510  0.12885910901109798  1.0075398495193697
511  0.1288590955222786  1.0075398487301073
512  0.1288590816434858  1.0075398479180264
513  0.12885906490924848  1.0075398469388668
514  0.12885905057668467  1.0075398461002347
515  0.12885903896866646  1.0075398454210223
516  0.12885902785753323  1.0075398447708837
517  0.12885901641857012  1.007539844101563
518  0.1288590041342128  1.0075398433827765
519  0.12885899854739125  1.0075398430558784
520  0.12885898037712296  1.0075398419926933
521  0.12885897346959596  1.0075398415885177
522  0.12885896305436684  1.007539840979098
523  0.12885895211742304  1.0075398403391518
524  0.12885895054595198  1.0075398402472011
525  0.1288589432389471  1.0075398398196511
526  0.1288589323122996  1.0075398391803074
527  0.1288589254149829  1.0075398387767291
528  0.12885891501644964  1.0075398381682867
529  0.1288589046563028  1.0075398375620899
530  0.12885889747278856  1.0075398371417656
531  0.12885888788994848  1.007539836581051
532  0.12885887826284925  1.007539836017747
533  0.12885886957342008  1.007539835509308
534  0.128858859876274  1.0075398349419051
535  0.12885885115591977  1.0075398344316566
536  0.12885884365565314  1.0075398339927986
537  0.12885883259918385  1.0075398333458585
538  0.12885882577188934  1.0075398329463774
539  0.12885882025409046  1.007539832623518
540  0.12885881374748076  1.007539832242801
541  0.12885880748751877  1.0075398318765159
542  0.12885880294187801  1.0075398316105397
543  0.12885879543425793  1.0075398311712513
544  0.12885879068282324  1.0075398308932337
545  0.12885878480180712  1.0075398305491214
546  0.12885877531487655  1.007539829994019
547  0.12885878228402303  1.0075398304018002
548  0.12885877101470888  1.007539829742406
549  0.12885876343541736  1.007539829298924
550  0.1288587584937947  1.007539829009778
551  0.1288587538456979  1.0075398287378068
552  0.12885874841687617  1.0075398284201535
553  0.12885874525908347  1.0075398282353838
554  0.12885873772594536  1.0075398277946022
555  0.1288587349238728  1.0075398276306464
556  0.12885873108479173  1.0075398274060126
557  0.1288587330353521  1.0075398275201444
558  0.1288587291167428  1.0075398272908576
559  0.12885872614720129  1.0075398271171025
560  0.1288587227454513  1.0075398269180582
561  0.12885871870195653  1.007539826681464
562  0.12885871727602405  1.0075398265980293
563  0.12885871261782456  1.007539826325467
564  0.12885871096743984  1.007539826228899
565  0.12885870883813977  1.007539826104309
566  0.1288587066861051  1.007539825978388
567  0.12885870452894121  1.0075398258521673
568  0.12885870323484694  1.007539825776447
569  0.12885870165059243  1.0075398256837484
570  0.12885870029825564  1.00753982560462
571  0.1288586986765463  1.0075398255097299
572  0.12885869641147596  1.0075398253771954
573  0.1288586954857418  1.0075398253230285
574  0.12885869437545705  1.0075398252580632
575  0.1288586919126823  1.0075398251139605
576  0.12885869034768505  1.0075398250223886
577  0.12885868874578899  1.007539824928658
578  0.12885868529963584  1.0075398247270155
579  0.12885868356451602  1.0075398246254896
580  0.1288586810981528  1.0075398244811768
581  0.1288586781815534  1.0075398243105198
582  0.1288586766466534  1.0075398242207092
583  0.12885867370365156  1.0075398240485072
584  0.128858672013347  1.0075398239496036
585  0.1288586694658035  1.0075398238005406
586  0.12885866565041626  1.0075398235772934
587  0.12885866223784648  1.007539823377616
588  0.12885865893500903  1.007539823184359
589  0.12885865628878024  1.007539823029522
590  0.12885865312850187  1.0075398228446069
591  0.12885864662352287  1.0075398224639853
592  0.12885864274617664  1.0075398222371126
593  0.1288586376082198  1.0075398219364786
594  0.12885863438323897  1.0075398217477773
595  0.12885863042256163  1.007539821516029
596  0.12885862890505562  1.007539821427236
597  0.12885861918342678  1.0075398208584005
598  0.12885861483132666  1.007539820603749
599  0.12885861065960302  1.0075398203596515
600  0.12885860314191733  1.0075398199197743
601  0.1288585996744186  1.0075398197168828
602  0.12885857938674639  1.0075398185298032
603  0.12885857328086403  1.007539818172534
604  0.12885856593328338  1.0075398177426094
605  0.12885855723064177  1.0075398172333976
606  0.12885855786438205  1.0075398172704793
607  0.1288585490879134  1.0075398167569471
608  0.12885853898050903  1.0075398161655393
609  0.1288585319109079  1.0075398157518802
610  0.1288585222903389  1.0075398151889583
611  0.12885851544194915  1.0075398147882426
612  0.12885850333670734  1.0075398140799368
613  0.12885849569693253  1.0075398136329154
614  0.1288584885336156  1.007539813213773
615  0.12885847836124342  1.0075398126185635
616  0.12885846778823729  1.0075398119999122
617  0.12885846006738788  1.007539811548147
618  0.1288584450782566  1.0075398106710978
619  0.12885843168775946  1.0075398098875883
620  0.12885841770126338  1.0075398090692054
621  0.12885840091333822  1.0075398080869045
622  0.1288583928905026  1.0075398076174695
623  0.12885838488534584  1.0075398071490689
624  0.1288583599533356  1.0075398056902383
625  0.1288583489355427  1.0075398050455613
626  0.12885835757852004  1.0075398055512823
627  0.12885833630988675  1.0075398043068045
628  0.1288583174526049  1.0075398032034206
629  0.1288583080996547  1.0075398026561575
630  0.12885829692211626  1.0075398020021333
631  0.12885828538064348  1.0075398013268149
632  0.12885827411851314  1.007539800667841
633  0.12885826517146948  1.0075398001443285
634  0.12885825759467018  1.0075397997009923
635  0.12885824826360037  1.0075397991550092
636  0.1288582413999032  1.0075397987533983
637  0.12885823367699833  1.0075397983015129
638  0.12885822997571883  1.0075397980849423
639  0.12885822455859153  1.0075397977679734
640  0.1288582168442377  1.0075397973165883
641  0.12885821158999244  1.0075397970091502
642  0.12885820456789343  1.0075397965982706
643  0.12885819891697026  1.0075397962676218
644  0.12885819087899986  1.0075397957973014
645  0.1288581785539331  1.0075397950761327
646  0.1288581742920214  1.0075397948267582
647  0.12885816343628176  1.0075397941915634
648  0.1288581592795578  1.0075397939483437
649  0.128858154214891  1.007539793651998
650  0.12885814488859348  1.0075397931062944
651  0.12885814225752323  1.0075397929523444
652  0.12885812715249756  1.0075397920685139
653  0.1288581221449252  1.0075397917755091
654  0.128858116235801  1.0075397914297521
655  0.128858114804959  1.0075397913460302
656  0.12885810667435615  1.0075397908702897
657  0.1288581027621205  1.0075397906413754
658  0.1288580986862966  1.0075397904028895
659  0.12885809259536962  1.0075397900464949
660  0.1288581000925021  1.0075397904851697
661  0.12885808739318094  1.0075397897421026
662  0.12885807696575702  1.0075397891319695
663  0.1288580683548921  1.0075397886281277
664  0.12885805872150102  1.0075397880644552
665  0.1288580497339724  1.0075397875385737
666  0.12885804059160855  1.0075397870036327
667  0.1288580340817077  1.0075397866227231
668  0.12885802310309602  1.0075397859803386
669  0.12885801627199  1.0075397855806345
670  0.12885800624169308  1.0075397849937382
671  0.12885799672124565  1.0075397844366745
672  0.12885798530325454  1.007539783768581
673  0.12885797869067028  1.0075397833816633
674  0.12885796987671083  1.0075397828659378
675  0.1288579646690713  1.0075397825612262
676  0.1288579547184745  1.0075397819789935
677  0.12885794699217  1.0075397815269094
678  0.12885793955377056  1.007539781091671
679  0.1288579260930518  1.0075397803040527
680  0.12885791913320765  1.007539779896816
681  0.1288579083284146  1.007539779264602
682  0.12885790421271381  1.0075397790237828
683  0.12885789787050472  1.0075397786526852
684  0.12885789049512997  1.0075397782211346
685  0.12885788376279428  1.00753977782721
686  0.12885787585055863  1.0075397773642465
687  0.12885787133347304  1.007539777099941
688  0.12885786658058662  1.0075397768218384
689  0.12885786027668844  1.0075397764529825
690  0.1288578555700982  1.0075397761775888
691  0.12885785141930461  1.0075397759347162
692  0.1288578405483417  1.0075397752986306
693  0.12885784036613956  1.0075397752879696
694  0.12885783411164475  1.0075397749220043
695  0.12885782537210755  1.0075397744106336
696  0.12885780814750403  1.0075397734027813
697  0.12885779286474341  1.007539772508551
698  0.12885778087102773  1.0075397718067705
699  0.1288577669168992  1.0075397709902816
700  0.12885775628050633  1.0075397703679214
701  0.1288577374746065  1.007539769267544
702  0.12885772085135538  1.0075397682948783
703  0.12885769221883936  1.0075397666195227
704  0.1288576716490576  1.0075397654159364
705  0.12885765518013326  1.0075397644523008
706  0.12885764652307952  1.0075397639457562
707  0.12885762100853992  1.0075397624528404
708  0.12885760464031526  1.0075397614950972
709  0.1288575823999637  1.007539760193762
710  0.12885754035489327  1.007539757733606
711  0.1288574998286619  1.0075397553623209
712  0.1288574081022481  1.0075397499951926
713  0.12885736318686125  1.0075397473670877
714  0.1288572378413282  1.0075397400328256
715  0.12885715737860792  1.0075397353247628
716  0.12885705476398446  1.0075397293205397
717  0.12885702571099467  1.007539727620581
718  0.12885693571990975  1.0075397223549911
719  0.12885736497600242  1.0075397474717747
720  0.12885669242736753  1.0075397081193722
721  0.12885621832508165  1.0075396803785326
722  0.12885580883070824  1.0075396564180537
723  0.12885629905616747  1.0075396851022982
724  0.12885554967772206  1.007539641254403
725  0.1288547773372285  1.0075395960629443
726  0.1288538432026255  1.0075395414045318
727  0.12885305336128738  1.0075394951890575
728  0.12885365114542024  1.007539530166813
729  0.12885181595436357  1.0075394227854682
730  0.12885038041047625  1.0075393387884193
731  0.1288488575951099  1.007539249684911
732  0.12884571316800408  1.007539065697086
733  0.12884139219632207  1.0075388128668705
734  0.12883545425534026  1.007538465423979
735  0.12889032597720285  1.0075416760974725
736  0.128832751739559  1.0075383072934248
737  0.12882520655954055  1.0075378658071972
738  0.12881338944587906  1.0075371743600852
739  0.12879791424853204  1.0075362688698941
741  0.12879791315189726  1.0075362688057272
742  0.1287858749046722  1.0075355644195705
744  0.12878587430986332  1.0075355643847668
746  0.12878587405080666  1.007535564369609
747  0.12878578777369776  1.0075355593213322
749  0.12878578770998994  1.0075355593176047
750  0.128785771689498  1.007535558380208
752  0.12878577167365124  1.0075355583792807
753  0.12878576933731345  1.007535558242576
754  0.12878381167911868  1.007535443695391
755  0.12878260526201235  1.0075353731050891
757  0.12878260066765068  1.0075353728362622
759  0.12878259966309624  1.0075353727774832
761  0.12878259966209615  1.0075353727774246
762  0.12878259961469973  1.0075353727746514
763  0.1287820932045225  1.0075353431434009
764  0.1287817633746816  1.0075353238442815
766  0.1287817633746695  1.0075353238442806
767  0.12878176337465774  1.00753532384428
768  0.12878170765114827  1.0075353205837663
770  0.12878170344623308  1.0075353203377269
772  0.12878170161584857  1.0075353202306268
774  0.12878170161303026  1.0075353202304618
775  0.12878170151781243  1.0075353202248905
777  0.12878170151710833  1.0075353202248492
778  0.12878170151640367  1.0075353202248079
780  0.12878170151622792  1.0075353202247976
782  0.1287817015161511  1.0075353202247932
783  0.1287817015160737  1.0075353202247888
785  0.12878170151605473  1.0075353202247874
787  0.1287817015160465  1.0075353202247872
789  0.12878170151604318  1.007535320224787
790  0.12878170151603952  1.0075353202247868
792  0.12878170151603863  1.0075353202247868
793  0.12878170151603818  1.0075353202247868
794  0.12878168612221108  1.0075353193240575
795  0.12878167596450718  1.0075353187297065
797  0.12878167596450718  1.0075353187297065
800  0.12878167596449064  1.0075353187297054
801  0.12878167596451762  1.0075353187297071
802  0.12878167596449064  1.0075353187297054
803  0.12878167596448764  1.0075353187297051
804  0.12878167596444934  1.0075353187297031
805  0.12878167596444934  1.0075353187297031
806  0.12878167596447276  1.0075353187297043
807  0.12878167596444934  1.0075353187297031
808  0.12878167596444923  1.0075353187297031
809  0.12878167596450218  1.0075353187297063
810  0.12878167596444923  1.0075353187297031
