0  0.9989480456351599  1.05845079947828
1  0.9712475752519841  1.0568299798101342
2  0.9664588912703022  1.0565497826483288
3  0.9013604960704371  1.0527407224466385
4  0.9071249968509437  1.0530780169442713
5  0.8666436261371032  1.0507093567396297
6  0.7720175504296741  1.0451725625081791
7  0.7176453383220327  1.0419911165050755
8  0.6570352530901382  1.0384446778752283
9  0.5750823562227081  1.0336494211425153
10  0.48247592519950266  1.0282308010713435
11  0.4227966531747164  1.0247388265113329
12  0.38102725382663016  1.0222948007221129
13  0.3452648161477566  1.020202256387344
14  0.30695313428917703  1.0179605497803026
15  0.28136290592900715  1.0164632053357947
16  0.2650534801390213  1.0155089024762798
17  0.253131931996599  1.0148113446573441
18  0.24690463756382608  1.0144469710147181
19  0.2404001149689725  1.0140663761003432
20  0.23627686244273594  1.0138251148979587
21  0.23292783742405954  1.0136291555678718
22  0.22956551224754718  1.0134324180142704
23  0.22686072750638686  1.0132741546979467
24  0.22574268076361914  1.0132087351536025
25  0.2243585748407183  1.0131277478609102
26  0.22321494721040003  1.0130608315186744
27  0.22194492679055133  1.0129865196370724
28  0.22097211314497145  1.0129295980228041
29  0.21949871987684966  1.012843386317557
30  0.21788525467362962  1.0127489786739656
31  0.2156992477151417  1.0126210702657688
32  0.21277305779814992  1.0124498520119056
33  0.21120939842147834  1.012358358624359
34  0.20969918613810423  1.0122699925519383
35  0.20788734216666138  1.0121639773000706
36  0.2066692462856876  1.0120927036453544
37  0.20540017467758054  1.0120184472809588
38  0.20410970054197775  1.0119429386043448
39  0.20306694267429015  1.0118819243891461
40  0.20155547322201206  1.0117934847568162
41  0.20004239710366967  1.0117049511146763
42  0.19873794800895161  1.011628624730338
43  0.19636244000826408  1.0114896281704933
44  0.19588696447657195  1.0114618069789094
45  0.1937663800720557  1.0113377265982062
46  0.19275422413392052  1.0112785029738756
47  0.1917661208300404  1.0112206867257418
48  0.19044240047992844  1.0111432327349283
49  0.1897371858375233  1.011101968967676
50  0.18858015600630518  1.0110342684311464
51  0.1880423859856568  1.0110028022425095
52  0.18730974536880085  1.0109599337169914
53  0.18671781096127127  1.0109252982426942
54  0.18554544916710225  1.0108567005969542
55  0.18467015047926993  1.0108054848122
56  0.18374388936899133  1.0107512870962547
57  0.1832038308990308  1.0107196870050668
58  0.18212344015009918  1.0106564708014814
59  0.18128071838980797  1.0106071611693719
60  0.18061426283232707  1.0105681652873322
61  0.18008706722173407  1.0105373178322965
62  0.1792113434754854  1.0104860771763746
63  0.1788235481557987  1.0104633863602017
64  0.17823622446207443  1.010429020669613
65  0.17780807841334312  1.0104039688373867
66  0.17724214846493813  1.0103708549451502
67  0.1766986480456687  1.0103390534574133
68  0.1764003730379321  1.010321600685227
69  0.1760582552398472  1.0103015825682675
70  0.175400290316286  1.0102630834931867
71  0.1752438182730225  1.010253927945944
72  0.17491342645809416  1.0102345959438364
73  0.17465595551767332  1.0102195307135915
74  0.17436880609720573  1.0102027289256814
75  0.17419090520374814  1.0101923195260176
76  0.1740477945037131  1.0101839457823905
77  0.1739123676116363  1.0101760216364377
78  0.17377314780342867  1.010167875558042
79  0.17360623537411768  1.010158109119258
80  0.17346295033949743  1.0101497251749045
81  0.1733107166411363  1.0101408176231899
82  0.1730943739212497  1.0101281589018538
83  0.17291499035704538  1.0101176627476378
84  0.1728110668868209  1.0101115819409876
85  0.17264679760424773  1.0101019701589353
86  0.1725067197525577  1.0100937738743976
87  0.1723255727399372  1.010083174536667
88  0.17202839474054  1.0100657859530184
89  0.17183875216664335  1.010054689520018
90  0.17169539292020364  1.0100463012333563
91  0.17150506752628059  1.01003516484695
92  0.17117878325408176  1.0100160731868277
93  0.17098380906041566  1.0100046647882157
94  0.17065331788159088  1.0099853269720926
95  0.17047589574447763  1.0099749455855884
96  0.17029222610676142  1.009964198643131
97  0.1700983400363829  1.0099528539131715
98  0.16987922788629084  1.0099400331459611
99  0.1697097556160262  1.0099301169248627
100  0.1694707257339949  1.009916130724314
101  0.1692470056947889  1.0099030403386748
102  0.16901704052471012  1.009889584535741
103  0.16888167153802847  1.009881663777969
104  0.16867723931351097  1.0098697019677285
105  0.16842975012845984  1.0098552207934655
106  0.16817311215451358  1.0098402043020482
107  0.16793508229826837  1.00982627661536
108  0.16777006669132277  1.0098166211641137
109  0.1675115592712273  1.0098014952870056
110  0.16745791265718657  1.009798356297452
111  0.16715340477778318  1.0097805388252856
112  0.16705521209571117  1.0097747933405279
113  0.16683969174660407  1.0097621827380403
114  0.16662720798512565  1.0097497498134367
115  0.16642525969495725  1.0097379333440364
116  0.16624113284099085  1.009727159648781
117  0.16594691605974543  1.0097099443329705
118  0.1657786600795269  1.0097000992798633
119  0.16559711380117392  1.0096894765801558
120  0.16538141287249997  1.0096768554115332
121  0.1652457690054301  1.0096689185698635
122  0.1650598723369986  1.0096580413186014
123  0.1649581968759809  1.0096520920482566
124  0.164870240535948  1.0096469455159454
125  0.1648423939899719  1.0096453161490506
126  0.1647864421813534  1.0096420422771408
127  0.1647333248391034  1.0096389342565244
128  0.1646889804388607  1.0096363395613768
129  0.16463986297285882  1.0096334655829264
130  0.16458427682794763  1.0096302131068602
131  0.16452489924119318  1.009626738784615
132  0.16448041712014028  1.0096241360310987
133  0.16444530230550403  1.0096220813807115
134  0.16440521413854536  1.0096197357277832
135  0.1643543933189463  1.009616762082108
136  0.16431374373582286  1.0096143835793996
137  0.16428108551426968  1.0096124726700508
138  0.16425253108356008  1.0096108018831556
139  0.16420563796458487  1.009608058056481
140  0.1641657630282657  1.009605724880179
141  0.16411763627573073  1.0096029088707037
142  0.1640845782650764  1.0096009745687544
143  0.1640477488002957  1.0095988195901546
144  0.164013498778951  1.0095968155408563
145  0.16396753244725548  1.009594125942685
146  0.1639343712048712  1.0095921856004044
147  0.16390613552833933  1.0095905334645658
148  0.163878316765653  1.009588905723337
149  0.16383756686627116  1.0095865213508883
150  0.16381381186667265  1.0095851313899946
151  0.1637860873986683  1.0095835091661696
152  0.16374377849748634  1.0095810335728592
153  0.16372971358294075  1.0095802106016312
154  0.16368223686572203  1.0095774326272509
155  0.16366525387247655  1.0095764389123754
156  0.16363178611001583  1.0095744806348843
157  0.1635961147839179  1.0095723934217022
158  0.1635590308286773  1.009570223552267
159  0.16352239320601558  1.0095680797988007
160  0.16349638463815896  1.0095665579763284
161  0.16345324313400023  1.0095640336654599
162  0.16341516074321416  1.0095618053752127
163  0.16339617570245535  1.0095606945158289
164  0.16336420707425037  1.0095588239562086
165  0.16333537476686322  1.0095571369100955
166  0.16329721433228828  1.0095549040533227
167  0.16324439626915088  1.009551813544231
168  0.16320172951520817  1.009549317012114
169  0.16316217060579652  1.0095470023272897
170  0.16309914378104362  1.0095433144795467
171  0.1630595089500173  1.00954099535237
172  0.16300373274243452  1.0095377317552898
173  0.162915958320191  1.0095325958674162
174  0.16285401877105288  1.0095289716387266
175  0.16268101913123034  1.0095188490229396
176  0.16257901851954315  1.0095128807272646
177  0.16225687704197578  1.009494031471799
178  0.16194079653950866  1.0094755368582409
179  0.16174704071983537  1.0094641997495566
180  0.16161100575661225  1.009456240023931
181  0.1611408659428848  1.0094287310377539
182  0.1604284888120069  1.0093870481764562
183  0.15935195565284632  1.0093240576895206
184  0.15779968430848512  1.0092332306425271
185  0.15773809529411054  1.009229626924451
186  0.15699244561534986  1.009185997208126
187  0.155703861138358  1.0091105990998817
188  0.15497190281387907  1.0090677704968951
189  0.15520385722283514  1.0090813426948742
190  0.15466126049350892  1.0090495940841608
191  0.15388898986861987  1.009004406713671
192  0.153163617420771  1.0089619634658147
193  0.15246812695797674  1.0089212686831808
194  0.15184484067661264  1.0088847987370122
195  0.15124851331014577  1.0088499062203562
196  0.15079067493241927  1.0088231170201303
197  0.1500930251276965  1.0087822958893213
198  0.1497011942503601  1.00875936894318
199  0.14928218949136052  1.0087348519893145
200  0.14903504949670743  1.0087203912470029
201  0.14861652804732373  1.0086959025727198
202  0.14825869607330766  1.00867496498237
203  0.14812028652007925  1.008666866313899
204  0.14770190271765204  1.008642385693663
205  0.14758054848285107  1.0086352849719835
206  0.14744280562212264  1.0086272253132584
207  0.14729013934367818  1.0086182924502658
208  0.14716918742619078  1.0086112152691185
209  0.14703373430550026  1.008603289588468
210  0.1469134858822967  1.008596253570426
211  0.14681431269742584  1.0085904507141434
212  0.1465593724244466  1.0085755335592022
213  0.14700011302896698  1.0086013223285075
214  0.14645866527773377  1.008569640947205
215  0.14634456469409662  1.0085629646537142
216  0.14624390268206633  1.008557074682653
217  0.14611213691185665  1.0085493647575512
218  0.14607745154708307  1.0085473352352852
219  0.14592881192003548  1.0085386379811356
220  0.14588489591326437  1.0085360683522977
221  0.1458399183703405  1.008533436610483
222  0.14578714851486207  1.0085303489221347
223  0.14573530324166473  1.0085273153332701
224  0.14569436120232637  1.0085249197182609
225  0.1456628390338106  1.008523075282047
226  0.1456435659147669  1.0085219475665252
227  0.14562738759645677  1.0085210009350727
228  0.14560139514740966  1.0085194800557498
229  0.14558555365753179  1.008518553132921
230  0.14554555660639545  1.008516212811394
231  0.14554398455033202  1.0085161208266964
232  0.14552871919696553  1.0085152276149698
233  0.1455157954268549  1.0085144714147867
234  0.14550128944116358  1.0085136226354485
235  0.14548540146618483  1.0085126929926673
236  0.14545547124536395  1.0085109417050568
237  0.14545408478137878  1.0085108605797886
238  0.1454364107282089  1.0085098264293717
239  0.14541668308860844  1.0085086721187833
240  0.14539861704019053  1.0085076150318024
241  0.14539099930229804  1.008507169300043
242  0.14537833514825382  1.0085064282906062
243  0.14536878148660481  1.008505869283395
244  0.14535861617104973  1.0085052744868748
245  0.1453446929188209  1.0085044598046424
246  0.14532943533713605  1.008503567047655
247  0.1453184137502288  1.0085029221486845
248  0.14530488043737755  1.008502130282722
249  0.14529265000734137  1.008501414651497
250  0.145282339404192  1.0085008113538583
251  0.145265866459387  1.0084998474831164
252  0.14525832060207744  1.008499405957259
253  0.1452503843123767  1.008498941586284
254  0.1452397828383557  1.0084983212691065
255  0.14523546113887587  1.008498068396306
256  0.145229375919819  1.0084977123358279
257  0.14521827662256404  1.0084970628898422
258  0.14521011231540926  1.0084965851770298
259  0.14519618182094463  1.0084957700710369
260  0.1452232711114989  1.0084973551291356
261  0.14518997869145933  1.0084954071113421
262  0.1451783937825557  1.0084947292510766
263  0.1451721292037197  1.0084943626958358
264  0.14516434519928056  1.0084939072354298
265  0.14515738029943803  1.00849349970276
266  0.14514899510566093  1.0084930090653517
267  0.14513651315066545  1.0084922787168098
268  0.14512774604979606  1.0084917657331194
269  0.14511850786711666  1.0084912251853246
270  0.14510617874600062  1.0084905037794525
271  0.14509775822781468  1.00849001107513
272  0.14508608360363506  1.0084893279654128
273  0.1450742667209245  1.0084886365318144
274  0.1450617551185387  1.0084879044485342
275  0.14505672553097526  1.0084876101555371
276  0.1450489549451387  1.008487155480285
277  0.14504497397237537  1.0084869225442061
278  0.14503780333781768  1.0084865029735142
279  0.14503293558768715  1.008486218150006
280  0.14502899655864088  1.0084859876681527
281  0.14502103653794496  1.0084855219086213
282  0.14504535939859198  1.0084869450964005
283  0.14501683740285276  1.0084852762073517
284  0.14500940673784357  1.0084848414216665
285  0.14500295833134824  1.008484464110237
286  0.14499589625193632  1.008484050891362
287  0.14498204704830786  1.0084832405418873
288  0.14496944921358002  1.0084825034129496
289  0.1449483104825845  1.008481266536085
290  0.14493130803070375  1.008480271682639
291  0.1449113722184847  1.008479105191381
292  0.14488745162623118  1.008477705541272
293  0.14486110162204668  1.008476163740557
294  0.14483273039423938  1.0084745036732943
295  0.14481554952107356  1.0084734983799994
296  0.14478612685285008  1.0084717767904854
297  0.14476433440733683  1.008470501663247
298  0.14474064738802073  1.0084691156800394
299  0.144721826329145  1.0084680144156213
300  0.14469958834388919  1.0084667132188048
301  0.14466107879773404  1.0084644599346924
302  0.14463346046796  1.0084628439212644
303  0.1446108460347454  1.0084615206975922
304  0.14459398003565493  1.0084605338283201
305  0.14455198467920893  1.0084580765812494
306  0.14452673334445099  1.0084565990662668
307  0.1444928138107222  1.0084546143545763
308  0.144522469805073  1.0084563495965506
309  0.14447743861376172  1.0084537147156427
310  0.14444805271756067  1.0084519952777462
311  0.14442078544191972  1.0084503998053211
312  0.14439973243470994  1.0084491679443568
313  0.14437259407888747  1.0084475800153336
314  0.1443403301049202  1.0084456921743383
315  0.1443121517901209  1.0084440433948696
316  0.14429455258416102  1.0084430136239388
317  0.14427122345770382  1.0084416485818846
318  0.14423906438871448  1.008439766879126
319  0.14420971615605138  1.0084380496450118
320  0.1441977370769274  1.0084373487209197
321  0.14416290769602058  1.0084353107719313
322  0.14415149997283494  1.0084346432792188
323  0.14414003625822813  1.0084339725103169
324  0.14412552372627485  1.0084331233479416
325  0.1441088162234394  1.008432145752658
326  0.1440940282118367  1.0084312804713207
327  0.14407907517973506  1.008430405534246
328  0.14407059944671652  1.0084299095991738
329  0.14406102418385858  1.0084293493280247
330  0.14405034551375318  1.0084287244939227
331  0.14403987733970447  1.00842811197644
332  0.14402393160639348  1.0084271789540828
333  0.14402352446100575  1.0084271551310486
334  0.14401372854927164  1.008426581949215
335  0.14400576858961933  1.0084261161932555
336  0.14400049087589095  1.008425807381813
337  0.1439953729779122  1.008425507921566
338  0.14398842915582577  1.0084251016222054
339  0.14398279090813193  1.0084247717150727
340  0.14397960785861064  1.0084245854673595
341  0.14397537966718332  1.008424338065935
342  0.14397272175384157  1.0084241825451745
343  0.14396992242883733  1.008424018750085
344  0.14396815744146196  1.0084239154765229
345  0.1439658922214374  1.008423782933172
346  0.14396391765559768  1.0084236673966809
347  0.1439618941573576  1.00842354899704
348  0.14395949368627248  1.0084234085398311
349  0.1439568550287622  1.0084232541457747
350  0.1439552868156737  1.008423162385939
351  0.1439528015846211  1.0084230169692252
352  0.1439517195394331  1.0084229536562166
353  0.14395024178980786  1.0084228671896105
354  0.14394878763964625  1.0084227821038647
355  0.14394742271446848  1.0084227022388825
356  0.14394651482108112  1.0084226491159052
357  0.14394569195987073  1.0084226009683606
358  0.1439453589258195  1.0084225814817551
359  0.14394491791839525  1.0084225556773736
360  0.1439446282059409  1.0084225387256165
361  0.143944426192268  1.0084225269053213
362  0.14394391634325088  1.0084224970728564
363  0.14394369531503504  1.0084224841399756
364  0.14394313169097628  1.0084224511610063
365  0.14394280848185348  1.0084224322492805
366  0.14394236089814927  1.0084224060601052
367  0.14394238702914863  1.0084224075890915
368  0.14394209320698392  1.0084223903968657
369  0.14394163281403316  1.0084223634581915
370  0.14394106933785356  1.0084223304878748
371  0.14394073547259234  1.0084223109526333
372  0.14394028735798536  1.0084222847323938
373  0.1439399627092376  1.008422265736432
374  0.14393956915534878  1.0084222427086684
375  0.14393893969750282  1.0084222058776096
376  0.14393857595654436  1.0084221845942705
377  0.14393783072475075  1.0084221409890057
378  0.14393759926083238  1.0084221274455076
379  0.1439373092766565  1.0084221104778512
380  0.14393710139910598  1.008422098314447
381  0.14393668455328779  1.0084220739238179
382  0.14393628467768083  1.0084220505261556
383  0.14393595834809314  1.008422031431844
384  0.1439354567108606  1.0084220020798698
385  0.14393516018465247  1.008421984729424
386  0.14393481398322394  1.0084219644723642
387  0.1439346467655097  1.0084219546880624
388  0.14393443979700105  1.0084219425778482
389  0.14393383288142814  1.0084219070657907
390  0.14393413282090783  1.0084219246159551
391  0.14393351944747013  1.0084218887260326
392  0.14393314853985661  1.008421867023356
393  0.1439328168355557  1.0084218476145572
394  0.14393251457198608  1.008421829928405
395  0.14393245146181288  1.00842182623568
396  0.14393193856235453  1.0084217962247266
397  0.14393176151642884  1.008421785865353
398  0.14393149520021464  1.008421770282565
399  0.143931302484272  1.0084217590063023
400  0.14393103935000173  1.0084217436096972
401  0.14393078029799045  1.0084217284519545
402  0.14393036662555836  1.0084217042470078
403  0.14393019089554926  1.0084216939646318
404  0.14392963695507588  1.0084216615522719
405  0.14392948681862594  1.008421652767435
406  0.1439293239952365  1.0084216432402557
407  0.14392912165972016  1.0084216314011287
408  0.14392895973920206  1.0084216219267785
409  0.14392883768296827  1.0084216147849812
410  0.14392874464338457  1.0084216093410163
411  0.14392871034323085  1.0084216073340337
412  0.14392861825130554  1.0084216019455186
413  0.14392855044391561  1.0084215979779487
414  0.1439284920467766  1.0084215945609947
415  0.14392837067538367  1.008421587459269
416  0.14392836909399975  1.0084215873667386
417  0.1439282663672362  1.008421581355954
418  0.1439280995091633  1.0084215715926959
419  0.14392798618948666  1.008421564962095
420  0.1439278095016765  1.0084215546236757
421  0.1439276497451476  1.0084215452759455
422  0.14392753686387016  1.0084215386709965
423  0.14392741256637764  1.0084215313980578
424  0.14392735024417114  1.0084215277514388
425  0.14392731766911715  1.008421525845396
426  0.14392726053503901  1.0084215225023467
427  0.14392721896788374  1.0084215200701547
428  0.14392717375213981  1.008421517424475
429  0.14392710963030686  1.0084215136725558
430  0.14392710853733248  1.0084215136086034
431  0.14392704933535783  1.0084215101445566
432  0.14392697011383604  1.008421505509119
433  0.14392689295455108  1.0084215009943478
434  0.1439268073111052  1.0084214959831483
435  0.14392671649927014  1.0084214906695343
436  0.14392662942813916  1.0084214855747977
437  0.14392653522667065  1.0084214800628484
438  0.14392646992170766  1.0084214762417014
439  0.143926411436487  1.0084214728195933
440  0.1439263557508773  1.0084214695612974
441  0.14392630768541215  1.008421466748874
442  0.14392624291693468  1.008421462959118
443  0.14392611642987518  1.0084214555580628
444  0.14392599634714487  1.00842144853174
445  0.14392592786218605  1.0084214445245236
446  0.1439258467706337  1.0084214397796665
447  0.14392579552397822  1.008421436781104
448  0.14392573068964898  1.008421432987495
449  0.14392568457933608  1.008421430289472
450  0.1439256180308569  1.008421426395564
451  0.14392558896748975  1.0084214246949983
452  0.1439255338293065  1.0084214214687335
453  0.1439254384530979  1.0084214158880471
454  0.1439253353007398  1.00842140985236
455  0.14392525806812795  1.0084214053332983
456  0.14392516960733048  1.0084214001572491
457  0.14392512332633556  1.008421397449239
458  0.14392506768283042  1.0084213941934066
459  0.14392499125985037  1.0084213897217185
460  0.1439249454542202  1.0084213870415233
461  0.14392487874569226  1.0084213831382505
462  0.14392481558726  1.008421379442702
463  0.14392478846728052  1.0084213778558484
464  0.14392476540125054  1.0084213765062007
465  0.143924734025489  1.008421374670331
466  0.14392468719662332  1.008421371930264
467  0.14392464103518077  1.0084213692292494
468  0.14392457753869192  1.0084213655139205
469  0.14392451910238702  1.008421362094675
470  0.1439244578696457  1.0084213585118031
471  0.1439244000744837  1.0084213551300723
472  0.1439243464845511  1.0084213519943992
473  0.14392429865894318  1.0084213491960106
474  0.14392424750761612  1.008421346203026
475  0.14392423210007077  1.0084213453014943
476  0.1439241900460575  1.008421342840815
477  0.14392415569278016  1.008421340830724
478  0.14392411194912746  1.00842133827118
479  0.14392405398417196  1.0084213348795141
480  0.14392406913511657  1.0084213357660317
481  0.14392400724226795  1.0084213321445357
482  0.14392393365305023  1.0084213278386573
483  0.14392388117668664  1.008421324768142
484  0.14392382909952472  1.0084213217209845
485  0.14392378222620072  1.0084213189783162
486  0.14392371951431693  1.0084213153088963
487  0.1439236606277663  1.0084213118633059
488  0.14392361100224227  1.0084213089595997
489  0.14392361371766904  1.0084213091184857
490  0.143923580756816  1.0084213071898687
491  0.14392354242514427  1.0084213049469926
492  0.14392350658222486  1.008421302849739
493  0.14392345042346955  1.008421299563758
494  0.14392341190675528  1.0084212973100546
495  0.14392337106496111  1.008421294920305
496  0.14392333794269263  1.0084212929822431
497  0.14392328780004748  1.0084212900482792
498  0.1439232534947008  1.0084212880409928
499  0.14392320462906127  1.0084212851817491
500  0.1439231549352974  1.0084212822740501
501  0.14392311513814238  1.008421279945425
502  0.14392309329997022  1.0084212786676223
503  0.1439230494604663  1.0084212761024698
504  0.14392302944351332  1.0084212749312307
505  0.14392297869041704  1.0084212719615477
506  0.14392291029393578  1.0084212679595086
507  0.14392283833960762  1.008421263749292
508  0.14392279530223384  1.008421261231074
509  0.1439227485018293  1.0084212584926722
510  0.14392271792467126  1.0084212567035307
511  0.143922680375011  1.0084212545064117
512  0.14392262809568113  1.0084212514474251
513  0.1439225895063997  1.0084212491894755
514  0.14392255530378917  1.0084212471882004
515  0.14392251652559085  1.008421244919197
516  0.14392250246789984  1.0084212440966482
517  0.1439224887047552  1.0084212432913344
518  0.14392247464155095  1.0084212424684633
519  0.14392245400282078  1.0084212412608424
520  0.1439224265607426  1.008421239655142
521  0.1439224160280328  1.0084212390388485
522  0.14392237572811262  1.0084212366808054
523  0.14392236549818793  1.0084212360822282
524  0.14392234976668428  1.008421235161741
525  0.14392232721904208  1.0084212338424254
526  0.14392231482174933  1.0084212331170308
527  0.14392227891299458  1.008421231015925
528  0.14392226659210672  1.0084212302950009
529  0.14392225128724634  1.0084212293994776
530  0.14392224064751125  1.0084212287769216
531  0.14392222168260616  1.0084212276672404
532  0.1439222003863947  1.008421226421149
533  0.14392218136382862  1.0084212253080937
534  0.1439221599799495  1.0084212240568728
535  0.1439221449742556  1.0084212231788543
536  0.14392213320303715  1.0084212224900928
537  0.14392212044358033  1.008421221743507
538  0.14392210592641874  1.0084212208940735
539  0.14392209527137156  1.0084212202706218
540  0.14392207512370725  1.0084212190917345
541  0.14392206546261854  1.0084212185264416
542  0.1439220525548317  1.0084212177711767
543  0.14392205896990062  1.0084212181465373
544  0.143922046643992  1.0084212174253195
545  0.1439220359165898  1.0084212167976339
546  0.14392202977421553  1.0084212164382291
547  0.14392202328832293  1.0084212160587243
548  0.1439220162711402  1.0084212156481325
549  0.14392200754558993  1.00842121513758
550  0.14392199331593647  1.0084212143049693
551  0.14392198568970616  1.0084212138587407
552  0.1439219737969376  1.0084212131628671
553  0.14392196812186508  1.0084212128308052
554  0.14392196246066402  1.0084212124995549
555  0.1439219536867663  1.0084212119861735
556  0.14392198180968474  1.0084212136317114
557  0.14392195138969277  1.0084212118517664
558  0.1439219473801906  1.008421211617161
559  0.14392194469835184  1.0084212114602402
560  0.1439219409920831  1.0084212112433777
561  0.14392193717777146  1.0084212110201936
562  0.14392193514507778  1.0084212109012556
563  0.1439219318048739  1.0084212107058126
564  0.14392192688830963  1.008421210418133
565  0.1439219318546281  1.0084212107087238
566  0.14392192417542748  1.0084212102593957
567  0.14392192003724558  1.008421210017261
568  0.14392191741601135  1.0084212098638865
569  0.14392191500783336  1.0084212097229783
570  0.143921913652319  1.008421209643664
571  0.14392191205242055  1.00842120955005
572  0.14392191119239062  1.0084212094997276
573  0.14392190973868257  1.0084212094146678
574  0.14392190925902293  1.0084212093866018
575  0.14392190697708152  1.00842120925308
576  0.14392190604566713  1.0084212091985807
577  0.14392190478992295  1.0084212091251044
578  0.14392190282263173  1.0084212090099935
579  0.1439219037992886  1.0084212090671398
580  0.1439219016257388  1.0084212089399605
581  0.1439219000256351  1.0084212088463345
582  0.1439218988955464  1.0084212087802102
583  0.14392189735239969  1.0084212086899171
584  0.1439218952693302  1.008421208568032
585  0.14392189294263646  1.0084212084318915
586  0.143921891101227  1.0084212083241464
587  0.14392188893540792  1.0084212081974193
588  0.143921887175801  1.0084212080944606
589  0.14392188465369438  1.0084212079468862
590  0.14392188167078346  1.0084212077723491
591  0.14392187925032096  1.0084212076307222
592  0.1439218781225371  1.0084212075647327
593  0.14392187587572236  1.0084212074332664
594  0.14392187335863327  1.0084212072859855
595  0.1439218706315465  1.0084212071264174
596  0.14392186782373573  1.0084212069621257
597  0.14392186395442896  1.0084212067357234
598  0.14392186233434234  1.0084212066409284
599  0.1439218590214394  1.0084212064470826
600  0.14392185718610773  1.0084212063396931
601  0.14392185567002058  1.0084212062509832
602  0.143921853738886  1.008421206137988
603  0.14392185038189353  1.0084212059415625
604  0.1439218473257884  1.0084212057627426
605  0.14392184265295838  1.0084212054893242
606  0.14392185527337653  1.0084212062277746
607  0.14392184050098467  1.0084212053634072
608  0.143921836771426  1.008421205145182
609  0.14392183352211163  1.008421204955057
610  0.14392182953906885  1.0084212047219998
611  0.14392182667893494  1.0084212045546466
612  0.14392182254507913  1.008421204312765
613  0.14392181906183976  1.0084212041089526
614  0.14392181636934687  1.0084212039514084
615  0.14392181662570824  1.0084212039664089
616  0.14392181449748043  1.0084212038418812
617  0.14392181177753405  1.0084212036827307
618  0.14392180953424416  1.0084212035514706
619  0.14392180495779427  1.0084212032836917
620  0.143921800493658  1.0084212030224844
621  0.1439217963442314  1.0084212027796917
622  0.1439217911759143  1.0084212024772814
623  0.1439217877754677  1.0084212022783132
624  0.14392178398711342  1.0084212020566479
625  0.14392178011491885  1.0084212018300767
626  0.14392177734734035  1.008421201668139
627  0.14392177432978082  1.0084212014915745
628  0.143921771991528  1.008421201354758
629  0.14392176932045198  1.008421201198467
630  0.14392176828458791  1.0084212011378562
631  0.143921764777326  1.0084212009326379
632  0.14392176153097092  1.008421200742686
633  0.14392175882348412  1.0084212005842648
634  0.1439217566741664  1.0084212004585031
635  0.14392175342340585  1.0084212002682933
636  0.14392175022488685  1.0084212000811406
637  0.14392175036873733  1.0084212000895574
638  0.1439217474038399  1.0084211999160744
639  0.1439217438177205  1.0084211997062422
640  0.14392174171807637  1.0084211995833872
641  0.14392173930543872  1.0084211994422179
642  0.14392174106506772  1.008421199545178
643  0.1439217382901824  1.0084211993828127
644  0.14392173714270007  1.008421199315671
645  0.14392173544002995  1.008421199216044
646  0.14392173434539646  1.0084211991519942
647  0.14392173189896573  1.0084211990088479
648  0.14392173143388043  1.0084211989816345
649  0.14392172924528257  1.0084211988535745
650  0.14392172838659467  1.0084211988033307
651  0.14392172724956243  1.0084211987368001
652  0.14392172618381716  1.008421198674441
653  0.1439217248785345  1.0084211985980658
654  0.14392172399685932  1.0084211985464768
655  0.14392172300394557  1.008421198488379
656  0.14392172240199674  1.008421198453158
657  0.14392172142889303  1.008421198396219
658  0.1439217200855828  1.008421198317619
659  0.14392171941452725  1.008421198278354
660  0.14392171773470963  1.0084211981800637
661  0.14392171757070615  1.0084211981704676
662  0.1439217164401233  1.0084211981043145
663  0.14392171449557511  1.0084211979905344
664  0.14392171335476311  1.008421197923783
665  0.14392171187510427  1.0084211978372046
666  0.14392171143432875  1.0084211978114137
667  0.14392171001624066  1.008421197728438
668  0.1439217090860374  1.0084211976740096
669  0.14392170804621363  1.0084211976131672
670  0.1439217072849297  1.0084211975686226
671  0.14392170620485434  1.0084211975054247
672  0.14392170502110302  1.0084211974361608
673  0.1439217033648985  1.0084211973392525
674  0.1439217006060417  1.0084211971778252
675  0.14392170404309323  1.0084211973789352
676  0.14392169912864017  1.008421197091379
677  0.1439216965662945  1.00842119694145
678  0.14392169430828128  1.0084211968093284
679  0.1439216921408415  1.0084211966825065
680  0.1439216900578093  1.0084211965606233
681  0.14392168800427552  1.0084211964404661
682  0.1439216857645702  1.0084211963094158
683  0.14392168546746742  1.0084211962920315
684  0.14392168402692074  1.0084211962077418
685  0.14392168293381347  1.0084211961437817
686  0.1439216817854374  1.0084211960765872
687  0.14392168036210062  1.0084211959933047
688  0.1439216775844555  1.008421195830778
689  0.14392167395059785  1.0084211956181524
690  0.14392167202193706  1.008421195505302
691  0.14392167018867275  1.0084211953980333
692  0.14392166838182852  1.0084211952923108
693  0.14392166546990548  1.008421195121927
694  0.1439216630801161  1.0084211949820951
695  0.14392166138274343  1.0084211948827777
696  0.14392165873863572  1.0084211947280646
697  0.14392165955428593  1.0084211947757904
698  0.14392165774445165  1.0084211946698929
699  0.14392165642817667  1.0084211945928743
700  0.14392165546269442  1.0084211945363817
701  0.143921654535631  1.008421194482137
702  0.14392165259094014  1.0084211943683485
703  0.14392165276703694  1.0084211943786525
704  0.14392165167898696  1.0084211943149881
705  0.14392165028266257  1.008421194233286
706  0.14392164925499285  1.0084211941731545
707  0.14392164833936216  1.0084211941195789
708  0.14392164776169858  1.0084211940857783
709  0.14392164704770694  1.008421194044001
710  0.14392164654254702  1.008421194014443
711  0.1439216459124063  1.008421193977572
712  0.1439216450795483  1.0084211939288394
713  0.14392164464009327  1.008421193903126
714  0.1439216440344162  1.0084211938676864
715  0.14392164377950223  1.0084211938527707
716  0.14392164341560443  1.0084211938314782
717  0.1439216428076533  1.0084211937959056
718  0.14392164213271152  1.008421193756413
719  0.14392164151354658  1.0084211937201844
720  0.14392164045793898  1.0084211936584182
721  0.14392164000624008  1.0084211936319882
722  0.14392163927160062  1.0084211935890026
723  0.1439216386550234  1.0084211935529253
724  0.14392163824245163  1.008421193528785
725  0.14392163746981068  1.0084211934835756
726  0.14392163747089148  1.0084211934836391
727  0.14392163706194916  1.008421193459711
728  0.14392163672684677  1.0084211934401033
729  0.14392163649816003  1.0084211934267222
730  0.14392163611499686  1.0084211934043024
731  0.1439216355740507  1.0084211933726503
732  0.1439216349914898  1.0084211933385634
733  0.14392163442656103  1.008421193305508
734  0.14392163398949287  1.0084211932799343
735  0.14392163360744414  1.0084211932575797
736  0.143921633177295  1.0084211932324108
737  0.1439216327388656  1.008421193206757
738  0.14392163226503885  1.0084211931790323
739  0.143921631863543  1.0084211931555398
740  0.1439216315279167  1.0084211931359015
741  0.14392163116643852  1.0084211931147506
742  0.1439216308125143  1.0084211930940417
743  0.14392163038102557  1.0084211930687943
744  0.1439216300097388  1.0084211930470695
745  0.14392162899272976  1.0084211929875617
746  0.1439216288535552  1.0084211929794185
